# Label from mne_analyze
1617
97653 -12.07 17.79 -71.74 0
97654 -13.15 16.68 -72.06 0
97672 -12.30 18.74 -71.91 0
97673 -12.62 18.17 -71.99 0
97716 -23.46 14.96 -74.77 0
97724 -24.33 15.26 -74.88 0
97732 -24.72 15.77 -74.95 0
97733 -25.18 15.11 -74.94 0
97734 -26.15 14.91 -75.01 0
97744 -26.94 14.77 -75.05 0
97745 -27.70 14.64 -75.09 0
97754 -28.50 14.50 -75.10 0
98854 -10.53 19.13 -71.23 0
98855 -11.07 17.68 -71.34 0
98856 -13.63 18.19 -72.36 0
98857 -14.48 17.69 -72.62 0
98879 -10.28 20.61 -71.24 0
98880 -10.67 20.32 -71.38 0
98881 -11.59 19.52 -71.69 0
98882 -12.97 19.44 -72.21 0
98883 -13.94 18.94 -72.54 0
98896 -10.42 21.10 -71.34 0
98897 -11.05 21.41 -71.62 0
98898 -12.10 21.61 -72.04 0
98899 -12.88 21.16 -72.31 0
98911 -11.40 22.45 -71.84 0
98912 -11.75 22.88 -72.01 0
98913 -21.31 14.74 -74.35 0
98929 -22.32 15.73 -74.69 0
98930 -22.17 15.25 -74.60 0
98942 -22.75 15.72 -74.74 0
98943 -22.88 14.96 -74.70 0
98951 -23.56 16.07 -74.86 0
98960 -24.31 16.37 -74.95 0
98961 -25.03 16.32 -75.01 0
98962 -25.79 15.96 -75.05 0
98973 -26.52 15.78 -75.09 0
98974 -27.23 15.64 -75.13 0
98984 -27.96 15.54 -75.16 0
98985 -28.91 15.51 -75.20 0
100066 -9.13 20.07 -70.74 0
100067 -9.73 19.43 -70.93 0
100068 -15.11 18.47 -72.92 0
100069 -15.59 17.70 -73.01 0
100070 -16.49 16.45 -73.17 0
100071 -17.44 16.25 -73.43 0
100072 -18.32 15.60 -73.61 0
100088 -9.82 20.91 -71.09 0
100089 -10.20 20.09 -71.17 0
100090 -13.97 20.00 -72.63 0
100091 -14.72 19.34 -72.85 0
100092 -19.16 15.80 -73.89 0
100093 -19.86 15.32 -74.04 0
100108 -10.30 22.20 -71.38 0
100109 -10.89 22.64 -71.65 0
100110 -12.88 22.22 -72.39 0
100111 -13.59 21.32 -72.59 0
100112 -20.62 15.47 -74.27 0
100128 -10.52 23.39 -71.57 0
100129 -11.21 23.68 -71.87 0
100130 -12.28 23.73 -72.29 0
100131 -21.60 16.36 -74.62 0
100132 -21.38 15.97 -74.53 0
100151 -10.32 24.88 -71.62 0
100152 -11.36 25.75 -72.10 0
100153 -12.28 25.18 -72.41 0
100154 -22.04 16.21 -74.68 0
100155 -21.87 15.81 -74.61 0
100173 -22.81 16.83 -74.84 0
100187 -23.92 17.93 -75.01 0
100188 -23.65 17.23 -74.95 0
100199 -24.16 18.11 -75.03 0
100200 -24.51 17.49 -75.03 0
100201 -25.64 17.15 -75.10 0
100202 -26.19 16.45 -75.11 0
100212 -26.10 17.57 -75.17 0
100213 -26.77 16.89 -75.17 0
100214 -27.48 16.20 -75.18 0
100224 -27.30 17.34 -75.23 0
100225 -27.92 16.71 -75.24 0
100226 -28.87 16.71 -75.32 0
101282 -8.62 20.36 -70.56 0
101297 -9.05 21.35 -70.82 0
101298 -15.69 19.12 -73.17 0
101299 -16.49 18.15 -73.35 0
101300 -17.30 17.43 -73.53 0
101301 -18.06 16.90 -73.70 0
101302 -18.77 16.65 -73.88 0
101315 -9.51 22.37 -71.08 0
101316 -14.63 20.93 -72.94 0
101317 -15.30 20.20 -73.12 0
101318 -19.68 16.53 -74.14 0
101319 -20.16 15.94 -74.21 0
101327 -9.90 23.51 -71.33 0
101328 -13.57 23.22 -72.72 0
101329 -14.28 22.20 -72.90 0
101330 -20.10 16.86 -74.32 0
101331 -20.48 16.42 -74.36 0
101344 -13.13 25.26 -72.73 0
101345 -21.37 16.90 -74.62 0
101346 -20.97 16.58 -74.51 0
101365 -12.37 25.94 -72.51 0
101366 -22.07 17.28 -74.77 0
101384 -22.70 18.27 -74.92 0
101385 -22.55 17.64 -74.87 0
101396 -23.35 18.24 -74.98 0
101397 -23.02 17.65 -74.92 0
101404 -23.85 18.51 -75.03 0
101405 -24.33 18.48 -75.07 0
101406 -24.99 18.26 -75.11 0
101416 -25.68 18.17 -75.17 0
101417 -26.29 18.06 -75.20 0
101425 -26.93 17.95 -75.24 0
101426 -27.59 17.80 -75.27 0
101427 -28.41 17.67 -75.32 0
101428 -28.97 17.25 -75.36 0
101432 -28.69 18.16 -75.33 0
101433 -29.19 17.68 -75.39 0
102500 -8.48 21.64 -70.61 0
102502 -16.05 20.46 -73.41 0
102503 -16.63 19.48 -73.52 0
102504 -17.30 18.68 -73.66 0
102505 -18.10 18.11 -73.85 0
102506 -18.46 17.34 -73.88 0
102520 -8.75 22.73 -70.81 0
102521 -8.34 22.37 -70.62 0
102522 -15.14 22.29 -73.21 0
102523 -15.45 21.13 -73.24 0
102524 -18.56 18.42 -74.03 0
102525 -18.95 17.71 -74.06 0
102533 -9.28 23.47 -71.08 0
102534 -14.31 24.57 -73.08 0
102535 -14.49 23.21 -73.04 0
102536 -19.97 17.52 -74.34 0
102537 -20.29 16.96 -74.38 0
102547 -14.03 25.93 -73.10 0
102548 -20.75 17.81 -74.56 0
102549 -20.64 17.03 -74.47 0
102564 -21.66 18.83 -74.80 0
102565 -21.49 17.95 -74.72 0
102579 -9.98 29.66 -71.90 0
102580 -9.95 28.99 -71.82 0
102581 -22.26 18.82 -74.89 0
102582 -22.13 18.14 -74.84 0
102590 -10.30 29.77 -72.04 0
102591 -11.15 28.66 -72.30 0
102592 -11.91 29.80 -72.74 0
102593 -22.82 19.10 -74.96 0
102594 -23.25 19.53 -75.02 0
102602 -10.70 30.41 -72.26 0
102603 -11.47 30.59 -72.60 0
102604 -11.86 30.34 -72.78 0
102605 -23.43 18.94 -75.01 0
102606 -23.85 19.28 -75.06 0
102607 -24.54 19.18 -75.12 0
102616 -25.20 19.03 -75.17 0
102617 -25.82 18.91 -75.21 0
102618 -31.28 18.62 -74.70 0
102619 -30.80 18.48 -74.94 0
102621 -26.44 18.83 -75.24 0
102622 -27.15 18.75 -75.27 0
102623 -27.81 18.39 -75.29 0
102627 -27.62 19.01 -75.28 0
102628 -28.23 18.70 -75.29 0
102629 -28.91 18.57 -75.31 0
102630 -29.64 18.16 -75.37 0
103641 -16.41 21.00 -73.57 0
103642 -16.80 20.54 -73.67 0
103643 -17.49 19.88 -73.83 0
103644 -17.82 19.00 -73.86 0
103658 -8.49 23.42 -70.76 0
103659 -8.11 23.11 -70.58 0
103660 -15.85 23.05 -73.50 0
103661 -16.14 21.74 -73.52 0
103662 -16.69 21.24 -73.68 0
103663 -17.97 20.18 -74.01 0
103664 -18.43 19.35 -74.07 0
103665 -18.80 18.51 -74.11 0
103675 -8.76 24.05 -70.91 0
103676 -8.36 23.77 -70.73 0
103677 -15.15 24.90 -73.39 0
103678 -15.15 23.72 -73.31 0
103679 -19.44 19.67 -74.36 0
103680 -19.28 18.57 -74.24 0
103693 -14.67 25.68 -73.29 0
103694 -20.40 19.72 -74.59 0
103695 -20.13 18.67 -74.47 0
103710 -21.18 19.57 -74.74 0
103711 -20.93 18.76 -74.66 0
103722 -9.92 30.13 -71.91 0
103723 -9.78 29.74 -71.82 0
103724 -12.62 28.85 -72.90 0
103725 -21.95 19.74 -74.87 0
103733 -9.97 31.41 -72.02 0
103734 -10.11 30.79 -72.04 0
103735 -12.35 30.68 -72.99 0
103736 -12.35 30.15 -72.94 0
103737 -22.71 20.10 -74.98 0
103738 -23.39 20.18 -75.06 0
103746 -12.07 30.71 -72.88 0
103747 -12.04 30.25 -72.84 0
103748 -24.08 20.07 -75.12 0
103749 -24.77 19.91 -75.18 0
103755 -25.39 19.71 -75.22 0
103756 -25.91 19.64 -75.25 0
103757 -31.32 19.50 -74.52 0
103758 -30.64 19.46 -74.79 0
103759 -30.35 18.93 -75.01 0
103760 -26.51 19.66 -75.26 0
103761 -27.16 19.63 -75.27 0
103762 -29.91 19.57 -75.00 0
103763 -29.97 18.81 -75.16 0
103764 -27.74 19.58 -75.26 0
103765 -28.40 19.49 -75.24 0
103766 -29.29 19.26 -75.19 0
103767 -29.76 18.60 -75.26 0
104726 -17.10 21.08 -73.81 0
104727 -17.28 20.65 -73.84 0
104739 -7.42 23.67 -70.31 0
104740 -16.19 23.46 -73.65 0
104741 -16.54 22.86 -73.73 0
104742 -17.00 21.84 -73.82 0
104743 -17.76 21.10 -74.01 0
104744 -18.20 20.36 -74.09 0
104753 -8.87 25.72 -71.08 0
104754 -8.08 24.48 -70.65 0
104755 -15.65 25.27 -73.58 0
104756 -15.93 24.22 -73.60 0
104757 -16.46 23.68 -73.75 0
104758 -18.27 21.56 -74.19 0
104759 -18.68 20.82 -74.24 0
104773 -9.18 28.64 -71.44 0
104774 -19.77 20.87 -74.50 0
104788 -9.44 29.73 -71.66 0
104789 -20.95 20.77 -74.74 0
104790 -33.38 23.57 -73.02 0
104802 -9.74 30.59 -71.87 0
104803 -9.64 30.20 -71.79 0
104804 -13.33 29.50 -73.21 0
104805 -22.00 20.98 -74.92 0
104807 -32.82 22.57 -73.40 0
104811 -9.74 31.04 -71.89 0
104812 -12.70 30.81 -73.09 0
104813 -12.85 29.93 -73.09 0
104814 -22.83 21.04 -75.03 0
104815 -23.58 20.98 -75.11 0
104817 -32.29 21.45 -73.79 0
104818 -32.42 22.14 -73.62 0
104823 -12.32 31.04 -72.98 0
104824 -24.31 20.83 -75.18 0
104825 -25.10 20.62 -75.23 0
104826 -25.34 20.85 -75.25 0
104828 -31.75 20.72 -74.12 0
104829 -31.02 21.37 -74.28 0
104832 -25.54 20.13 -75.25 0
104833 -25.76 20.55 -75.26 0
104834 -31.44 20.10 -74.36 0
104835 -30.81 20.64 -74.49 0
104836 -26.64 20.56 -75.25 0
104837 -27.28 20.19 -75.25 0
104838 -29.98 20.50 -74.79 0
104839 -27.14 20.77 -75.23 0
104840 -27.71 20.43 -75.21 0
104841 -28.46 20.42 -75.13 0
104842 -29.25 20.44 -74.99 0
105816 -6.79 25.61 -70.14 0
105818 -16.88 23.46 -73.88 0
105819 -17.25 22.74 -73.95 0
105820 -17.53 22.07 -74.00 0
105828 -7.71 26.13 -70.60 0
105829 -7.34 24.84 -70.35 0
105830 -15.75 25.98 -73.66 0
105831 -16.20 25.27 -73.76 0
105832 -16.76 24.37 -73.89 0
105833 -17.42 23.63 -74.06 0
105834 -18.14 22.58 -74.20 0
105835 -18.53 21.71 -74.27 0
105850 -8.49 28.99 -71.16 0
105851 -8.57 27.42 -71.07 0
105852 -14.62 27.02 -73.39 0
105853 -15.38 26.55 -73.59 0
105854 -19.20 23.03 -74.50 0
105855 -19.06 21.89 -74.40 0
105856 -32.18 26.44 -73.18 0
105857 -32.71 26.12 -72.98 0
105870 -8.75 31.08 -71.44 0
105871 -8.81 30.01 -71.39 0
105872 -19.75 23.15 -74.63 0
105873 -20.08 22.32 -74.65 0
105874 -31.87 26.47 -73.29 0
105875 -32.07 25.78 -73.29 0
105876 -32.94 25.02 -73.01 0
105888 -9.32 30.81 -71.69 0
105889 -13.76 29.97 -73.37 0
105890 -21.27 22.12 -74.85 0
105891 -31.73 25.36 -73.46 0
105892 -32.16 24.37 -73.41 0
105897 -13.21 30.91 -73.25 0
105898 -13.27 30.36 -73.25 0
105899 -22.23 22.03 -74.99 0
105900 -23.05 21.94 -75.09 0
105901 -31.74 21.99 -73.91 0
105902 -31.76 22.87 -73.76 0
105907 -11.47 33.23 -72.74 0
105908 -10.49 32.21 -72.28 0
105909 -23.82 21.79 -75.17 0
105910 -24.54 21.55 -75.22 0
105911 -25.17 21.38 -75.25 0
105912 -31.74 21.56 -73.98 0
105913 -31.16 22.11 -74.10 0
105914 -12.10 33.15 -72.96 0
105915 -12.20 31.96 -72.94 0
105916 -25.85 21.52 -75.24 0
105917 -30.37 22.02 -74.39 0
105918 -29.86 22.54 -74.47 0
105919 -12.36 33.17 -73.05 0
105920 -12.33 32.83 -73.03 0
105921 -26.74 21.58 -75.20 0
105922 -27.00 22.06 -75.15 0
105923 -29.96 21.43 -74.63 0
105924 -29.74 22.16 -74.57 0
105925 -27.30 21.07 -75.20 0
105926 -27.60 21.49 -75.13 0
105927 -28.52 21.42 -74.99 0
105928 -29.31 21.46 -74.81 0
105929 -29.57 21.84 -74.68 0
106895 -7.13 28.39 -70.48 0
106896 -6.79 27.23 -70.24 0
106897 -15.78 26.59 -73.72 0
106898 -16.26 26.25 -73.85 0
106899 -16.84 25.49 -73.98 0
106900 -17.57 24.80 -74.17 0
106901 -17.90 23.82 -74.21 0
106902 -32.29 27.25 -73.02 0
106916 -7.78 28.88 -70.82 0
106917 -7.59 27.62 -70.64 0
106918 -15.11 27.83 -73.60 0
106919 -15.50 27.20 -73.68 0
106920 -15.98 26.90 -73.80 0
106921 -18.06 25.08 -74.33 0
106922 -18.48 24.25 -74.39 0
106923 -31.41 27.28 -73.37 0
106924 -31.87 27.03 -73.23 0
106925 -32.37 26.76 -73.05 0
106938 -8.38 30.81 -71.25 0
106939 -8.16 29.97 -71.08 0
106940 -14.59 28.36 -73.49 0
106941 -19.70 23.98 -74.65 0
106942 -20.04 23.24 -74.70 0
106943 -31.18 27.28 -73.46 0
106944 -31.38 26.62 -73.45 0
106945 -31.61 25.87 -73.45 0
106955 -14.18 30.19 -73.50 0
106956 -14.23 29.39 -73.47 0
106957 -20.32 24.19 -74.79 0
106958 -20.64 23.47 -74.81 0
106959 -30.85 26.44 -73.65 0
106960 -31.25 25.72 -73.59 0
106961 -31.54 25.05 -73.56 0
106966 -13.80 30.99 -73.41 0
106967 -21.69 23.12 -74.96 0
106968 -22.52 22.94 -75.06 0
106969 -30.46 26.54 -73.75 0
106970 -30.60 25.96 -73.77 0
106971 -31.03 24.74 -73.76 0
106975 -11.36 34.18 -72.75 0
106976 -10.86 33.86 -72.55 0
106977 -23.30 22.79 -75.14 0
106978 -24.15 22.63 -75.21 0
106979 -24.70 22.02 -75.24 0
106980 -30.44 23.68 -74.09 0
106981 -29.89 23.80 -74.25 0
106982 -11.87 34.00 -72.91 0
106983 -13.54 32.54 -73.34 0
106984 -24.41 23.07 -75.23 0
106985 -24.95 22.50 -75.24 0
106986 -30.46 22.74 -74.23 0
106987 -29.88 23.17 -74.35 0
106988 -12.39 33.67 -73.07 0
106989 -12.65 33.02 -73.12 0
106990 -25.81 22.54 -75.21 0
106991 -26.52 22.60 -75.16 0
106992 -29.44 22.82 -74.55 0
106993 -27.14 22.55 -75.09 0
106994 -27.88 22.38 -74.99 0
106995 -28.63 22.32 -74.84 0
106996 -29.24 22.29 -74.70 0
107922 -6.50 28.71 -70.19 0
107924 -16.34 26.97 -73.92 0
107925 -16.94 26.51 -74.07 0
107926 -17.30 25.71 -74.14 0
107927 -31.93 27.74 -73.10 0
107928 -32.47 27.74 -72.86 0
107940 -7.03 29.51 -70.50 0
107941 -15.17 28.48 -73.66 0
107942 -15.64 28.05 -73.77 0
107943 -16.01 27.42 -73.85 0
107944 -17.33 26.79 -74.21 0
107945 -17.85 26.03 -74.31 0
107946 -18.33 25.21 -74.40 0
107947 -31.15 27.74 -73.41 0
107948 -31.50 27.71 -73.29 0
107961 -7.97 30.88 -71.06 0
107962 -7.55 30.24 -70.81 0
107963 -14.86 30.12 -73.67 0
107964 -14.99 29.33 -73.67 0
107965 -15.48 28.77 -73.77 0
107966 -18.43 26.34 -74.47 0
107967 -18.93 25.47 -74.55 0
107968 -30.77 27.48 -73.56 0
107969 -30.87 26.87 -73.60 0
107978 -14.63 31.02 -73.63 0
107979 -14.54 30.62 -73.60 0
107980 -14.56 29.94 -73.59 0
107981 -20.27 24.99 -74.80 0
107982 -20.65 24.28 -74.85 0
107983 -30.13 27.51 -73.75 0
107984 -30.50 26.94 -73.70 0
107989 -14.37 31.14 -73.57 0
107990 -20.88 25.18 -74.90 0
107991 -21.39 24.44 -74.95 0
107992 -22.08 23.65 -75.03 0
107993 -29.72 27.56 -73.86 0
107994 -29.88 26.80 -73.89 0
107995 -30.15 25.53 -73.94 0
107996 -30.32 24.71 -73.99 0
108000 -11.01 34.78 -72.65 0
108001 -10.62 34.63 -72.50 0
108002 -10.28 34.09 -72.32 0
108003 -22.04 24.74 -75.04 0
108004 -22.73 24.05 -75.10 0
108005 -23.53 23.35 -75.17 0
108006 -29.34 26.75 -74.05 0
108007 -29.45 26.11 -74.08 0
108008 -29.65 24.89 -74.17 0
108009 -29.84 24.14 -74.21 0
108010 -11.97 35.46 -72.98 0
108011 -11.59 35.00 -72.85 0
108012 -13.54 33.51 -73.35 0
108013 -13.96 33.57 -73.44 0
108014 -23.26 24.49 -75.15 0
108015 -23.96 23.88 -75.19 0
108016 -24.57 23.26 -75.22 0
108017 -29.18 24.80 -74.32 0
108018 -29.39 24.20 -74.34 0
108019 -12.23 35.48 -73.06 0
108020 -12.32 34.78 -73.06 0
108021 -13.07 33.91 -73.24 0
108022 -13.60 33.98 -73.36 0
108023 -24.47 24.31 -75.19 0
108024 -24.99 23.55 -75.20 0
108025 -25.83 23.43 -75.16 0
108026 -29.17 23.60 -74.50 0
108027 -26.55 23.44 -75.09 0
108028 -27.31 23.32 -74.98 0
108029 -28.05 23.18 -74.85 0
108030 -28.76 23.15 -74.69 0
108916 -16.30 27.42 -73.93 0
108917 -16.57 27.28 -74.01 0
108918 -31.15 28.61 -73.29 0
108919 -31.43 28.37 -73.21 0
108920 -32.05 28.38 -72.95 0
108921 -32.64 28.41 -72.66 0
108933 -6.36 29.92 -70.20 0
108934 -15.87 28.58 -73.86 0
108935 -16.28 27.95 -73.95 0
108936 -17.00 27.51 -74.14 0
108937 -17.56 27.06 -74.28 0
108938 -30.37 29.15 -73.48 0
108939 -30.80 28.63 -73.40 0
108940 -31.22 28.11 -73.33 0
108954 -7.55 31.28 -70.88 0
108955 -6.87 30.88 -70.51 0
108956 -14.92 30.49 -73.70 0
108957 -15.28 30.18 -73.77 0
108958 -15.74 29.33 -73.86 0
108959 -17.50 27.72 -74.30 0
108960 -18.14 27.24 -74.44 0
108961 -18.81 26.59 -74.57 0
108962 -30.06 29.10 -73.58 0
108963 -30.16 28.26 -73.66 0
108973 -8.54 33.41 -71.51 0
108974 -8.25 32.10 -71.27 0
108975 -14.61 31.32 -73.63 0
108976 -14.98 30.97 -73.71 0
108977 -15.52 30.77 -73.84 0
108978 -18.97 27.55 -74.62 0
108979 -19.62 26.34 -74.71 0
108980 -29.46 28.80 -73.80 0
108981 -29.73 28.01 -73.82 0
108986 -9.30 34.64 -71.94 0
108987 -8.98 33.99 -71.75 0
108988 -20.03 27.47 -74.78 0
108989 -20.69 25.96 -74.88 0
108990 -21.17 25.28 -74.95 0
108991 -28.99 28.79 -73.95 0
108992 -29.14 27.92 -73.99 0
108993 -29.27 27.11 -74.03 0
108996 -10.68 35.22 -72.55 0
108997 -10.29 35.21 -72.39 0
108998 -9.77 34.89 -72.16 0
108999 -14.41 33.62 -73.54 0
109000 -14.44 33.00 -73.55 0
109001 -20.67 28.14 -74.85 0
109002 -21.12 26.91 -74.92 0
109003 -21.71 25.52 -75.00 0
109004 -22.33 24.90 -75.07 0
109005 -28.61 27.80 -74.15 0
109006 -28.73 26.99 -74.19 0
109007 -28.96 25.72 -74.27 0
109008 -29.09 25.10 -74.30 0
109009 -11.61 36.03 -72.87 0
109010 -10.99 35.75 -72.67 0
109011 -10.52 35.72 -72.50 0
109012 -13.93 34.27 -73.43 0
109013 -14.25 34.01 -73.50 0
109014 -20.81 29.78 -74.80 0
109015 -20.98 28.92 -74.85 0
109016 -21.52 27.76 -74.94 0
109017 -22.11 26.57 -75.02 0
109018 -22.84 25.26 -75.10 0
109019 -23.52 24.74 -75.16 0
109020 -28.13 26.88 -74.36 0
109021 -28.28 26.24 -74.40 0
109022 -28.59 24.99 -74.46 0
109023 -28.94 24.21 -74.47 0
109024 -12.11 36.01 -73.02 0
109025 -12.51 35.63 -73.12 0
109026 -12.98 35.07 -73.23 0
109027 -13.51 34.61 -73.34 0
109028 -20.88 31.01 -74.70 0
109029 -20.97 30.35 -74.76 0
109030 -21.41 29.48 -74.84 0
109031 -21.85 28.52 -74.92 0
109032 -22.37 27.48 -75.00 0
109033 -23.08 26.44 -75.08 0
109034 -24.01 25.28 -75.15 0
109035 -24.92 24.47 -75.17 0
109036 -25.38 23.98 -75.17 0
109037 -28.01 24.50 -74.68 0
109038 -28.61 24.04 -74.59 0
109039 -21.10 31.16 -74.70 0
109040 -21.31 30.74 -74.75 0
109041 -21.67 30.07 -74.81 0
109042 -22.17 29.21 -74.89 0
109043 -22.67 28.20 -74.97 0
109044 -23.03 27.33 -75.04 0
109045 -24.50 25.73 -75.13 0
109046 -24.92 25.23 -75.13 0
109047 -25.75 24.46 -75.11 0
109048 -26.72 24.26 -74.99 0
109049 -27.53 24.11 -74.85 0
109050 -28.19 23.80 -74.74 0
109953 -31.21 28.83 -73.23 0
109954 -31.61 28.99 -73.04 0
109955 -32.18 29.07 -72.76 0
109956 -32.77 29.12 -72.46 0
109966 -5.99 31.01 -70.08 0
109968 -16.19 28.76 -73.96 0
109969 -16.66 28.49 -74.09 0
109970 -17.16 28.25 -74.22 0
109971 -30.26 29.73 -73.43 0
109972 -31.04 29.58 -73.16 0
109973 -31.70 29.75 -72.85 0
109974 -32.32 29.81 -72.55 0
109975 -32.91 29.80 -72.24 0
109988 -7.15 32.28 -70.75 0
109989 -6.48 31.90 -70.38 0
109990 -15.94 30.21 -73.93 0
109991 -16.38 29.39 -74.03 0
109992 -16.99 29.00 -74.19 0
109993 -17.67 28.51 -74.37 0
109994 -18.33 28.13 -74.51 0
109995 -28.69 30.79 -73.82 0
109996 -29.30 30.06 -73.71 0
110007 -7.97 33.74 -71.26 0
110008 -7.53 33.20 -71.01 0
110009 -14.81 31.71 -73.67 0
110010 -15.51 31.54 -73.83 0
110011 -15.88 30.92 -73.92 0
110012 -18.21 28.87 -74.51 0
110013 -18.68 28.46 -74.59 0
110014 -28.48 30.38 -73.93 0
110015 -28.84 29.47 -73.92 0
110021 -8.89 34.92 -71.77 0
110022 -8.39 34.60 -71.52 0
110023 -14.87 33.00 -73.65 0
110024 -15.05 32.44 -73.70 0
110025 -15.59 32.16 -73.83 0
110026 -18.66 29.22 -74.60 0
110027 -19.24 28.56 -74.68 0
110028 -28.27 29.82 -74.05 0
110029 -28.50 28.97 -74.07 0
110030 -28.46 28.30 -74.14 0
110033 -10.06 36.50 -72.34 0
110034 -9.91 36.03 -72.26 0
110035 -9.24 35.62 -71.96 0
110036 -14.56 33.99 -73.56 0
110037 -14.84 33.49 -73.63 0
110038 -19.01 30.45 -74.62 0
110039 -19.14 29.83 -74.65 0
110040 -19.95 28.79 -74.76 0
110041 -27.83 29.65 -74.19 0
110042 -27.94 28.84 -74.23 0
110043 -28.08 27.98 -74.27 0
110044 -27.99 27.34 -74.36 0
110045 -11.21 37.39 -72.76 0
110046 -11.15 36.93 -72.73 0
110047 -10.40 36.51 -72.47 0
110048 -10.27 35.87 -72.41 0
110049 -13.92 34.87 -73.42 0
110050 -14.37 34.54 -73.51 0
110051 -18.99 31.55 -74.53 0
110052 -19.20 30.91 -74.60 0
110053 -20.16 29.82 -74.74 0
110054 -20.44 28.93 -74.81 0
110055 -27.39 29.41 -74.32 0
110056 -27.38 28.72 -74.39 0
110057 -27.44 27.88 -74.45 0
110058 -27.54 26.95 -74.52 0
110059 -27.70 25.92 -74.59 0
110060 -27.74 25.19 -74.66 0
110061 -11.40 37.42 -72.81 0
110062 -11.91 37.00 -72.96 0
110063 -12.46 36.45 -73.11 0
110064 -12.94 35.98 -73.22 0
110065 -13.55 35.51 -73.34 0
110066 -18.80 32.95 -74.37 0
110067 -19.11 32.12 -74.48 0
110068 -20.21 31.08 -74.65 0
110069 -20.54 30.26 -74.75 0
110070 -23.50 26.83 -75.08 0
110071 -23.69 26.26 -75.11 0
110072 -27.09 26.47 -74.68 0
110073 -26.98 25.68 -74.79 0
110074 -27.45 24.87 -74.78 0
110075 -12.38 36.95 -73.09 0
110076 -12.57 36.81 -73.14 0
110077 -18.79 34.57 -74.21 0
110078 -19.12 33.49 -74.35 0
110079 -20.00 32.47 -74.51 0
110080 -20.82 31.67 -74.64 0
110081 -21.41 31.22 -74.70 0
110082 -21.83 30.63 -74.77 0
110083 -22.35 29.97 -74.83 0
110084 -23.07 29.01 -74.91 0
110085 -23.53 27.66 -75.02 0
110086 -24.17 26.47 -75.10 0
110087 -24.88 25.93 -75.11 0
110088 -25.46 25.48 -75.09 0
110089 -26.21 25.34 -74.99 0
110090 -26.98 24.85 -74.88 0
110091 -18.89 35.11 -74.17 0
110092 -19.33 34.58 -74.26 0
110093 -20.00 33.66 -74.40 0
110094 -20.76 32.75 -74.53 0
110095 -21.43 31.94 -74.63 0
110096 -21.98 31.18 -74.72 0
110097 -22.29 30.58 -74.78 0
110098 -23.64 29.00 -74.91 0
110099 -23.88 28.35 -74.97 0
110100 -24.37 27.41 -75.03 0
110101 -24.90 26.61 -75.07 0
110102 -25.33 26.07 -75.08 0
110103 -25.68 25.82 -75.05 0
111029 -30.51 30.65 -73.19 0
111030 -31.20 30.53 -72.93 0
111031 -31.83 30.56 -72.64 0
111032 -32.46 30.57 -72.32 0
111033 -33.10 30.51 -71.97 0
111045 -6.95 33.60 -70.74 0
111046 -6.46 32.97 -70.44 0
111047 -16.37 30.05 -74.04 0
111048 -16.76 29.85 -74.15 0
111049 -17.32 29.50 -74.30 0
111050 -17.80 29.30 -74.42 0
111051 -28.89 31.26 -73.68 0
111052 -29.70 30.93 -73.45 0
111061 -7.77 34.87 -71.24 0
111062 -7.38 34.24 -71.00 0
111063 -16.00 31.30 -73.95 0
111064 -16.40 30.73 -74.05 0
111065 -17.10 30.35 -74.24 0
111066 -17.67 30.00 -74.39 0
111067 -18.17 29.62 -74.51 0
111068 -27.52 32.12 -74.02 0
111069 -28.08 31.47 -73.92 0
111074 -8.56 35.76 -71.65 0
111075 -8.06 35.49 -71.41 0
111076 -15.16 33.03 -73.71 0
111077 -15.58 32.69 -73.81 0
111078 -16.23 31.97 -73.98 0
111079 -16.93 31.19 -74.18 0
111080 -17.53 30.84 -74.35 0
111081 -18.10 30.38 -74.48 0
111082 -18.59 29.97 -74.58 0
111083 -27.29 31.73 -74.13 0
111084 -27.71 30.64 -74.12 0
111085 -9.89 36.94 -72.28 0
111086 -9.37 36.66 -72.05 0
111087 -8.90 36.43 -71.84 0
111088 -14.97 34.24 -73.63 0
111089 -15.44 33.49 -73.75 0
111090 -16.03 32.98 -73.89 0
111091 -16.41 32.68 -73.99 0
111092 -17.75 31.67 -74.36 0
111093 -17.99 31.23 -74.42 0
111094 -18.70 30.62 -74.57 0
111095 -18.81 30.14 -74.61 0
111096 -26.84 31.21 -74.29 0
111097 -27.15 30.21 -74.31 0
111098 -11.12 37.80 -72.72 0
111099 -10.63 37.50 -72.56 0
111100 -10.22 37.36 -72.41 0
111101 -14.26 35.41 -73.47 0
111102 -14.74 34.94 -73.57 0
111103 -17.95 31.99 -74.35 0
111104 -18.65 31.61 -74.49 0
111105 -18.85 31.05 -74.56 0
111106 -26.49 30.69 -74.41 0
111107 -26.63 29.64 -74.48 0
111108 -26.80 28.57 -74.54 0
111109 -26.85 27.74 -74.61 0
111110 -26.83 27.09 -74.69 0
111111 -11.62 37.96 -72.86 0
111112 -12.11 37.82 -72.99 0
111113 -12.83 36.74 -73.19 0
111114 -13.35 36.45 -73.29 0
111115 -13.89 36.14 -73.39 0
111116 -17.90 33.65 -74.18 0
111117 -18.32 32.81 -74.33 0
111118 -18.69 32.18 -74.44 0
111119 -26.22 29.07 -74.62 0
111120 -26.28 28.36 -74.69 0
111121 -26.24 27.62 -74.77 0
111122 -26.43 26.70 -74.82 0
111123 -26.25 26.09 -74.92 0
111124 -12.39 37.38 -73.08 0
111125 -12.61 37.07 -73.14 0
111126 -18.27 34.12 -74.19 0
111127 -18.63 33.35 -74.31 0
111128 -22.56 30.32 -74.80 0
111129 -22.84 29.96 -74.83 0
111130 -25.79 27.29 -74.90 0
111131 -25.82 26.65 -74.95 0
111132 -25.83 26.08 -75.01 0
111133 -17.86 35.97 -73.96 0
111134 -18.32 35.50 -74.06 0
111135 -19.12 35.76 -74.13 0
111136 -20.02 34.82 -74.30 0
111137 -20.80 33.84 -74.44 0
111138 -21.50 32.87 -74.56 0
111139 -22.15 31.92 -74.65 0
111140 -22.75 30.79 -74.75 0
111141 -23.49 29.72 -74.84 0
111142 -24.11 28.93 -74.90 0
111143 -24.58 28.13 -74.96 0
111144 -25.19 27.27 -74.98 0
111145 -25.44 26.47 -75.03 0
111146 -25.57 26.11 -75.05 0
111147 -17.94 36.37 -73.94 0
111148 -18.46 36.55 -73.98 0
111149 -18.85 36.51 -74.03 0
111150 -18.02 36.94 -73.90 0
111151 -18.21 37.12 -73.90 0
112073 -30.77 31.30 -72.97 0
112074 -31.33 31.34 -72.71 0
112075 -31.97 31.37 -72.39 0
112076 -32.62 31.35 -72.04 0
112077 -33.26 31.27 -71.67 0
112088 -6.84 34.72 -70.75 0
112090 -29.18 32.05 -73.47 0
112091 -30.06 31.85 -73.16 0
112092 -30.76 32.12 -72.81 0
112093 -31.42 32.20 -72.47 0
112094 -32.11 32.20 -72.11 0
112095 -32.79 32.13 -71.73 0
112096 -33.47 31.98 -71.33 0
112101 -7.62 35.84 -71.22 0
112102 -7.24 35.30 -71.00 0
112103 -27.69 32.58 -73.91 0
112104 -28.40 32.29 -73.71 0
112108 -8.46 36.84 -71.65 0
112109 -8.02 36.37 -71.43 0
112110 -16.97 31.82 -74.17 0
112111 -17.35 31.43 -74.29 0
112112 -17.63 31.25 -74.36 0
112113 -26.43 33.09 -74.21 0
112114 -27.04 32.69 -74.09 0
112115 -9.90 37.87 -72.29 0
112116 -9.42 37.62 -72.09 0
112117 -8.92 37.28 -71.86 0
112118 -15.54 34.22 -73.74 0
112119 -16.01 33.76 -73.84 0
112120 -16.50 33.23 -73.97 0
112121 -16.88 32.53 -74.10 0
112122 -17.44 31.95 -74.27 0
112123 -17.63 31.51 -74.35 0
112124 -25.83 33.09 -74.34 0
112125 -26.55 32.26 -74.26 0
112126 -11.23 38.95 -72.72 0
112127 -10.63 38.40 -72.55 0
112128 -10.29 37.96 -72.44 0
112129 -14.81 35.51 -73.56 0
112130 -15.30 34.97 -73.66 0
112131 -15.97 34.58 -73.79 0
112132 -16.58 34.04 -73.93 0
112133 -17.09 33.36 -74.07 0
112134 -17.56 32.67 -74.22 0
112135 -25.29 32.81 -74.46 0
112136 -25.88 31.76 -74.43 0
112137 -25.97 30.63 -74.52 0
112138 -12.01 38.70 -72.93 0
112139 -12.65 38.02 -73.10 0
112140 -13.09 37.29 -73.22 0
112141 -13.81 36.99 -73.35 0
112142 -14.52 36.32 -73.48 0
112143 -15.24 35.88 -73.61 0
112144 -15.87 35.42 -73.73 0
112145 -16.55 35.01 -73.86 0
112146 -17.35 34.28 -74.04 0
112147 -17.64 33.36 -74.17 0
112148 -24.90 32.31 -74.53 0
112149 -25.19 31.16 -74.58 0
112150 -25.64 29.89 -74.64 0
112151 -25.74 28.91 -74.74 0
112152 -25.85 28.26 -74.79 0
112153 -12.70 37.39 -73.15 0
112154 -12.80 37.13 -73.18 0
112155 -17.07 35.39 -73.91 0
112156 -17.70 35.22 -74.01 0
112157 -21.42 35.21 -74.40 0
112158 -21.73 34.69 -74.45 0
112159 -22.32 33.87 -74.52 0
112160 -23.04 32.99 -74.58 0
112161 -24.06 31.97 -74.62 0
112162 -24.66 30.46 -74.70 0
112163 -25.08 29.36 -74.78 0
112164 -25.37 28.53 -74.84 0
112165 -25.64 27.89 -74.87 0
112166 -16.95 36.77 -73.79 0
112167 -17.36 36.22 -73.88 0
112168 -17.81 35.74 -73.98 0
112169 -19.96 36.01 -74.20 0
112170 -20.94 35.06 -74.37 0
112171 -21.59 33.87 -74.49 0
112172 -22.27 32.90 -74.58 0
112173 -23.00 31.88 -74.66 0
112174 -23.71 30.74 -74.74 0
112175 -24.31 29.66 -74.81 0
112176 -24.77 28.77 -74.88 0
112177 -25.17 28.03 -74.92 0
112178 -25.45 27.62 -74.93 0
112179 -17.09 37.13 -73.79 0
112180 -17.60 37.00 -73.85 0
112181 -18.73 36.83 -73.99 0
112182 -19.12 36.89 -74.02 0
112183 -17.32 37.67 -73.78 0
112184 -17.88 37.62 -73.83 0
112185 -18.48 37.32 -73.91 0
112186 -18.78 37.69 -73.90 0
112187 -18.23 37.95 -73.82 0
112188 -18.48 37.90 -73.84 0
112189 -18.61 38.07 -73.83 0
112190 -18.35 38.13 -73.80 0
112191 -18.47 38.17 -73.80 0
112192 -18.53 38.22 -73.80 0
113124 -28.65 33.05 -73.52 0
113125 -29.38 32.95 -73.25 0
113126 -30.11 32.98 -72.93 0
113127 -30.82 33.08 -72.57 0
113128 -31.54 33.11 -72.19 0
113129 -32.27 33.05 -71.79 0
113130 -32.99 32.90 -71.37 0
113131 -33.67 32.71 -70.96 0
113136 -7.20 36.14 -71.02 0
113137 -6.72 35.93 -70.74 0
113139 -26.55 34.09 -74.06 0
113140 -27.16 33.61 -73.94 0
113141 -27.94 33.31 -73.73 0
113146 -7.98 37.38 -71.43 0
113147 -7.48 36.86 -71.18 0
113148 -7.02 36.72 -70.94 0
113149 -26.08 33.93 -74.20 0
113150 -26.65 33.48 -74.11 0
113151 -9.89 39.36 -72.28 0
113152 -9.52 38.68 -72.14 0
113153 -8.96 38.25 -71.89 0
113154 -8.46 37.83 -71.66 0
113155 -24.42 34.81 -74.42 0
113156 -24.89 34.44 -74.39 0
113157 -25.43 34.13 -74.33 0
113158 -11.00 40.08 -72.64 0
113159 -10.46 39.49 -72.48 0
113160 -10.11 38.63 -72.37 0
113161 -22.82 35.55 -74.44 0
113162 -23.29 35.16 -74.46 0
113163 -23.93 34.75 -74.46 0
113164 -24.53 34.11 -74.46 0
113165 -25.11 33.63 -74.42 0
113166 -11.80 40.14 -72.84 0
113167 -12.71 39.26 -73.06 0
113168 -13.55 38.24 -73.26 0
113169 -14.45 37.48 -73.43 0
113170 -15.18 36.81 -73.56 0
113171 -15.80 36.25 -73.67 0
113172 -16.34 35.79 -73.77 0
113173 -16.68 35.56 -73.84 0
113174 -21.90 35.99 -74.39 0
113175 -22.34 35.57 -74.44 0
113176 -22.87 34.89 -74.48 0
113177 -23.47 34.32 -74.51 0
113178 -24.10 33.78 -74.51 0
113179 -24.70 33.25 -74.50 0
113180 -12.12 40.96 -72.90 0
113181 -12.64 40.52 -73.02 0
113182 -13.66 39.91 -73.22 0
113183 -14.47 38.68 -73.39 0
113184 -15.21 37.83 -73.52 0
113185 -15.84 37.09 -73.64 0
113186 -16.35 36.47 -73.74 0
113187 -16.77 36.00 -73.82 0
113188 -21.44 36.17 -74.34 0
113189 -21.77 35.43 -74.42 0
113190 -22.33 34.74 -74.48 0
113191 -22.95 34.02 -74.53 0
113192 -23.65 33.33 -74.56 0
113193 -24.28 32.92 -74.55 0
113194 -14.31 40.52 -73.32 0
113195 -14.66 39.72 -73.38 0
113196 -15.33 38.87 -73.50 0
113197 -15.99 38.00 -73.61 0
113198 -16.54 37.14 -73.72 0
113199 -16.80 36.53 -73.79 0
113200 -20.72 36.38 -74.25 0
113201 -21.26 35.65 -74.36 0
113202 -14.55 40.79 -73.34 0
113203 -14.82 40.45 -73.39 0
113204 -15.39 39.86 -73.47 0
113205 -16.26 39.09 -73.59 0
113206 -16.74 37.94 -73.70 0
113207 -19.84 37.15 -74.08 0
113208 -16.83 39.29 -73.64 0
113209 -17.27 38.59 -73.71 0
113210 -17.96 38.36 -73.77 0
113211 -19.19 37.76 -73.95 0
113212 -18.23 38.29 -73.78 0
113213 -18.80 38.13 -73.86 0
113214 -18.36 38.31 -73.78 0
113215 -18.47 38.33 -73.79 0
113216 -18.59 38.29 -73.81 0
114288 -28.22 33.87 -73.55 0
114289 -28.79 33.86 -73.33 0
114290 -29.47 33.91 -73.04 0
114291 -30.17 34.00 -72.69 0
114292 -30.91 34.07 -72.29 0
114293 -31.68 34.03 -71.86 0
114294 -32.47 33.88 -71.41 0
114295 -33.25 33.60 -70.97 0
114302 -26.14 34.76 -74.08 0
114303 -26.74 34.68 -73.92 0
114304 -27.54 34.45 -73.70 0
114305 -28.20 34.66 -73.43 0
114306 -28.84 34.75 -73.15 0
114307 -29.49 34.89 -72.82 0
114308 -30.20 35.06 -72.41 0
114309 -31.00 35.11 -71.94 0
114310 -31.87 34.97 -71.45 0
114311 -32.76 34.69 -70.94 0
114316 -7.53 37.95 -71.21 0
114317 -7.07 37.55 -70.98 0
114319 -24.55 35.73 -74.29 0
114320 -25.01 35.44 -74.25 0
114321 -25.57 34.90 -74.20 0
114322 -9.45 39.74 -72.11 0
114323 -8.98 39.25 -71.91 0
114324 -8.49 38.82 -71.68 0
114325 -8.01 38.39 -71.45 0
114326 -23.50 36.06 -74.37 0
114327 -24.08 35.61 -74.37 0
114328 -24.68 35.14 -74.35 0
114329 -25.12 34.81 -74.32 0
114330 -10.70 41.51 -72.54 0
114331 -10.47 40.75 -72.47 0
114332 -9.92 40.21 -72.29 0
114333 -22.16 36.58 -74.36 0
114334 -22.52 36.20 -74.40 0
114335 -23.08 35.96 -74.41 0
114336 -23.58 35.51 -74.42 0
114337 -11.05 41.83 -72.64 0
114338 -11.10 40.99 -72.66 0
114339 -21.78 36.58 -74.34 0
114340 -22.14 36.18 -74.39 0
114341 -11.28 42.13 -72.69 0
114342 -11.65 41.60 -72.78 0
114343 -12.41 41.56 -72.95 0
114344 -13.17 41.24 -73.10 0
114345 -21.19 37.00 -74.25 0
114346 -13.85 41.05 -73.23 0
114347 -20.44 37.58 -74.11 0
114348 -14.33 41.11 -73.30 0
114349 -14.75 41.05 -73.36 0
114350 -15.30 40.74 -73.43 0
114351 -15.96 40.24 -73.52 0
114352 -19.10 38.85 -73.84 0
114353 -19.59 38.26 -73.95 0
114354 -16.59 39.87 -73.59 0
114355 -17.20 39.59 -73.65 0
114356 -17.98 39.10 -73.73 0
114357 -18.65 38.94 -73.79 0
114358 -19.00 38.41 -73.87 0
114359 -18.20 38.55 -73.77 0
114360 -18.39 38.67 -73.77 0
114361 -18.65 38.49 -73.81 0
114362 -18.28 38.41 -73.78 0
114363 -18.36 38.46 -73.78 0
114364 -18.49 38.46 -73.79 0
115385 -25.80 35.31 -74.09 0
115386 -26.12 35.68 -73.94 0
115387 -26.91 35.48 -73.73 0
115388 -27.58 35.53 -73.50 0
115389 -28.23 35.52 -73.26 0
115390 -28.82 35.68 -72.96 0
115391 -29.45 35.92 -72.58 0
115392 -30.14 36.38 -72.06 0
115393 -31.17 36.11 -71.53 0
115394 -32.07 35.97 -70.98 0
115395 -33.08 35.60 -70.38 0
115398 -7.12 38.54 -71.01 0
115401 -24.23 36.32 -74.26 0
115402 -24.73 36.15 -74.20 0
115403 -25.38 35.91 -74.09 0
115404 -25.67 36.27 -73.96 0
115405 -27.75 36.10 -73.33 0
115406 -28.15 36.35 -73.10 0
115407 -28.72 36.61 -72.77 0
115408 -29.28 36.89 -72.40 0
115409 -29.60 37.17 -72.14 0
115410 -8.99 40.20 -71.91 0
115411 -8.53 39.79 -71.69 0
115412 -8.05 39.38 -71.47 0
115413 -7.58 38.96 -71.23 0
115414 -22.76 37.17 -74.29 0
115415 -23.06 36.72 -74.32 0
115416 -23.69 36.52 -74.30 0
115417 -10.28 41.73 -72.40 0
115418 -9.87 41.20 -72.26 0
115419 -9.42 40.67 -72.09 0
115420 -21.99 36.87 -74.32 0
115421 -22.35 37.08 -74.30 0
115422 -22.75 36.49 -74.37 0
115423 -10.64 42.19 -72.51 0
115424 -21.68 37.25 -74.26 0
115425 -21.70 37.90 -74.19 0
115426 -11.01 42.49 -72.61 0
115427 -11.45 42.57 -72.71 0
115428 -12.06 42.52 -72.84 0
115429 -12.88 42.46 -73.00 0
115430 -13.56 42.80 -73.11 0
115431 -14.16 42.95 -73.19 0
115432 -14.79 43.02 -73.25 0
115433 -15.47 43.05 -73.31 0
115434 -16.04 43.11 -73.33 0
115435 -21.06 38.03 -74.13 0
115436 -21.38 38.32 -74.12 0
115437 -13.59 41.90 -73.16 0
115438 -14.08 42.20 -73.23 0
115439 -14.65 42.27 -73.29 0
115440 -15.33 42.23 -73.35 0
115441 -16.20 42.22 -73.42 0
115442 -16.44 42.83 -73.38 0
115443 -20.23 38.65 -73.98 0
115444 -14.06 41.59 -73.25 0
115445 -14.48 41.63 -73.30 0
115446 -15.06 41.54 -73.37 0
115447 -15.84 41.26 -73.45 0
115448 -16.61 41.19 -73.52 0
115449 -17.11 40.89 -73.57 0
115450 -18.91 39.24 -73.79 0
115451 -19.36 39.37 -73.82 0
115452 -16.38 40.60 -73.54 0
115453 -16.92 40.41 -73.59 0
115454 -17.61 40.26 -73.63 0
115455 -18.54 39.78 -73.72 0
115456 -18.98 40.03 -73.73 0
116431 -33.01 38.07 -69.47 0
116436 -26.47 36.27 -73.73 0
116437 -27.03 36.27 -73.55 0
116438 -27.43 36.20 -73.43 0
116439 -30.58 37.08 -71.57 0
116440 -31.29 37.10 -71.11 0
116441 -32.20 37.30 -70.39 0
116442 -33.45 36.49 -69.76 0
116444 -7.17 39.52 -71.01 0
116447 -24.41 36.73 -74.17 0
116448 -24.79 36.78 -74.08 0
116449 -25.31 36.75 -73.97 0
116450 -25.87 36.73 -73.82 0
116451 -26.43 37.20 -73.55 0
116452 -27.36 36.90 -73.28 0
116453 -28.02 37.26 -72.91 0
116454 -28.60 37.52 -72.55 0
116455 -29.15 37.72 -72.20 0
116456 -29.82 37.68 -71.83 0
116457 -30.47 38.09 -71.28 0
116458 -31.23 37.99 -70.82 0
116459 -9.02 40.96 -71.91 0
116460 -8.56 40.77 -71.69 0
116461 -8.12 40.29 -71.49 0
116462 -7.63 39.96 -71.24 0
116463 -22.96 37.30 -74.26 0
116464 -23.35 37.21 -74.24 0
116465 -23.91 37.19 -74.17 0
116466 -24.35 37.20 -74.09 0
116467 -26.32 37.91 -73.42 0
116468 -26.73 37.85 -73.28 0
116469 -27.33 37.96 -73.00 0
116470 -27.92 38.20 -72.66 0
116471 -28.49 38.42 -72.30 0
116472 -29.09 38.59 -71.92 0
116473 -29.67 38.67 -71.56 0
116474 -10.24 42.56 -72.36 0
116475 -9.82 42.13 -72.22 0
116476 -9.32 41.63 -72.02 0
116477 -8.81 41.49 -71.79 0
116478 -15.36 45.32 -73.03 0
116479 -15.88 45.40 -73.02 0
116480 -16.45 45.45 -73.01 0
116481 -16.84 45.43 -73.00 0
116482 -22.64 37.59 -74.24 0
116483 -23.00 37.82 -74.18 0
116484 -23.43 37.70 -74.15 0
116485 -10.63 42.94 -72.48 0
116486 -13.30 44.16 -72.98 0
116487 -13.72 44.36 -73.01 0
116488 -14.31 44.57 -73.05 0
116489 -15.01 44.78 -73.08 0
116490 -15.79 44.60 -73.15 0
116491 -16.45 44.66 -73.14 0
116492 -16.99 44.89 -73.09 0
116493 -22.17 37.99 -74.18 0
116494 -22.56 38.15 -74.15 0
116495 -11.08 43.24 -72.58 0
116496 -11.65 43.40 -72.70 0
116497 -12.34 43.49 -72.84 0
116498 -13.04 43.63 -72.97 0
116499 -13.67 43.62 -73.08 0
116500 -14.25 43.74 -73.14 0
116501 -14.90 43.84 -73.19 0
116502 -15.61 43.84 -73.24 0
116503 -16.48 43.58 -73.29 0
116504 -17.18 43.99 -73.23 0
116505 -21.16 38.62 -74.07 0
116506 -21.59 38.69 -74.07 0
116507 -22.18 38.54 -74.10 0
116508 -16.86 41.68 -73.50 0
116509 -17.04 42.39 -73.44 0
116510 -17.32 43.15 -73.35 0
116511 -20.74 38.93 -74.00 0
116512 -21.06 39.10 -73.99 0
116513 -17.00 41.27 -73.54 0
116514 -17.43 41.29 -73.55 0
116515 -20.17 39.71 -73.85 0
116516 -20.76 39.40 -73.93 0
116517 -18.09 40.74 -73.62 0
116518 -18.70 40.56 -73.67 0
116519 -19.32 40.37 -73.72 0
117462 -32.09 39.28 -69.69 0
117463 -32.05 38.50 -70.04 0
117470 -31.38 40.00 -69.91 0
117471 -31.53 39.21 -70.14 0
117472 -31.42 38.61 -70.46 0
117476 -24.52 37.33 -74.04 0
117477 -24.81 37.38 -73.96 0
117478 -25.31 37.43 -73.83 0
117479 -25.76 37.53 -73.69 0
117480 -29.95 39.25 -71.16 0
117481 -30.74 38.84 -70.83 0
117482 -8.19 40.92 -71.50 0
117483 -7.81 40.88 -71.31 0
117484 -7.09 40.71 -70.93 0
117486 -15.91 46.80 -72.72 0
117487 -16.25 46.73 -72.72 0
117488 -16.80 46.67 -72.70 0
117489 -17.28 46.65 -72.67 0
117490 -23.66 37.83 -74.09 0
117491 -24.11 37.97 -73.98 0
117492 -24.79 38.03 -73.83 0
117493 -25.30 38.16 -73.68 0
117494 -25.87 38.12 -73.51 0
117495 -26.23 38.46 -73.29 0
117496 -26.71 38.67 -73.04 0
117497 -27.26 38.88 -72.74 0
117498 -27.82 39.11 -72.40 0
117499 -28.39 39.35 -72.02 0
117500 -29.01 39.69 -71.55 0
117501 -9.85 42.96 -72.20 0
117502 -9.41 42.62 -72.02 0
117503 -8.89 42.30 -71.79 0
117504 -8.27 41.72 -71.50 0
117505 -7.59 41.63 -71.16 0
117507 -14.84 45.75 -72.92 0
117508 -15.33 46.03 -72.89 0
117509 -15.92 46.28 -72.84 0
117510 -16.68 46.00 -72.88 0
117511 -17.30 46.06 -72.82 0
117512 -17.73 46.27 -72.74 0
117513 -22.83 38.27 -74.11 0
117514 -23.19 38.46 -74.03 0
117515 -23.63 38.63 -73.93 0
117516 -25.39 38.65 -73.53 0
117517 -25.67 38.94 -73.35 0
117518 -26.10 39.28 -73.09 0
117519 -26.61 39.55 -72.79 0
117520 -27.16 39.78 -72.47 0
117521 -27.71 40.00 -72.13 0
117522 -28.23 40.24 -71.78 0
117523 -28.53 40.43 -71.54 0
117524 -10.23 43.33 -72.32 0
117525 -13.01 44.30 -72.92 0
117526 -13.11 44.82 -72.86 0
117527 -13.71 45.17 -72.90 0
117528 -14.31 45.45 -72.92 0
117529 -17.27 45.36 -72.99 0
117530 -18.09 45.36 -72.93 0
117531 -18.06 46.03 -72.78 0
117532 -22.54 38.64 -74.06 0
117533 -22.46 39.20 -73.95 0
117534 -10.64 43.75 -72.42 0
117535 -11.16 44.19 -72.52 0
117536 -11.85 44.33 -72.66 0
117537 -12.60 44.53 -72.80 0
117538 -12.78 44.92 -72.80 0
117539 -17.77 44.41 -73.14 0
117540 -18.43 44.24 -73.14 0
117541 -22.00 39.20 -73.98 0
117542 -22.17 39.46 -73.92 0
117543 -17.78 42.54 -73.43 0
117544 -18.12 43.24 -73.33 0
117545 -18.31 43.79 -73.24 0
117546 -17.85 41.81 -73.51 0
117547 -18.56 42.08 -73.49 0
117548 -19.75 41.40 -73.59 0
117549 -17.93 41.28 -73.57 0
117550 -18.34 41.27 -73.58 0
117551 -18.94 41.14 -73.61 0
118476 -30.66 40.51 -70.18 0
118477 -31.02 39.67 -70.31 0
118478 -31.24 39.19 -70.38 0
118484 -29.41 42.17 -70.26 0
118485 -29.83 41.01 -70.51 0
118486 -30.37 39.84 -70.66 0
118487 -30.96 39.23 -70.54 0
118490 -15.41 47.24 -72.60 0
118491 -15.82 47.27 -72.57 0
118492 -16.39 47.30 -72.53 0
118493 -16.97 47.20 -72.52 0
118494 -17.63 47.03 -72.52 0
118495 -17.95 47.24 -72.42 0
118496 -24.38 38.59 -73.79 0
118497 -24.82 38.68 -73.67 0
118498 -25.12 38.70 -73.59 0
118501 -28.58 42.83 -70.50 0
118502 -28.77 41.58 -70.92 0
118503 -29.45 40.34 -71.03 0
118504 -9.90 43.60 -72.17 0
118505 -9.54 43.43 -72.03 0
118506 -9.08 43.22 -71.82 0
118507 -8.48 43.07 -71.52 0
118508 -7.84 42.58 -71.23 0
118510 -14.78 46.54 -72.75 0
118511 -15.25 46.83 -72.70 0
118512 -15.66 46.89 -72.70 0
118513 -18.05 46.46 -72.66 0
118514 -18.14 46.87 -72.53 0
118515 -23.35 39.06 -73.87 0
118516 -23.84 39.01 -73.80 0
118517 -24.35 39.25 -73.63 0
118518 -24.98 39.32 -73.45 0
118519 -25.45 39.83 -73.14 0
118520 -25.95 40.20 -72.84 0
118521 -26.50 40.47 -72.52 0
118522 -27.07 40.66 -72.20 0
118523 -27.61 40.83 -71.88 0
118524 -28.12 41.12 -71.49 0
118525 -28.77 40.63 -71.31 0
118526 -10.17 44.12 -72.22 0
118527 -9.74 44.09 -72.05 0
118528 -9.30 44.00 -71.85 0
118529 -8.87 43.82 -71.66 0
118530 -13.15 45.69 -72.72 0
118531 -13.71 46.06 -72.72 0
118532 -14.30 46.30 -72.76 0
118533 -18.77 45.41 -72.85 0
118534 -18.40 46.02 -72.75 0
118535 -18.36 46.48 -72.63 0
118536 -22.83 39.46 -73.85 0
118537 -23.28 39.72 -73.72 0
118538 -23.78 39.86 -73.59 0
118539 -24.28 40.05 -73.42 0
118540 -24.73 40.46 -73.18 0
118541 -25.28 40.77 -72.90 0
118542 -25.76 41.29 -72.54 0
118543 -26.44 41.34 -72.24 0
118544 -27.04 41.51 -71.91 0
118545 -27.52 41.43 -71.71 0
118546 -10.61 44.62 -72.33 0
118547 -10.96 44.84 -72.40 0
118548 -11.36 45.06 -72.46 0
118549 -12.02 45.26 -72.56 0
118550 -12.66 45.36 -72.69 0
118551 -19.08 44.37 -73.06 0
118552 -22.04 39.96 -73.81 0
118553 -22.66 40.31 -73.66 0
118554 -23.20 40.59 -73.51 0
118555 -23.75 40.54 -73.41 0
118556 -24.09 40.86 -73.23 0
118557 -25.64 41.82 -72.41 0
118558 -25.88 41.94 -72.27 0
118559 -26.40 42.13 -71.98 0
118560 -10.62 44.92 -72.31 0
118561 -10.73 45.03 -72.32 0
118562 -10.97 45.27 -72.34 0
118563 -18.56 43.11 -73.35 0
118564 -22.02 41.00 -73.57 0
118565 -22.59 41.12 -73.47 0
118566 -18.64 42.82 -73.39 0
118567 -19.04 42.40 -73.45 0
118568 -21.60 41.71 -73.44 0
119434 -16.09 48.44 -72.13 0
119435 -16.35 48.32 -72.16 0
119436 -16.81 48.22 -72.16 0
119437 -17.24 48.14 -72.14 0
119443 -15.12 47.34 -72.55 0
119444 -15.23 47.79 -72.39 0
119445 -15.95 48.04 -72.28 0
119446 -16.60 47.81 -72.34 0
119447 -17.16 47.70 -72.33 0
119448 -17.77 47.74 -72.23 0
119449 -18.37 47.72 -72.15 0
119453 -27.87 43.47 -70.65 0
119454 -28.01 42.59 -70.95 0
119455 -27.99 41.93 -71.25 0
119456 -7.96 43.64 -71.20 0
119459 -14.37 46.85 -72.63 0
119460 -14.59 47.44 -72.47 0
119461 -14.77 47.98 -72.31 0
119462 -18.28 47.27 -72.36 0
119463 -18.84 47.27 -72.25 0
119464 -19.27 47.13 -72.23 0
119466 -27.28 43.96 -70.78 0
119467 -27.36 43.24 -71.06 0
119468 -27.49 42.49 -71.30 0
119469 -27.56 41.86 -71.52 0
119470 -9.91 44.50 -72.08 0
119471 -9.61 44.81 -71.88 0
119472 -9.01 44.58 -71.62 0
119473 -8.49 44.16 -71.42 0
119474 -12.75 45.99 -72.58 0
119475 -12.96 46.61 -72.46 0
119476 -13.83 47.06 -72.49 0
119477 -14.04 47.59 -72.37 0
119478 -18.57 46.31 -72.65 0
119479 -18.63 46.70 -72.51 0
119480 -19.29 46.58 -72.43 0
119481 -19.51 46.93 -72.26 0
119482 -24.37 41.08 -73.09 0
119483 -24.67 41.28 -72.93 0
119484 -25.11 41.54 -72.70 0
119485 -27.07 42.91 -71.36 0
119486 -26.96 42.38 -71.62 0
119487 -27.27 41.80 -71.70 0
119488 -10.15 44.91 -72.11 0
119489 -9.91 45.21 -71.95 0
119490 -11.17 45.51 -72.34 0
119491 -11.44 45.93 -72.30 0
119492 -12.23 46.24 -72.41 0
119493 -12.43 46.84 -72.30 0
119494 -18.93 46.03 -72.67 0
119495 -19.46 45.87 -72.64 0
119496 -22.94 41.23 -73.38 0
119497 -23.39 41.32 -73.25 0
119498 -24.00 41.72 -72.98 0
119499 -24.56 42.13 -72.68 0
119500 -25.28 42.23 -72.40 0
119501 -25.75 42.83 -72.00 0
119502 -26.36 42.76 -71.76 0
119503 -10.52 45.08 -72.25 0
119504 -10.69 45.36 -72.25 0
119505 -10.90 45.75 -72.21 0
119506 -11.01 46.18 -72.13 0
119507 -19.38 45.24 -72.82 0
119508 -22.10 41.65 -73.40 0
119509 -22.60 41.89 -73.24 0
119510 -23.18 42.38 -72.98 0
119511 -23.75 42.95 -72.65 0
119512 -24.50 43.02 -72.40 0
119513 -25.06 43.21 -72.13 0
119514 -25.37 43.35 -71.97 0
119515 -21.09 42.18 -73.37 0
119516 -21.68 42.52 -73.21 0
119517 -22.34 43.03 -72.96 0
119518 -22.96 43.33 -72.73 0
119519 -23.28 43.56 -72.59 0
120415 -16.19 48.62 -72.04 0
120416 -16.50 48.74 -71.95 0
120417 -17.02 48.55 -71.99 0
120418 -17.46 48.44 -71.97 0
120422 -15.29 48.58 -72.07 0
120423 -15.87 48.72 -72.00 0
120424 -16.16 48.84 -71.94 0
120425 -18.07 48.32 -71.92 0
120426 -18.93 47.97 -71.92 0
120427 -19.49 47.96 -71.81 0
120430 -8.05 44.76 -71.11 0
120433 -14.41 48.30 -72.15 0
120434 -14.87 48.33 -72.17 0
120435 -19.15 47.45 -72.12 0
120436 -19.57 47.38 -72.05 0
120438 -26.22 45.52 -70.61 0
120439 -26.73 44.29 -70.92 0
120440 -27.02 43.75 -71.02 0
120441 -9.74 45.49 -71.81 0
120442 -9.18 45.64 -71.52 0
120443 -8.62 44.99 -71.37 0
120444 -13.04 47.63 -72.18 0
120445 -13.65 47.87 -72.21 0
120446 -14.09 47.96 -72.25 0
120447 -19.78 46.06 -72.52 0
120448 -19.91 46.59 -72.29 0
120449 -25.33 45.14 -71.21 0
120450 -26.10 44.34 -71.21 0
120451 -26.72 43.49 -71.29 0
120452 -26.84 42.95 -71.47 0
120453 -10.37 45.32 -72.14 0
120454 -10.15 45.58 -71.98 0
120455 -9.85 46.16 -71.70 0
120456 -11.67 46.64 -72.19 0
120457 -11.98 47.19 -72.10 0
120458 -12.54 47.27 -72.20 0
120459 -19.95 45.39 -72.69 0
120460 -20.31 45.80 -72.49 0
120461 -24.76 44.68 -71.66 0
120462 -25.49 44.16 -71.58 0
120463 -26.08 43.45 -71.61 0
120464 -26.59 43.01 -71.56 0
120465 -10.53 45.36 -72.20 0
120466 -10.53 45.62 -72.13 0
120467 -10.55 46.30 -71.94 0
120468 -11.17 46.71 -72.03 0
120469 -11.53 47.05 -72.04 0
120470 -19.72 43.39 -73.22 0
120471 -20.11 44.36 -72.94 0
120472 -20.63 44.99 -72.69 0
120473 -24.00 43.58 -72.37 0
120474 -24.36 44.00 -72.09 0
120475 -25.10 43.83 -71.89 0
120476 -25.56 43.52 -71.82 0
120477 -20.34 42.31 -73.40 0
120478 -20.71 43.13 -73.18 0
120479 -21.32 44.00 -72.85 0
120480 -22.28 44.02 -72.66 0
120481 -22.92 44.02 -72.52 0
120482 -23.49 43.91 -72.41 0
120483 -23.87 44.02 -72.26 0
121365 -16.54 49.08 -71.78 0
121366 -16.90 48.94 -71.81 0
121367 -17.21 48.76 -71.86 0
121371 -15.07 49.00 -71.88 0
121372 -15.38 49.17 -71.79 0
121373 -16.07 49.22 -71.73 0
121374 -16.68 49.38 -71.59 0
121375 -17.46 49.07 -71.65 0
121376 -18.47 48.91 -71.56 0
121377 -19.49 48.63 -71.49 0
121378 -20.02 48.88 -71.27 0
121383 -14.12 48.84 -71.89 0
121384 -14.67 48.93 -71.89 0
121385 -14.97 49.26 -71.75 0
121386 -20.00 47.84 -71.74 0
121387 -20.33 48.39 -71.42 0
121390 -8.84 46.49 -71.19 0
121391 -8.41 45.73 -71.13 0
121392 -12.81 48.13 -71.98 0
121393 -13.16 48.37 -71.95 0
121394 -13.78 48.51 -71.99 0
121395 -20.33 47.06 -72.00 0
121396 -20.78 47.56 -71.68 0
121397 -24.25 46.98 -70.86 0
121398 -25.15 46.19 -70.82 0
121399 -9.42 46.77 -71.37 0
121400 -11.83 47.74 -71.90 0
121401 -12.33 48.02 -71.91 0
121402 -12.74 48.45 -71.84 0
121403 -20.64 46.26 -72.24 0
121404 -21.07 46.69 -71.97 0
121405 -23.76 46.74 -71.16 0
121406 -24.27 45.89 -71.33 0
121407 -10.09 47.14 -71.55 0
121408 -10.72 47.20 -71.76 0
121409 -11.32 47.60 -71.81 0
121410 -11.72 48.09 -71.75 0
121411 -20.95 45.48 -72.46 0
121412 -21.29 45.90 -72.22 0
121413 -23.99 45.05 -71.80 0
121417 -21.14 44.88 -72.62 0
121418 -21.67 45.02 -72.46 0
121419 -22.45 44.71 -72.39 0
121420 -23.02 44.59 -72.29 0
121421 -23.60 44.58 -72.13 0
122339 -15.08 49.48 -71.64 0
122340 -15.31 49.80 -71.45 0
122341 -16.13 49.95 -71.33 0
122342 -16.99 49.95 -71.25 0
122343 -17.94 49.81 -71.19 0
122344 -18.91 49.61 -71.14 0
122345 -19.76 49.42 -71.09 0
122347 -13.78 48.99 -71.79 0
122348 -13.99 49.40 -71.61 0
122349 -14.69 49.64 -71.54 0
122350 -14.85 50.00 -71.36 0
122351 -20.49 49.07 -71.10 0
122352 -23.94 48.21 -70.47 0
122354 -12.90 48.74 -71.76 0
122355 -13.24 49.16 -71.63 0
122356 -13.54 49.62 -71.46 0
122357 -21.22 48.28 -71.27 0
122358 -22.12 47.86 -71.21 0
122359 -23.17 47.59 -71.01 0
122361 -11.86 48.65 -71.57 0
122362 -12.51 48.91 -71.60 0
122363 -12.73 49.33 -71.47 0
122364 -21.73 47.05 -71.65 0
122365 -22.60 46.96 -71.45 0
122366 -23.35 46.49 -71.41 0
122367 -23.56 45.80 -71.64 0
122372 -21.68 46.24 -71.99 0
122373 -21.97 45.87 -72.07 0
122374 -23.38 45.34 -71.90 0
122378 -21.75 45.69 -72.19 0
122379 -22.17 45.41 -72.20 0
122380 -22.63 45.16 -72.19 0
122381 -23.05 45.14 -72.08 0
123396 -15.40 50.59 -71.01 0
123397 -16.37 50.70 -70.90 0
123398 -17.37 50.72 -70.81 0
123399 -18.43 50.58 -70.76 0
123400 -19.40 50.28 -70.76 0
123401 -20.27 49.97 -70.77 0
123406 -14.18 49.92 -71.38 0
123407 -14.48 50.22 -71.22 0
123408 -14.94 50.26 -71.21 0
123409 -21.33 49.44 -70.78 0
123410 -22.33 49.64 -70.48 0
123413 -13.23 49.88 -71.29 0
123414 -13.74 49.99 -71.30 0
123415 -14.03 50.26 -71.18 0
123416 -21.74 48.56 -71.03 0
123417 -22.28 48.65 -70.85 0
123418 -23.02 48.78 -70.59 0
123422 -12.80 49.69 -71.31 0
123423 -22.00 46.35 -71.87 0
123424 -22.37 46.42 -71.74 0
123425 -22.90 46.30 -71.64 0
123426 -23.23 46.12 -71.62 0
123432 -21.98 46.09 -71.98 0
123433 -22.29 45.90 -71.98 0
123434 -22.72 45.94 -71.85 0
123435 -23.13 45.85 -71.77 0
123438 -22.44 45.51 -72.10 0
123439 -22.68 45.54 -72.03 0
123440 -22.99 45.57 -71.93 0
124374 -14.40 51.94 -70.27 0
124375 -15.01 52.06 -70.21 0
124391 -13.75 51.72 -70.36 0
124392 -14.70 51.31 -70.61 0
124393 -15.68 51.41 -70.55 0
124394 -16.67 51.53 -70.44 0
124395 -17.83 51.67 -70.28 0
124396 -19.12 51.32 -70.33 0
124397 -19.89 50.76 -70.50 0
124405 -13.20 51.02 -70.68 0
124406 -14.01 50.75 -70.90 0
124407 -14.70 50.64 -70.99 0
124409 -20.70 50.82 -70.38 0
124410 -21.63 50.50 -70.36 0
124415 -13.44 50.40 -71.04 0
124416 -13.80 50.36 -71.11 0
155000 -9.78 25.49 -71.45 0
155001 -10.50 25.78 -71.76 0
155002 -9.48 24.69 -71.26 0
155003 -12.28 27.11 -72.59 0
155004 -9.49 25.66 -71.34 0
155005 -9.84 26.70 -71.57 0
155006 -12.79 26.36 -72.71 0
155007 -13.41 27.09 -72.99 0
155008 -9.09 26.62 -71.24 0
155009 -15.21 25.91 -73.48 0
155010 -13.77 28.51 -73.26 0
155011 -14.01 27.63 -73.25 0
155012 -14.25 27.89 -73.35 0
155013 -13.77 29.35 -73.34 0
155014 -9.56 31.59 -71.85 0
155015 -9.29 31.36 -71.71 0
155016 -9.15 32.61 -71.73 0
155017 -9.66 33.74 -72.03 0
155018 -13.09 31.45 -73.22 0
155019 -9.01 31.67 -71.60 0
155020 -8.80 32.13 -71.54 0
155021 -14.26 31.68 -73.53 0
155022 -14.42 32.28 -73.56 0
155127 -21.06 39.84 -73.86 0
155128 -19.24 43.68 -73.20 0
155129 -18.92 43.27 -73.30 0
155130 -19.33 42.41 -73.44 0
155131 -21.13 41.20 -73.58 0
155132 -19.61 42.56 -73.40 0
