# Label from mne_analyze
873
96424 0.72 -1.95 -63.71 0
96425 0.26 -1.12 -63.45 0
96426 -0.13 -0.29 -63.21 0
97486 1.45 -1.11 -64.09 0
97487 0.98 -0.27 -63.84 0
97488 0.52 0.60 -63.59 0
97489 0.07 1.28 -63.34 0
97503 -0.30 1.99 -63.12 0
97504 -0.74 3.10 -62.85 0
97516 -0.94 4.57 -62.76 0
97517 -1.38 5.02 -62.47 0
98501 2.16 -0.35 -64.44 0
98502 1.72 0.52 -64.22 0
98503 1.25 1.44 -63.99 0
98504 0.71 2.54 -63.71 0
98505 0.17 2.38 -63.41 0
98524 12.60 5.48 -68.48 0
98525 12.11 5.18 -68.33 0
98528 0.76 3.80 -63.76 0
98529 0.19 3.71 -63.44 0
98530 -0.34 5.07 -63.15 0
98544 -0.84 6.12 -62.87 0
98545 -1.37 6.66 -62.52 0
99577 12.30 7.21 -68.39 0
99578 11.97 7.19 -68.29 0
99579 2.73 0.21 -64.69 0
99580 2.50 1.20 -64.60 0
99581 2.01 2.15 -64.37 0
99582 1.55 3.05 -64.15 0
99602 12.79 6.71 -68.54 0
99603 11.84 6.27 -68.24 0
99604 11.12 6.25 -67.98 0
99605 3.27 0.18 -64.93 0
99606 3.03 1.05 -64.83 0
99607 1.22 4.01 -64.01 0
99608 0.90 4.90 -63.85 0
99609 0.41 5.84 -63.61 0
99619 11.66 4.78 -68.17 0
99620 11.05 5.35 -67.95 0
99622 -0.13 7.06 -63.34 0
99623 -0.85 8.32 -62.94 0
99624 -1.40 7.91 -62.56 0
99634 10.96 3.75 -67.93 0
99636 -1.04 9.63 -62.89 0
99637 -1.57 9.34 -62.50 0
99648 -1.71 10.74 -62.48 0
99649 -2.23 10.56 -62.04 0
99668 -2.36 12.08 -62.04 0
99669 -2.84 11.46 -61.54 0
100607 13.23 8.28 -68.65 0
100608 12.85 7.93 -68.55 0
100609 12.06 7.95 -68.31 0
100610 11.48 8.00 -68.12 0
100611 3.09 1.99 -64.86 0
100612 2.77 2.79 -64.73 0
100613 2.32 3.85 -64.53 0
100614 2.19 5.04 -64.49 0
100634 13.63 7.98 -68.74 0
100635 13.19 7.37 -68.65 0
100636 11.69 7.31 -68.19 0
100637 11.11 7.16 -67.99 0
100638 3.80 0.79 -65.15 0
100639 3.59 1.65 -65.07 0
100640 1.78 4.29 -64.29 0
100641 1.66 5.46 -64.25 0
100642 1.18 6.56 -64.04 0
100652 10.49 6.22 -67.75 0
100653 4.26 0.65 -65.32 0
100654 0.68 7.74 -63.82 0
100655 0.15 9.24 -63.59 0
100663 10.24 4.82 -67.65 0
100664 4.95 0.44 -65.59 0
100665 -0.60 10.54 -63.22 0
100666 -1.11 10.29 -62.87 0
100673 9.90 3.47 -67.52 0
100674 5.87 -0.13 -65.96 0
100676 -0.69 11.75 -63.24 0
100677 -1.24 11.64 -62.87 0
100678 -1.78 11.41 -62.47 0
100696 -1.38 13.59 -62.92 0
100697 -1.90 12.69 -62.46 0
100698 -2.42 13.58 -62.07 0
100699 -2.98 13.83 -61.55 0
100713 -1.42 14.54 -62.96 0
100714 -1.70 14.35 -62.75 0
100715 -2.04 14.28 -62.47 0
101674 13.21 8.92 -68.62 0
101675 12.46 9.00 -68.42 0
101676 11.68 8.99 -68.18 0
101677 10.86 8.57 -67.91 0
101678 10.10 8.44 -67.64 0
101679 3.59 3.24 -65.08 0
101680 3.15 4.28 -64.91 0
101681 2.81 5.33 -64.77 0
101682 2.39 6.22 -64.60 0
101701 14.36 8.67 -68.86 0
101702 13.82 9.08 -68.74 0
101703 10.34 7.46 -67.71 0
101704 9.65 7.64 -67.46 0
101705 4.13 1.52 -65.28 0
101706 4.27 2.70 -65.35 0
101707 1.94 7.14 -64.42 0
101708 1.48 8.24 -64.24 0
101717 15.00 9.26 -68.92 0
101718 9.87 6.73 -67.53 0
101719 9.22 6.62 -67.28 0
101720 4.74 1.77 -65.52 0
101721 5.11 3.28 -65.68 0
101722 1.02 9.43 -64.07 0
101723 0.70 10.47 -63.95 0
101729 9.68 5.70 -67.44 0
101730 8.85 5.34 -67.12 0
101731 5.72 2.03 -65.90 0
101732 5.86 3.66 -65.98 0
101733 0.23 11.11 -63.74 0
101740 9.39 4.43 -67.32 0
101741 8.57 3.91 -67.00 0
101742 6.70 1.55 -66.28 0
101743 -0.21 12.28 -63.56 0
101744 -0.70 12.54 -63.29 0
101745 -2.98 15.47 -61.65 0
101746 -3.30 16.11 -61.34 0
101756 9.13 3.27 -67.22 0
101759 -0.42 13.57 -63.53 0
101760 -0.91 13.45 -63.22 0
101761 -2.24 15.15 -62.35 0
101762 -2.58 15.49 -62.04 0
101777 -0.63 14.52 -63.47 0
101778 -1.08 14.82 -63.20 0
101779 -1.50 15.39 -62.95 0
101780 -1.91 15.58 -62.65 0
102811 10.85 10.99 -67.91 0
102812 10.54 10.67 -67.81 0
102827 12.87 10.09 -68.49 0
102828 12.09 10.14 -68.28 0
102829 11.15 10.24 -68.00 0
102830 10.20 9.68 -67.69 0
102831 9.47 8.81 -67.42 0
102832 3.74 4.54 -65.16 0
102833 3.71 5.88 -65.17 0
102834 3.09 6.70 -64.93 0
102835 2.66 7.60 -64.77 0
102852 14.33 9.78 -68.79 0
102853 13.62 10.03 -68.66 0
102854 8.90 7.77 -67.19 0
102855 4.51 4.71 -65.47 0
102856 4.52 6.37 -65.51 0
102857 2.26 8.71 -64.63 0
102858 1.81 9.86 -64.47 0
102867 15.69 9.82 -68.96 0
102868 14.98 10.46 -68.84 0
102869 8.39 6.48 -66.97 0
102870 5.56 4.76 -65.88 0
102871 1.32 11.02 -64.30 0
102872 0.79 11.49 -64.06 0
102879 16.50 10.23 -69.00 0
102880 7.85 4.89 -66.74 0
102881 6.78 3.61 -66.32 0
102882 6.18 4.58 -66.11 0
102883 1.14 12.21 -64.28 0
102884 0.58 12.63 -64.02 0
102892 17.39 10.56 -69.04 0
102893 7.79 3.22 -66.70 0
102894 7.37 2.32 -66.53 0
102895 0.15 13.76 -63.87 0
102896 -2.42 17.41 -62.30 0
102897 -2.74 17.07 -61.97 0
102898 -3.36 17.93 -61.35 0
102906 18.39 10.73 -69.09 0
102909 -0.16 14.83 -63.76 0
102910 -1.94 17.17 -62.71 0
102911 -2.20 16.80 -62.47 0
102912 -2.51 16.46 -62.17 0
102922 -0.55 15.91 -63.60 0
102923 -1.15 16.34 -63.24 0
102924 -1.73 16.69 -62.85 0
102925 -1.95 16.36 -62.67 0
103953 10.55 11.49 -67.81 0
103954 9.97 10.94 -67.62 0
103969 12.56 11.22 -68.37 0
103970 11.84 11.29 -68.18 0
103971 11.17 11.54 -67.99 0
103972 9.37 10.09 -67.41 0
103973 8.63 9.22 -67.13 0
103974 7.80 9.09 -66.83 0
103975 3.61 7.13 -65.16 0
103976 3.36 7.96 -65.08 0
103977 2.93 8.86 -64.93 0
103997 14.20 11.13 -68.68 0
103998 13.32 11.18 -68.53 0
103999 8.04 7.82 -66.88 0
104000 7.01 7.92 -66.50 0
104001 5.60 6.89 -65.95 0
104002 4.29 7.96 -65.47 0
104003 3.61 9.49 -65.25 0
104004 2.75 10.51 -64.93 0
104005 2.02 11.18 -64.64 0
104021 15.73 11.21 -68.86 0
104022 14.94 11.57 -68.75 0
104023 7.49 6.42 -66.64 0
104024 6.63 6.15 -66.31 0
104025 6.12 5.41 -66.11 0
104026 2.43 12.03 -64.88 0
104027 1.78 12.47 -64.61 0
104036 16.65 11.42 -68.91 0
104037 7.05 5.22 -66.45 0
104038 6.50 5.01 -66.24 0
104039 6.26 5.01 -66.15 0
104040 1.24 13.40 -64.41 0
104041 0.76 14.17 -64.22 0
104042 -3.08 20.33 -61.78 0
104043 -3.21 20.42 -61.63 0
104054 17.88 12.84 -68.87 0
104055 17.59 12.24 -68.91 0
104056 0.40 15.07 -64.09 0
104057 -2.05 18.61 -62.67 0
104058 -2.31 18.33 -62.43 0
104059 -2.94 19.57 -61.86 0
104060 -3.52 19.81 -61.25 0
104069 18.22 12.81 -68.89 0
104070 18.90 12.03 -69.00 0
104071 0.09 16.11 -63.99 0
104072 -1.89 17.99 -62.78 0
104073 -2.14 17.72 -62.57 0
104081 -0.15 17.41 -63.93 0
104082 -0.73 17.33 -63.57 0
104083 -1.24 17.85 -63.25 0
104090 21.63 12.25 -69.13 0
104092 -0.21 18.18 -63.94 0
104093 -0.45 18.16 -63.79 0
104094 -0.79 18.28 -63.58 0
104106 22.40 12.11 -69.17 0
105042 9.98 12.26 -67.62 0
105043 9.16 11.41 -67.35 0
105044 8.57 11.11 -67.15 0
105058 12.29 11.95 -68.27 0
105059 11.82 12.63 -68.13 0
105060 10.82 12.54 -67.87 0
105061 8.77 10.46 -67.21 0
105062 8.12 10.45 -66.98 0
105063 7.21 10.01 -66.64 0
105064 6.39 10.53 -66.36 0
105085 13.74 11.96 -68.56 0
105086 12.96 12.65 -68.38 0
105087 12.33 13.24 -68.23 0
105088 6.33 9.01 -66.29 0
105089 5.44 9.67 -65.98 0
105090 4.51 10.24 -65.65 0
105091 3.82 11.39 -65.43 0
105092 3.14 12.55 -65.22 0
105107 15.30 12.13 -68.74 0
105108 14.48 12.88 -68.59 0
105109 13.56 13.57 -68.43 0
105110 2.47 13.40 -64.98 0
105111 1.86 14.03 -64.75 0
105120 16.06 12.85 -68.75 0
105121 15.34 13.75 -68.63 0
105122 1.35 14.86 -64.56 0
105123 0.87 15.26 -64.35 0
105124 -3.06 20.98 -61.82 0
105125 -3.44 21.38 -61.42 0
105126 -3.81 21.96 -61.04 0
105136 17.83 13.47 -68.82 0
105137 17.00 13.44 -68.77 0
105138 1.17 15.90 -64.54 0
105139 0.70 16.27 -64.33 0
105140 -1.94 19.48 -62.78 0
105141 -2.42 20.27 -62.39 0
105142 -2.77 20.90 -62.09 0
105143 -3.79 20.94 -61.01 0
105144 -4.16 21.55 -60.61 0
105153 18.91 13.48 -68.87 0
105154 19.72 12.70 -68.99 0
105155 0.37 17.18 -64.21 0
105156 -1.43 19.21 -63.16 0
105163 20.13 13.71 -68.91 0
105164 20.64 12.62 -69.04 0
105165 0.25 17.96 -64.18 0
105166 -0.95 19.07 -63.50 0
105172 22.55 14.90 -68.92 0
105173 21.62 13.54 -69.00 0
105174 21.24 12.51 -69.09 0
105175 0.02 18.40 -64.08 0
105176 -0.23 18.77 -63.95 0
105177 -0.56 18.97 -63.76 0
105188 22.94 13.77 -69.03 0
105189 22.56 13.01 -69.09 0
106145 9.81 13.04 -67.56 0
106146 9.28 12.87 -67.40 0
106147 8.23 12.11 -67.05 0
106148 7.63 12.67 -66.87 0
106160 11.15 13.83 -67.93 0
106161 10.28 13.47 -67.70 0
106162 9.72 13.55 -67.53 0
106163 7.68 11.12 -66.84 0
106164 7.15 11.90 -66.68 0
106165 5.84 12.03 -66.23 0
106166 5.12 13.39 -66.05 0
106167 4.82 14.15 -65.98 0
106189 12.54 13.67 -68.26 0
106190 12.01 13.97 -68.13 0
106191 5.13 10.98 -65.93 0
106192 4.77 11.94 -65.84 0
106193 4.19 13.54 -65.70 0
106194 3.18 14.38 -65.35 0
106210 13.84 14.54 -68.41 0
106211 12.96 14.19 -68.31 0
106212 12.45 14.29 -68.21 0
106213 2.43 14.89 -65.06 0
106214 1.90 15.16 -64.85 0
106224 16.41 15.31 -68.61 0
106225 15.96 14.62 -68.62 0
106226 14.87 14.62 -68.52 0
106227 1.67 16.05 -64.79 0
106228 -2.72 23.03 -62.20 0
106229 -3.05 22.56 -61.87 0
106230 -3.60 22.92 -61.31 0
106231 -4.03 22.98 -60.83 0
106238 17.01 14.72 -68.68 0
106239 16.51 13.91 -68.71 0
106240 1.28 17.05 -64.66 0
106241 0.79 17.32 -64.43 0
106242 -1.98 21.27 -62.78 0
106243 -2.54 22.02 -62.34 0
106244 -2.86 21.62 -62.03 0
106245 -4.43 22.90 -60.37 0
106253 18.23 14.77 -68.73 0
106254 1.00 18.07 -64.57 0
106255 0.60 18.00 -64.37 0
106256 -1.49 20.62 -63.15 0
106263 19.35 14.87 -68.77 0
106264 0.78 18.64 -64.48 0
106265 0.42 18.79 -64.31 0
106266 -1.03 20.20 -63.47 0
106272 22.57 16.14 -68.81 0
106273 21.60 15.48 -68.82 0
106274 20.52 15.03 -68.81 0
106275 0.08 19.27 -64.14 0
106276 -0.25 19.62 -63.96 0
106277 -0.62 19.90 -63.74 0
107256 9.35 14.01 -67.42 0
107257 8.68 13.70 -67.22 0
107258 7.80 13.66 -66.95 0
107259 7.43 14.40 -66.85 0
107272 11.07 14.67 -67.90 0
107273 10.55 14.68 -67.76 0
107274 9.88 14.33 -67.58 0
107275 7.36 13.00 -66.79 0
107276 6.87 13.73 -66.65 0
107277 5.85 14.05 -66.34 0
107278 5.27 14.60 -66.17 0
107301 11.53 14.78 -68.00 0
107302 11.06 15.38 -67.88 0
107303 4.71 15.02 -65.99 0
107304 3.93 15.48 -65.72 0
107318 13.64 15.42 -68.34 0
107319 13.16 15.23 -68.28 0
107320 12.27 15.31 -68.13 0
107321 11.59 15.44 -68.00 0
107322 2.95 16.37 -65.37 0
107323 2.22 15.96 -65.04 0
107332 16.08 15.70 -68.56 0
107333 15.40 16.07 -68.49 0
107334 14.21 15.85 -68.39 0
107335 13.37 16.03 -68.27 0
107336 12.86 15.84 -68.21 0
107337 2.70 17.48 -65.33 0
107338 2.16 17.31 -65.08 0
107339 -2.80 24.16 -62.16 0
107340 -3.36 24.29 -61.62 0
107341 -3.86 24.32 -61.09 0
107342 -4.30 24.20 -60.59 0
107352 16.60 16.18 -68.56 0
107353 16.03 16.27 -68.53 0
107354 1.53 18.43 -64.83 0
107355 -1.98 23.07 -62.82 0
107356 -2.47 23.35 -62.43 0
107367 17.60 16.04 -68.61 0
107368 1.09 18.94 -64.64 0
107369 -1.46 22.11 -63.19 0
107376 18.65 16.05 -68.65 0
107377 0.81 19.40 -64.51 0
107378 0.46 19.81 -64.34 0
107379 -1.03 21.42 -63.48 0
107384 21.61 16.80 -68.71 0
107385 20.70 16.42 -68.70 0
107386 19.70 16.18 -68.68 0
107387 0.10 20.23 -64.16 0
107388 -0.27 20.56 -63.96 0
107389 -0.63 20.94 -63.74 0
107401 10.24 29.54 -67.25 0
107402 10.19 29.72 -67.24 0
107409 10.39 29.67 -67.27 0
107410 10.31 29.96 -67.24 0
107418 10.50 29.89 -67.27 0
107419 10.45 30.09 -67.25 0
108365 9.50 14.79 -67.48 0
108366 9.02 14.80 -67.34 0
108367 8.40 14.70 -67.15 0
108368 7.82 14.96 -66.99 0
108381 10.50 15.57 -67.75 0
108382 9.90 15.43 -67.59 0
108383 9.36 15.34 -67.45 0
108384 7.21 15.22 -66.82 0
108385 6.30 15.50 -66.55 0
108386 5.71 15.02 -66.34 0
108410 10.73 16.20 -67.80 0
108411 10.25 16.11 -67.69 0
108412 5.92 16.45 -66.49 0
108413 5.41 15.91 -66.29 0
108414 4.65 16.39 -66.05 0
108431 12.07 16.33 -68.06 0
108432 11.48 16.25 -67.95 0
108433 3.92 17.16 -65.81 0
108444 15.35 17.22 -68.43 0
108445 14.67 17.13 -68.37 0
108446 13.70 17.09 -68.26 0
108447 12.65 16.75 -68.13 0
108448 11.90 16.97 -68.01 0
108449 3.12 18.20 -65.54 0
108450 2.58 18.02 -65.31 0
108451 -2.10 25.68 -62.78 0
108452 -2.57 25.61 -62.40 0
108453 -3.11 25.81 -61.92 0
108454 -3.68 25.94 -61.36 0
108455 -4.17 25.56 -60.81 0
108465 16.56 16.99 -68.51 0
108466 16.05 17.12 -68.48 0
108467 2.97 19.26 -65.52 0
108468 2.36 19.06 -65.23 0
108469 -1.76 24.65 -63.01 0
108470 -2.29 24.43 -62.61 0
108482 17.05 17.28 -68.51 0
108483 16.54 17.35 -68.49 0
108484 1.35 20.11 -64.78 0
108485 1.15 21.33 -64.68 0
108486 -1.33 23.61 -63.29 0
108494 18.04 17.19 -68.55 0
108495 0.79 20.10 -64.51 0
108496 0.57 21.05 -64.40 0
108497 0.13 21.62 -64.18 0
108498 -0.92 22.64 -63.55 0
108503 20.84 17.61 -68.61 0
108504 19.95 17.43 -68.59 0
108505 19.00 17.27 -68.57 0
108506 0.06 21.02 -64.14 0
108507 -0.22 21.59 -63.99 0
108508 -0.60 21.94 -63.76 0
108522 10.42 29.31 -67.28 0
108523 10.00 29.43 -67.21 0
108524 9.66 29.80 -67.12 0
108532 10.70 29.60 -67.30 0
108533 10.04 29.96 -67.19 0
108534 9.80 30.38 -67.11 0
108539 10.69 30.09 -67.26 0
108540 10.31 30.42 -67.19 0
108541 10.00 30.79 -67.10 0
109426 9.11 15.47 -67.38 0
109427 8.77 15.52 -67.28 0
109428 8.27 15.55 -67.14 0
109441 9.86 16.32 -67.59 0
109442 9.28 16.18 -67.44 0
109443 8.55 16.34 -67.24 0
109444 7.81 16.18 -67.03 0
109445 7.04 16.53 -66.82 0
109462 10.88 16.90 -67.82 0
109463 10.22 16.96 -67.68 0
109464 9.66 16.87 -67.55 0
109465 6.34 17.00 -66.64 0
109466 5.61 17.37 -66.44 0
109467 5.13 16.89 -66.25 0
109481 11.32 17.39 -67.89 0
109482 10.65 17.65 -67.76 0
109483 5.34 18.15 -66.39 0
109484 4.82 17.84 -66.19 0
109496 15.57 17.76 -68.43 0
109497 15.08 18.01 -68.38 0
109498 14.25 18.50 -68.26 0
109499 13.08 18.27 -68.13 0
109500 11.98 18.11 -67.98 0
109501 11.05 18.43 -67.81 0
109502 4.03 18.66 -65.93 0
109515 15.88 18.15 -68.43 0
109516 15.46 18.26 -68.40 0
109517 14.17 19.59 -68.21 0
109518 13.49 19.59 -68.12 0
109519 12.40 19.54 -67.98 0
109520 11.49 19.35 -67.85 0
109521 3.48 19.54 -65.73 0
109522 2.95 20.22 -65.52 0
109523 -1.63 25.98 -63.11 0
109530 17.02 18.24 -68.46 0
109531 16.49 17.98 -68.46 0
109532 2.28 20.86 -65.21 0
109533 1.66 21.74 -64.92 0
109534 -1.19 25.10 -63.38 0
109541 17.59 18.20 -68.47 0
109542 1.04 22.41 -64.62 0
109543 0.15 22.78 -64.16 0
109544 -0.60 23.99 -63.73 0
109548 20.21 18.63 -68.52 0
109549 19.27 18.46 -68.50 0
109550 18.38 18.32 -68.49 0
109551 11.29 27.40 -67.47 0
109552 10.79 26.98 -67.42 0
109553 10.31 26.61 -67.37 0
109554 -0.29 22.27 -63.94 0
109555 -0.46 22.73 -63.83 0
109562 11.36 28.14 -67.44 0
109563 10.76 27.94 -67.37 0
109564 9.94 27.55 -67.27 0
109565 9.30 27.93 -67.14 0
109571 11.41 28.57 -67.42 0
109572 11.00 28.87 -67.36 0
109573 10.23 28.68 -67.26 0
109574 9.29 28.94 -67.09 0
109575 8.63 29.24 -66.95 0
109584 11.67 30.32 -67.32 0
109585 11.22 29.74 -67.33 0
109586 9.19 30.28 -66.98 0
109587 8.70 29.73 -66.92 0
109595 12.25 31.47 -67.24 0
109596 11.71 31.08 -67.25 0
109597 10.98 30.75 -67.22 0
109598 10.27 31.32 -67.07 0
109599 9.64 31.02 -67.00 0
109607 12.14 31.96 -67.17 0
109608 11.74 31.83 -67.16 0
109609 11.19 31.59 -67.14 0
109610 10.78 31.41 -67.13 0
110472 9.36 17.04 -67.47 0
110473 8.93 17.23 -67.36 0
110474 8.21 17.33 -67.17 0
110475 7.57 17.26 -67.00 0
110486 10.18 17.73 -67.66 0
110487 9.59 17.81 -67.53 0
110488 8.61 18.65 -67.30 0
110489 7.78 18.28 -67.09 0
110490 6.98 17.95 -66.87 0
110491 6.21 18.16 -66.67 0
110502 10.26 18.46 -67.66 0
110503 9.47 19.48 -67.49 0
110504 8.77 19.60 -67.34 0
110505 5.69 18.51 -66.53 0
110506 5.22 18.84 -66.39 0
110518 15.27 18.47 -68.37 0
110519 14.99 18.70 -68.34 0
110520 10.62 19.61 -67.70 0
110521 10.05 20.86 -67.56 0
110522 4.68 19.22 -66.20 0
110534 16.17 18.84 -68.40 0
110535 15.52 18.91 -68.36 0
110536 14.82 19.57 -68.27 0
110537 14.12 20.69 -68.15 0
110538 12.92 20.91 -67.99 0
110539 11.44 21.03 -67.78 0
110540 10.37 22.10 -67.58 0
110541 4.15 19.94 -66.02 0
110542 3.66 20.93 -65.83 0
110543 -1.16 26.41 -63.39 0
110552 17.24 18.83 -68.43 0
110553 16.74 18.87 -68.41 0
110554 13.51 21.82 -68.03 0
110555 12.58 22.74 -67.87 0
110556 11.10 23.08 -67.65 0
110557 9.89 23.36 -67.46 0
110558 9.31 23.80 -67.35 0
110559 2.98 21.60 -65.53 0
110560 2.39 22.40 -65.26 0
110561 -0.59 25.92 -63.72 0
110568 17.76 19.32 -68.41 0
110569 17.09 19.51 -68.39 0
110570 12.69 23.95 -67.83 0
110571 11.85 24.63 -67.68 0
110572 10.47 24.59 -67.49 0
110573 9.48 24.53 -67.34 0
110574 1.77 23.30 -64.96 0
110575 1.02 24.18 -64.58 0
110576 0.19 25.08 -64.15 0
110580 19.49 19.67 -68.44 0
110581 18.61 19.46 -68.43 0
110582 11.68 26.42 -67.57 0
110583 10.80 25.88 -67.47 0
110584 9.72 26.02 -67.30 0
110590 11.86 27.51 -67.54 0
110591 9.19 27.21 -67.16 0
110592 8.81 27.99 -67.05 0
110597 11.85 28.50 -67.48 0
110598 11.44 28.76 -67.42 0
110599 8.46 28.73 -66.94 0
110600 8.09 29.55 -66.81 0
110601 7.58 29.76 -66.67 0
110608 12.04 29.48 -67.43 0
110609 11.50 29.07 -67.40 0
110610 8.98 31.39 -66.83 0
110611 8.31 30.63 -66.76 0
110612 7.68 30.23 -66.66 0
110619 12.88 31.27 -67.31 0
110620 12.44 30.52 -67.36 0
110621 10.62 32.58 -66.95 0
110622 10.19 32.29 -66.94 0
110623 9.61 31.91 -66.89 0
110631 12.60 32.13 -67.17 0
110632 11.96 32.39 -67.09 0
110633 11.23 32.51 -67.02 0
110634 10.71 31.95 -67.05 0
110638 12.69 32.69 -67.09 0
110639 12.29 32.89 -67.03 0
110640 11.72 33.04 -66.97 0
111491 7.97 19.12 -67.16 0
111492 7.35 19.29 -67.01 0
111493 6.56 19.11 -66.81 0
111494 6.06 18.98 -66.67 0
111505 8.86 20.03 -67.36 0
111506 8.15 20.24 -67.21 0
111507 7.29 20.30 -67.01 0
111508 6.16 19.57 -66.72 0
111509 5.68 19.51 -66.57 0
111510 5.13 19.77 -66.39 0
111521 9.07 20.76 -67.39 0
111522 8.50 21.78 -67.26 0
111523 4.72 20.22 -66.25 0
111533 15.93 19.36 -68.36 0
111534 15.62 19.90 -68.31 0
111535 15.05 20.69 -68.23 0
111536 14.64 21.27 -68.17 0
111537 9.39 22.16 -67.42 0
111538 8.68 22.92 -67.27 0
111539 4.38 21.04 -66.12 0
111540 4.09 21.81 -66.00 0
111541 -0.82 27.76 -63.56 0
111550 16.41 19.76 -68.35 0
111551 15.98 21.07 -68.27 0
111552 15.09 21.61 -68.19 0
111553 14.32 22.05 -68.11 0
111554 13.61 22.68 -68.01 0
111555 9.19 23.26 -67.35 0
111556 8.71 24.04 -67.23 0
111557 8.21 24.95 -67.09 0
111558 3.61 22.34 -65.79 0
111559 3.01 22.78 -65.53 0
111560 0.08 27.11 -64.06 0
111566 18.09 20.10 -68.38 0
111567 17.30 20.76 -68.33 0
111568 16.60 21.48 -68.28 0
111569 14.12 22.97 -68.05 0
111570 13.50 23.78 -67.94 0
111571 12.83 24.62 -67.82 0
111572 8.84 25.32 -67.19 0
111573 8.20 25.92 -67.04 0
111574 3.41 23.47 -65.68 0
111575 2.70 24.06 -65.36 0
111576 1.87 24.97 -64.97 0
111577 1.17 26.46 -64.61 0
111580 19.48 20.47 -68.39 0
111581 18.68 20.87 -68.36 0
111582 17.93 21.41 -68.32 0
111583 13.38 24.99 -67.87 0
111584 12.70 25.71 -67.75 0
111585 8.78 26.44 -67.12 0
111586 8.18 26.86 -66.98 0
111587 2.52 25.43 -65.25 0
111588 2.10 26.35 -65.04 0
111589 1.79 27.16 -64.89 0
111594 19.82 21.12 -68.36 0
111595 19.20 21.62 -68.33 0
111596 12.49 26.81 -67.66 0
111597 8.60 27.27 -67.05 0
111598 8.06 27.83 -66.90 0
111599 7.40 28.42 -66.72 0
111600 7.03 29.04 -66.58 0
111606 12.54 27.74 -67.61 0
111607 7.90 28.76 -66.82 0
111608 7.51 29.26 -66.69 0
111609 7.06 29.97 -66.52 0
111610 6.71 30.83 -66.36 0
111618 12.67 28.66 -67.56 0
111619 8.96 32.53 -66.68 0
111620 8.21 31.94 -66.60 0
111621 7.38 31.22 -66.49 0
111622 6.81 31.40 -66.33 0
111629 14.24 30.34 -67.52 0
111630 13.54 30.45 -67.46 0
111631 12.96 29.56 -67.51 0
111632 10.74 33.12 -66.88 0
111633 10.27 33.02 -66.84 0
111634 9.67 32.88 -66.76 0
111641 14.23 30.92 -67.43 0
111642 13.58 31.80 -67.26 0
111643 13.40 32.73 -67.11 0
111644 11.17 33.50 -66.85 0
111645 11.21 34.26 -66.71 0
111648 13.02 32.51 -67.14 0
111649 12.83 33.20 -67.00 0
111650 11.95 33.86 -66.83 0
111651 11.49 34.60 -66.66 0
112466 6.75 19.98 -66.88 0
112467 6.40 19.78 -66.79 0
112477 7.39 21.04 -67.04 0
112478 6.80 20.92 -66.90 0
112479 6.12 20.45 -66.71 0
112480 5.41 20.44 -66.49 0
112481 5.05 20.36 -66.38 0
112493 7.73 21.78 -67.10 0
112494 7.01 21.90 -66.94 0
112495 6.27 21.81 -66.74 0
112496 5.52 21.51 -66.52 0
112497 4.96 20.98 -66.34 0
112511 8.04 22.81 -67.15 0
112512 7.32 22.88 -66.99 0
112513 6.55 22.97 -66.80 0
112514 5.67 23.08 -66.53 0
112515 4.70 22.29 -66.22 0
112516 4.11 22.43 -66.00 0
112528 15.56 22.07 -68.21 0
112529 14.95 22.51 -68.15 0
112530 14.51 22.77 -68.10 0
112531 8.28 23.45 -67.18 0
112532 7.74 24.02 -67.04 0
112533 6.92 23.76 -66.87 0
112534 5.44 24.02 -66.44 0
112535 4.84 24.12 -66.21 0
112536 4.06 23.26 -65.95 0
112537 -0.11 28.92 -63.93 0
112543 16.88 21.87 -68.27 0
112544 16.22 22.19 -68.24 0
112545 15.57 22.96 -68.17 0
112546 14.66 23.53 -68.08 0
112547 14.16 24.74 -67.97 0
112548 7.58 25.42 -66.93 0
112549 6.95 24.81 -66.82 0
112550 4.63 25.58 -66.08 0
112551 3.70 24.86 -65.75 0
112552 2.97 25.22 -65.45 0
112553 0.74 28.48 -64.36 0
112556 18.19 21.84 -68.30 0
112557 17.54 22.15 -68.27 0
112558 16.76 22.73 -68.23 0
112559 16.17 23.05 -68.20 0
112560 13.69 26.05 -67.85 0
112561 13.00 26.41 -67.75 0
112562 7.65 26.52 -66.88 0
112563 6.78 26.29 -66.69 0
112564 5.86 26.90 -66.40 0
112565 4.98 26.75 -66.14 0
112566 4.05 26.59 -65.81 0
112567 3.00 26.49 -65.42 0
112568 2.29 27.51 -65.10 0
112569 1.66 28.30 -64.80 0
112574 19.56 22.23 -68.30 0
112575 18.74 22.24 -68.29 0
112576 18.09 22.49 -68.27 0
112577 13.83 27.23 -67.80 0
112578 13.13 27.03 -67.73 0
112579 7.81 27.16 -66.89 0
112580 7.37 27.41 -66.77 0
112581 6.56 28.21 -66.50 0
112582 5.42 28.22 -66.18 0
112583 4.44 27.98 -65.88 0
112584 3.58 27.83 -65.59 0
112585 2.88 28.05 -65.33 0
112594 13.92 28.10 -67.75 0
112595 13.25 27.93 -67.69 0
112596 6.65 29.32 -66.46 0
112597 5.98 30.04 -66.22 0
112598 4.75 29.41 -65.90 0
112599 3.90 29.02 -65.66 0
112607 14.09 28.86 -67.69 0
112608 13.42 28.76 -67.64 0
112609 8.21 33.20 -66.43 0
112610 7.44 32.61 -66.35 0
112611 6.83 32.05 -66.27 0
112612 6.35 31.47 -66.21 0
112618 16.25 31.00 -67.42 0
112619 15.70 30.69 -67.48 0
112620 14.89 30.32 -67.54 0
112621 14.31 29.67 -67.61 0
112622 13.66 29.46 -67.59 0
112623 10.46 33.52 -66.79 0
112624 9.97 33.71 -66.68 0
112625 9.07 33.78 -66.51 0
112633 15.80 31.42 -67.36 0
112634 14.89 31.64 -67.31 0
112635 14.06 32.73 -67.11 0
112636 13.47 33.36 -66.99 0
112637 10.74 33.57 -66.81 0
112638 10.59 34.10 -66.68 0
112639 9.75 34.92 -66.42 0
112641 15.88 32.19 -67.20 0
112642 14.95 33.01 -67.06 0
112643 14.05 33.80 -66.90 0
112644 12.99 34.32 -66.77 0
112645 11.92 35.05 -66.58 0
112646 10.87 35.18 -66.48 0
112647 10.16 35.67 -66.32 0
113526 6.52 23.65 -66.78 0
113527 6.21 23.64 -66.69 0
113543 6.45 24.21 -66.73 0
113544 5.87 24.27 -66.57 0
113545 5.40 24.58 -66.40 0
113553 15.92 23.45 -68.17 0
113554 15.52 23.88 -68.13 0
113555 14.95 24.53 -68.05 0
113556 6.29 25.12 -66.64 0
113557 5.69 25.19 -66.47 0
113558 5.17 25.24 -66.29 0
113564 17.79 22.82 -68.25 0
113565 17.34 23.22 -68.22 0
113566 16.40 23.86 -68.16 0
113567 15.63 24.90 -68.07 0
113568 14.77 25.54 -67.98 0
113569 6.01 25.91 -66.51 0
113570 5.46 25.99 -66.34 0
113571 5.05 25.90 -66.22 0
113577 19.23 23.17 -68.23 0
113578 18.21 23.39 -68.21 0
113579 17.34 24.34 -68.15 0
113580 16.49 25.23 -68.08 0
113581 15.63 26.30 -67.98 0
113582 14.57 26.70 -67.89 0
113594 15.11 27.49 -67.88 0
113595 14.40 27.56 -67.83 0
113596 6.50 34.12 -65.96 0
113597 5.97 33.42 -65.91 0
113598 5.54 31.99 -65.94 0
113599 4.81 30.86 -65.83 0
113600 3.97 30.33 -65.61 0
113610 15.60 28.90 -67.76 0
113611 15.22 28.42 -67.81 0
113612 14.56 28.23 -67.79 0
113613 8.24 34.22 -66.29 0
113614 7.33 34.05 -66.14 0
113615 6.72 33.12 -66.12 0
113616 6.28 32.42 -66.10 0
113622 17.72 30.15 -67.46 0
113623 16.61 30.08 -67.54 0
113624 15.76 29.60 -67.65 0
113625 15.07 29.31 -67.69 0
113626 14.65 28.90 -67.73 0
113627 8.72 34.94 -66.26 0
113628 7.87 35.09 -66.09 0
113636 16.88 31.22 -67.34 0
113637 9.04 35.71 -66.18 0
113638 8.35 35.87 -66.05 0
113643 13.92 35.07 -66.62 0
113644 12.76 35.83 -66.43 0
113645 11.45 36.46 -66.24 0
113646 10.43 36.33 -66.21 0
113647 9.60 36.22 -66.15 0
114647 18.90 24.02 -68.16 0
114648 18.25 24.72 -68.11 0
114649 17.36 25.59 -68.05 0
114650 16.56 26.34 -68.00 0
114651 16.12 26.81 -67.97 0
114663 19.42 24.89 -68.06 0
114664 18.26 26.06 -67.98 0
114665 17.27 26.79 -67.94 0
114666 16.45 27.24 -67.93 0
114667 15.81 27.33 -67.92 0
114672 6.67 34.69 -65.92 0
114674 5.00 33.55 -65.65 0
114675 4.47 32.10 -65.63 0
114676 4.18 31.22 -65.62 0
114684 19.26 26.75 -67.84 0
114685 18.02 27.56 -67.81 0
114686 16.94 27.95 -67.83 0
114687 16.00 28.21 -67.84 0
114688 15.54 27.87 -67.87 0
114693 7.01 35.29 -65.90 0
114702 18.92 28.82 -67.57 0
114703 17.45 28.92 -67.67 0
114704 16.45 28.96 -67.72 0
114705 15.96 28.92 -67.75 0
