# Label from mne_analyze
2829
109961 29.36 40.47 35.69 0
109974 29.94 41.07 34.50 0
110940 28.47 42.05 37.32 0
110941 28.67 41.10 36.95 0
110955 28.79 42.50 36.76 0
110956 29.38 42.10 35.62 0
110973 30.03 42.51 34.28 0
111897 28.35 42.76 37.53 0
111910 28.66 43.49 37.00 0
111911 29.13 43.51 36.13 0
111927 29.69 43.53 35.02 0
111928 30.18 43.71 33.96 0
112908 28.20 45.30 37.82 0
112909 28.19 43.89 37.81 0
112923 28.59 45.57 37.19 0
112924 28.80 44.76 36.78 0
112925 29.43 44.66 35.58 0
112939 29.93 44.69 34.54 0
112940 30.37 44.77 33.55 0
112947 30.77 44.86 32.59 0
112956 31.11 44.91 31.70 0
113986 28.07 46.18 38.06 0
114001 28.47 46.27 37.41 0
114002 28.86 45.96 36.73 0
114003 29.25 45.72 35.99 0
114012 29.72 45.70 35.05 0
114013 30.16 45.73 34.08 0
114020 30.56 45.77 33.13 0
114029 30.97 46.00 32.12 0
114030 31.08 46.65 31.86 0
114043 31.36 45.79 31.03 0
114044 31.20 46.45 31.51 0
115073 28.22 46.77 37.84 0
115090 28.18 47.29 37.93 0
115091 28.47 47.18 37.46 0
115092 28.85 46.92 36.78 0
115093 29.14 46.49 36.25 0
115104 29.19 47.10 36.17 0
115105 29.50 46.74 35.54 0
115106 29.97 46.69 34.55 0
115115 30.39 46.74 33.60 0
115116 30.66 47.17 32.99 0
115125 30.71 46.54 32.83 0
115126 30.93 47.04 32.28 0
115136 31.37 46.65 31.05 0
115137 31.22 47.13 31.50 0
115149 31.60 46.67 30.35 0
116156 28.02 47.62 38.20 0
116177 27.99 48.11 38.26 0
116178 28.30 47.94 37.77 0
116179 28.74 47.87 37.01 0
116180 29.05 47.57 36.45 0
116191 29.06 48.14 36.43 0
116192 29.37 47.80 35.84 0
116193 29.81 47.67 34.93 0
116194 30.19 47.57 34.11 0
116201 30.47 47.68 33.45 0
116202 30.76 47.86 32.74 0
116211 31.08 47.92 31.91 0
116221 31.45 47.22 30.85 0
116222 31.40 47.96 31.03 0
116236 31.88 47.21 29.45 0
116237 31.63 47.69 30.28 0
116238 31.56 48.19 30.55 0
117220 27.59 48.81 38.89 0
117221 27.85 48.38 38.49 0
117236 27.86 49.29 38.51 0
117237 28.09 48.81 38.12 0
117238 28.54 48.68 37.37 0
117239 28.89 48.70 36.76 0
117247 29.24 48.75 36.09 0
117248 29.67 48.66 35.23 0
117249 30.12 48.55 34.27 0
117250 30.32 48.10 33.81 0
117256 30.29 49.00 33.90 0
117257 30.50 48.63 33.40 0
117258 30.90 48.71 32.40 0
117268 31.26 48.85 31.45 0
117269 31.38 49.23 31.15 0
117279 31.53 48.76 30.66 0
117280 31.42 49.07 31.01 0
117290 31.96 47.75 29.17 0
117291 31.85 48.17 29.55 0
117292 31.67 48.37 30.19 0
117301 32.07 47.82 28.73 0
117302 31.98 48.08 29.09 0
118377 27.66 49.84 38.83 0
118378 28.06 49.69 38.19 0
118379 28.49 49.60 37.45 0
118380 28.73 49.15 37.05 0
118389 28.73 50.09 37.04 0
118390 28.97 49.62 36.60 0
118391 29.47 49.61 35.63 0
118392 29.96 49.60 34.61 0
118393 30.17 50.10 34.17 0
118395 30.19 49.19 34.14 0
118396 30.35 49.63 33.75 0
118397 30.73 49.52 32.84 0
118403 31.05 49.52 32.02 0
118404 31.30 49.59 31.34 0
118413 31.62 49.18 30.40 0
118414 31.50 49.44 30.77 0
118427 31.90 48.70 29.41 0
118428 31.76 49.03 29.88 0
118429 31.65 49.52 30.26 0
118447 32.22 48.25 28.12 0
118448 32.03 48.57 28.90 0
118449 31.93 49.05 29.28 0
119495 27.69 50.77 38.79 0
119496 27.99 50.39 38.32 0
119497 28.27 50.21 37.85 0
119506 27.99 50.99 38.31 0
119507 28.23 50.83 37.91 0
119508 28.54 50.57 37.37 0
119509 28.89 50.58 36.73 0
119510 29.26 50.50 36.02 0
119511 29.67 50.51 35.20 0
119512 30.02 50.59 34.47 0
119519 30.30 50.58 33.83 0
119520 30.63 50.48 33.04 0
119521 30.92 50.82 32.30 0
119523 30.90 50.13 32.39 0
119524 31.15 50.34 31.70 0
119526 31.42 50.20 30.92 0
119528 31.77 49.96 29.81 0
119529 31.60 49.98 30.39 0
119545 32.37 48.73 27.43 0
119546 32.20 49.08 28.18 0
119547 32.04 49.41 28.84 0
119548 31.90 49.54 29.37 0
120548 27.53 51.51 39.01 0
120549 27.87 51.49 38.48 0
120554 28.15 51.45 38.02 0
120555 28.43 51.36 37.55 0
120556 28.74 51.32 36.99 0
120557 29.09 51.35 36.33 0
120558 29.46 51.37 35.59 0
120559 29.83 51.39 34.83 0
120560 30.16 51.37 34.11 0
120568 30.46 51.34 33.42 0
120569 30.73 51.39 32.73 0
120570 30.95 51.47 32.15 0
120573 31.10 51.11 31.77 0
120575 31.32 51.03 31.12 0
120577 31.83 50.56 29.55 0
120578 31.63 50.81 30.18 0
120583 32.50 49.27 26.72 0
120584 32.34 49.62 27.51 0
120585 32.16 49.94 28.27 0
120586 31.97 50.27 29.04 0
121594 27.38 52.22 39.16 0
121595 27.75 52.17 38.60 0
121600 28.06 52.05 38.13 0
121601 28.31 51.96 37.74 0
121602 28.58 52.00 37.25 0
121603 28.90 52.09 36.66 0
121604 29.25 52.22 35.96 0
121605 29.63 52.27 35.18 0
121606 30.00 52.23 34.38 0
121614 30.32 52.11 33.68 0
121615 30.57 52.09 33.07 0
121616 30.83 52.13 32.37 0
121622 31.14 51.90 31.55 0
121624 31.45 51.83 30.60 0
121626 32.10 51.55 28.34 0
121627 31.91 51.22 29.14 0
121628 31.69 51.73 29.86 0
121632 32.62 49.87 26.01 0
121633 32.46 50.21 26.83 0
121634 32.30 50.50 27.62 0
121635 32.11 50.79 28.43 0
121636 32.00 50.76 28.87 0
122610 27.22 52.90 39.30 0
122611 27.60 52.91 38.75 0
122612 28.05 52.86 38.06 0
122613 28.44 53.29 37.39 0
122614 28.78 53.53 36.77 0
122615 29.09 53.71 36.17 0
122616 29.27 53.85 35.82 0
122620 28.21 52.35 37.88 0
122621 28.38 52.54 37.56 0
122622 28.69 52.73 37.01 0
122623 29.02 52.93 36.37 0
122624 29.39 53.28 35.60 0
122625 29.82 53.16 34.69 0
122626 30.24 53.08 33.74 0
122627 30.43 53.53 33.24 0
122633 30.44 52.58 33.34 0
122634 30.61 53.02 32.84 0
122635 30.97 52.93 31.87 0
122642 31.29 52.84 30.93 0
122644 31.81 52.83 29.24 0
122645 31.60 52.67 29.97 0
122647 32.34 51.75 27.23 0
122648 32.21 52.08 27.77 0
122649 31.99 52.35 28.63 0
122650 31.81 52.16 29.37 0
122655 32.73 50.51 25.30 0
122656 32.57 50.86 26.14 0
122657 32.41 51.16 26.96 0
122658 32.25 51.30 27.72 0
123577 26.74 54.01 39.68 0
123578 27.13 54.20 39.17 0
123579 27.52 54.34 38.63 0
123580 27.91 54.46 38.07 0
123581 28.22 54.58 37.59 0
123585 27.01 53.49 39.47 0
123586 27.38 53.59 38.95 0
123587 27.78 53.67 38.38 0
123588 28.16 53.85 37.78 0
123589 28.53 54.22 37.14 0
123590 28.89 54.30 36.50 0
123591 29.20 54.38 35.91 0
123592 29.43 54.53 35.41 0
123595 29.39 54.03 35.56 0
123596 29.64 54.10 35.00 0
123597 29.99 53.99 34.22 0
123598 30.29 54.05 33.49 0
123603 30.54 53.97 32.87 0
123604 30.80 53.84 32.19 0
123612 31.10 53.84 31.32 0
123615 31.70 53.45 29.51 0
123616 31.45 53.86 30.27 0
123618 32.65 52.22 25.49 0
123619 32.57 52.33 25.89 0
123620 32.38 52.46 26.87 0
123621 32.15 53.07 27.82 0
123622 31.91 53.57 28.73 0
123632 32.83 51.11 24.62 0
123633 32.68 51.71 25.42 0
123634 32.51 51.71 26.35 0
123635 32.42 51.77 26.85 0
124474 26.42 54.45 39.93 0
124475 26.82 54.76 39.41 0
124476 27.24 54.98 38.86 0
124477 27.66 55.11 38.30 0
124478 28.05 55.19 37.75 0
124479 28.44 55.16 37.16 0
124480 28.72 55.39 36.67 0
124484 28.72 54.84 36.75 0
124485 28.98 55.11 36.23 0
124486 29.31 55.12 35.59 0
124487 29.62 55.04 34.95 0
124488 29.86 55.23 34.37 0
124491 29.85 54.65 34.48 0
124492 30.10 54.88 33.84 0
124493 30.44 54.84 33.00 0
124494 30.66 55.10 32.37 0
124499 30.67 54.50 32.44 0
124500 30.89 54.77 31.78 0
124507 31.20 54.83 30.86 0
124514 31.70 54.34 29.35 0
124515 31.48 55.05 29.96 0
124526 32.87 52.57 24.22 0
124527 32.69 52.63 25.18 0
124528 32.51 53.26 26.06 0
124529 32.30 53.74 27.00 0
124530 32.08 54.24 27.93 0
124531 31.88 54.69 28.64 0
124542 32.79 51.96 24.75 0
124543 32.72 52.10 25.11 0
125333 25.55 55.15 40.60 0
125334 26.06 55.66 39.98 0
125335 26.47 55.94 39.50 0
125352 26.05 54.84 40.20 0
125353 26.46 55.22 39.69 0
125354 26.90 55.66 39.11 0
125355 27.38 55.78 38.51 0
125356 27.81 55.89 37.95 0
125357 28.21 55.92 37.38 0
125358 28.56 55.94 36.84 0
125359 28.86 55.91 36.33 0
125365 29.15 55.84 35.79 0
125366 29.45 55.83 35.19 0
125367 29.74 55.83 34.56 0
125368 30.00 55.74 33.96 0
125371 30.26 55.66 33.34 0
125372 30.53 55.71 32.64 0
125373 30.77 55.66 31.98 0
125378 31.01 55.63 31.30 0
125385 31.26 55.80 30.55 0
125397 31.86 55.59 28.61 0
125398 31.76 55.43 28.98 0
125399 31.49 56.08 29.77 0
125408 32.96 53.29 23.61 0
125409 32.81 53.54 24.43 0
125410 32.63 53.96 25.28 0
125411 32.44 54.48 26.19 0
125412 32.22 54.96 27.16 0
125413 31.96 55.42 28.23 0
125414 31.87 55.18 28.61 0
126175 25.01 55.82 40.91 0
126176 24.47 56.27 41.29 0
126191 25.62 56.28 40.24 0
126192 26.18 56.52 39.63 0
126193 26.72 56.61 39.06 0
126194 27.11 56.93 38.56 0
126210 27.13 56.33 38.69 0
126211 27.50 56.66 38.16 0
126212 27.97 56.67 37.54 0
126213 28.37 56.65 36.99 0
126214 28.71 56.61 36.45 0
126215 29.01 56.54 35.94 0
126222 29.28 56.54 35.40 0
126223 29.58 56.58 34.78 0
126224 29.90 56.56 34.06 0
126225 30.13 56.25 33.57 0
126228 30.13 56.79 33.50 0
126229 30.35 56.50 32.98 0
126230 30.66 56.49 32.16 0
126231 30.87 56.21 31.62 0
126235 30.86 56.76 31.59 0
126236 31.06 56.52 31.06 0
126245 31.29 56.68 30.34 0
126258 33.13 54.61 22.49 0
126259 33.00 54.89 23.23 0
126260 32.87 55.16 23.94 0
126261 32.74 55.43 24.55 0
126262 31.84 55.93 28.62 0
126263 31.68 56.56 29.06 0
126264 31.46 56.99 29.76 0
126270 33.05 53.98 23.05 0
126271 32.91 54.24 23.80 0
126272 32.76 54.59 24.55 0
126273 32.59 55.25 25.33 0
126274 32.37 55.70 26.34 0
126275 32.15 56.16 27.30 0
126276 31.91 56.65 28.22 0
126277 31.74 57.33 28.75 0
127005 24.85 57.82 40.58 0
127006 24.58 57.80 40.84 0
127020 25.04 57.24 40.54 0
127021 24.33 57.10 41.23 0
127038 25.84 57.27 39.77 0
127039 26.36 57.36 39.24 0
127040 26.84 57.52 38.70 0
127041 27.30 57.52 38.19 0
127052 27.73 57.47 37.66 0
127053 28.16 57.42 37.10 0
127054 28.53 57.34 36.56 0
127055 28.88 57.28 36.02 0
127056 29.13 57.07 35.61 0
127063 29.09 57.58 35.56 0
127064 29.36 57.38 35.07 0
127065 29.72 57.35 34.33 0
127066 30.00 57.32 33.71 0
127069 30.24 57.31 33.14 0
127070 30.50 57.29 32.49 0
127071 30.75 57.28 31.84 0
127074 30.95 57.28 31.29 0
127075 31.14 57.28 30.73 0
127084 31.31 57.39 30.21 0
127096 33.08 55.57 22.69 0
127097 32.95 55.80 23.42 0
127098 32.82 56.01 24.12 0
127099 32.68 56.16 24.82 0
127100 31.57 57.51 29.35 0
127101 31.42 57.70 29.84 0
127105 32.51 56.44 25.60 0
127106 32.31 56.90 26.47 0
127107 32.09 57.35 27.39 0
127108 31.88 57.80 28.21 0
127109 31.68 58.14 28.93 0
127840 24.92 58.41 40.36 0
127841 24.29 58.53 40.93 0
127855 25.72 58.37 39.60 0
127856 26.11 58.89 39.07 0
127868 26.10 57.84 39.37 0
127869 26.45 58.37 38.87 0
127870 27.06 58.29 38.25 0
127871 27.49 58.25 37.76 0
127881 27.93 58.26 37.19 0
127882 28.35 58.11 36.63 0
127883 28.69 57.93 36.17 0
127884 28.93 57.89 35.77 0
127890 28.82 58.38 35.82 0
127891 29.13 58.28 35.29 0
127892 29.55 58.20 34.50 0
127893 29.90 58.06 33.82 0
127894 30.12 57.83 33.36 0
127896 30.10 58.32 33.34 0
127897 30.34 58.12 32.80 0
127898 30.67 58.05 32.00 0
127899 30.85 57.78 31.53 0
127902 30.85 58.27 31.50 0
127903 31.04 58.03 30.99 0
127904 31.21 57.79 30.48 0
127913 31.23 58.30 30.41 0
127914 31.34 57.92 30.09 0
127926 33.15 56.37 22.16 0
127927 33.03 56.47 22.94 0
127928 32.90 56.67 23.65 0
127929 32.76 56.85 24.36 0
127930 32.62 56.96 25.01 0
127931 31.44 58.35 29.73 0
127932 31.40 57.99 29.89 0
127937 33.08 57.06 22.58 0
127938 32.97 57.34 23.16 0
127939 32.83 57.57 23.91 0
127940 32.68 57.69 24.68 0
127941 32.48 57.65 25.61 0
127942 32.25 58.09 26.62 0
127943 32.03 58.50 27.54 0
127944 31.81 58.82 28.42 0
127945 31.61 59.00 29.13 0
128673 24.01 60.22 40.81 0
128674 23.48 59.84 41.41 0
128690 24.61 59.66 40.35 0
128691 23.90 59.26 41.13 0
128701 25.35 59.46 39.67 0
128702 25.90 59.43 39.13 0
128712 26.37 59.39 38.66 0
128713 26.95 59.30 38.06 0
128714 27.27 58.76 37.87 0
128726 27.27 59.81 37.55 0
128727 27.57 59.17 37.38 0
128728 28.20 59.14 36.54 0
128729 28.57 58.56 36.17 0
128742 28.42 59.73 36.05 0
128743 28.77 59.20 35.65 0
128744 29.37 59.32 34.59 0
128745 29.79 58.80 33.90 0
128746 29.98 58.56 33.55 0
128756 29.57 59.97 34.11 0
128757 29.79 59.61 33.75 0
128758 30.13 59.03 33.14 0
128759 30.59 59.00 32.11 0
128760 30.76 58.56 31.71 0
128764 30.79 59.45 31.59 0
128765 30.94 58.92 31.23 0
128766 31.11 58.59 30.75 0
128775 31.08 59.47 30.83 0
128776 31.23 59.12 30.38 0
128791 33.14 57.21 22.12 0
128792 31.55 59.81 29.38 0
128793 31.49 59.47 29.57 0
128800 33.17 57.76 21.76 0
128801 33.06 57.89 22.53 0
128802 32.91 58.36 23.37 0
128803 32.76 58.46 24.20 0
128804 32.59 58.62 25.02 0
128805 32.40 58.87 25.90 0
128806 32.20 59.24 26.81 0
128807 31.97 59.70 27.77 0
128808 31.67 59.76 28.93 0
128809 31.59 59.41 29.21 0
128816 32.82 59.08 23.81 0
128817 32.69 59.38 24.44 0
128818 32.52 59.65 25.25 0
128819 32.34 59.95 26.10 0
128820 32.16 60.29 26.93 0
128821 32.03 60.63 27.55 0
129575 24.02 60.97 40.64 0
129576 23.60 60.72 41.11 0
129577 23.05 60.40 41.71 0
129593 24.47 60.85 40.20 0
129607 25.52 61.74 38.88 0
129608 25.29 60.84 39.36 0
129609 25.67 60.04 39.19 0
129610 20.18 65.04 43.38 0
129611 19.98 65.37 43.47 0
129612 19.57 65.93 43.70 0
129613 19.01 65.99 44.21 0
129614 18.52 66.04 44.68 0
129615 18.07 66.06 45.15 0
129624 25.67 61.98 38.64 0
129625 25.89 61.61 38.52 0
129626 26.14 60.41 38.60 0
129627 26.62 59.94 38.24 0
129628 19.58 66.63 43.48 0
129629 19.29 66.74 43.72 0
129630 18.80 66.85 44.16 0
129631 18.30 66.87 44.67 0
129632 17.86 66.81 45.16 0
129639 26.21 61.87 38.10 0
129640 26.41 61.37 38.02 0
129641 26.98 60.64 37.62 0
129642 27.55 60.10 37.12 0
129643 27.85 59.70 36.85 0
129654 27.26 61.10 37.16 0
129655 27.50 60.90 36.92 0
129656 28.08 60.38 36.33 0
129657 28.61 60.17 35.64 0
129658 29.00 59.99 35.08 0
129671 28.50 60.88 35.60 0
129672 28.88 60.79 35.06 0
129673 29.33 60.46 34.40 0
129674 29.76 60.47 33.66 0
129675 30.07 60.03 33.11 0
129676 30.36 59.75 32.54 0
129683 30.05 60.75 33.05 0
129684 30.32 60.54 32.52 0
129685 30.67 60.11 31.81 0
129686 30.94 59.75 31.18 0
129694 30.94 60.42 31.12 0
129695 31.19 60.10 30.49 0
129696 31.37 59.74 29.96 0
129712 31.48 60.18 29.63 0
129713 31.45 59.80 29.73 0
129722 33.20 58.38 21.15 0
129723 33.11 58.60 21.98 0
129724 33.00 58.90 22.70 0
129725 32.90 59.23 23.30 0
129726 31.86 60.62 28.25 0
129727 31.68 60.81 28.96 0
129731 33.12 59.15 21.57 0
129732 33.03 59.48 22.15 0
129733 32.93 59.81 22.88 0
129734 32.80 59.97 23.72 0
129735 32.63 60.44 24.61 0
129736 32.46 60.62 25.46 0
129737 32.30 61.02 26.26 0
129738 32.13 61.19 27.06 0
129739 31.98 61.35 27.77 0
129745 32.53 61.16 24.99 0
129746 32.42 61.49 25.55 0
129747 32.31 61.82 26.09 0
130509 22.82 61.57 41.70 0
130529 23.78 61.51 40.76 0
130530 23.25 61.37 41.33 0
130531 22.83 61.00 41.82 0
130545 24.20 61.52 40.32 0
130546 21.04 63.87 42.89 0
130547 20.76 64.16 43.07 0
130548 20.32 64.52 43.39 0
130556 25.22 61.91 39.15 0
130557 24.70 61.87 39.71 0
130558 21.14 64.44 42.61 0
130559 20.79 64.91 42.81 0
130560 20.39 65.45 43.04 0
130561 20.06 66.11 43.16 0
130562 19.80 66.58 43.28 0
130571 25.50 62.33 38.72 0
130572 25.78 62.21 38.46 0
130573 21.21 65.13 42.32 0
130574 20.92 65.74 42.41 0
130575 20.52 66.39 42.60 0
130576 20.12 66.94 42.83 0
130577 19.65 67.27 43.19 0
130578 19.12 67.73 43.57 0
130579 18.56 67.73 44.14 0
130580 18.00 67.71 44.74 0
130581 17.30 67.29 45.63 0
130589 25.75 62.68 38.35 0
130590 26.08 62.44 38.06 0
130591 26.45 62.05 37.77 0
130592 26.78 61.64 37.53 0
130593 18.79 68.48 43.66 0
130594 18.33 68.71 44.08 0
130595 17.67 68.84 44.75 0
130596 16.91 69.02 45.56 0
130604 26.44 62.61 37.61 0
130605 26.78 62.35 37.30 0
130606 27.28 61.75 36.92 0
130607 27.83 61.43 36.34 0
130608 28.25 61.31 35.84 0
130623 27.73 62.15 36.24 0
130624 28.13 62.06 35.74 0
130625 28.66 61.75 35.12 0
130626 29.16 61.42 34.46 0
130627 29.56 61.25 33.83 0
130628 29.88 61.17 33.29 0
130637 29.05 62.14 34.43 0
130638 29.41 62.07 33.89 0
130639 29.81 61.87 33.27 0
130640 30.20 61.49 32.62 0
130641 30.56 61.09 31.96 0
130642 30.81 60.90 31.40 0
130646 30.51 61.81 31.95 0
130647 30.78 61.64 31.39 0
130648 31.09 61.21 30.70 0
130649 31.33 60.85 30.08 0
130662 31.34 61.49 30.03 0
130663 31.52 61.27 29.50 0
130674 33.15 59.28 21.08 0
130675 31.81 61.44 28.47 0
130676 31.68 61.56 28.99 0
130682 33.11 59.86 20.69 0
130683 33.05 60.00 21.48 0
130684 32.95 60.42 22.28 0
130685 32.84 60.82 23.10 0
130686 32.72 60.97 23.91 0
130687 32.61 61.27 24.48 0
130688 32.22 61.73 26.62 0
130689 32.09 62.09 27.24 0
130690 31.91 62.11 28.04 0
130693 32.74 61.52 23.49 0
130694 32.64 61.79 24.05 0
130695 32.51 61.96 24.84 0
130696 32.37 62.33 25.62 0
130697 32.23 62.50 26.43 0
130698 32.10 62.88 27.05 0
131374 22.58 62.00 41.84 0
131375 22.08 62.07 42.32 0
131388 23.54 62.05 40.87 0
131389 23.07 62.34 41.27 0
131390 22.57 62.84 41.65 0
131391 22.00 62.98 42.17 0
131392 21.53 63.16 42.59 0
131393 21.08 63.27 43.01 0
131401 24.04 62.38 40.26 0
131402 23.55 62.62 40.71 0
131403 22.70 63.51 41.34 0
131404 22.33 63.60 41.67 0
131405 21.85 63.78 42.09 0
131406 21.38 63.87 42.54 0
131414 25.07 62.74 39.06 0
131415 24.56 62.79 39.59 0
131416 22.89 63.84 41.05 0
131417 22.64 64.08 41.23 0
131418 22.22 64.38 41.54 0
131419 21.65 64.68 42.02 0
131428 25.49 63.00 38.53 0
131429 22.95 64.27 40.85 0
131430 22.70 64.84 40.90 0
131431 22.16 65.29 41.31 0
131432 21.55 65.85 41.73 0
131433 21.06 66.71 41.94 0
131434 20.58 67.38 42.20 0
131435 20.09 67.90 42.53 0
131436 19.58 68.33 42.90 0
131437 19.15 68.69 43.22 0
131446 25.96 63.69 37.81 0
131447 25.88 63.40 37.99 0
131448 26.25 63.03 37.68 0
131449 22.61 65.68 40.71 0
131450 22.21 66.30 40.90 0
131451 21.68 67.06 41.18 0
131452 21.14 67.83 41.47 0
131453 20.59 68.46 41.81 0
131454 20.02 68.97 42.21 0
131455 19.46 69.36 42.67 0
131456 18.82 69.53 43.29 0
131457 18.12 69.96 43.90 0
131458 17.37 70.34 44.62 0
131459 16.81 70.24 45.30 0
131464 26.05 63.73 37.69 0
131465 26.26 63.55 37.51 0
131466 26.61 63.14 37.23 0
131467 27.12 62.89 36.72 0
131468 27.50 62.58 36.38 0
131469 16.90 71.08 44.93 0
131481 27.48 63.17 36.19 0
131482 27.88 62.90 35.79 0
131483 28.44 62.80 35.10 0
131484 28.83 62.55 34.64 0
131498 28.79 63.15 34.50 0
131499 29.17 62.89 34.02 0
131500 29.67 62.79 33.26 0
131501 30.06 62.42 32.69 0
131502 30.35 62.25 32.20 0
131508 29.99 63.11 32.64 0
131509 30.29 62.97 32.13 0
131510 30.63 62.54 31.54 0
131511 31.01 62.30 30.75 0
131512 31.24 61.94 30.25 0
131521 31.26 62.54 30.13 0
131522 31.47 62.17 29.59 0
131523 31.63 61.80 29.18 0
131531 31.72 62.17 28.81 0
131532 31.69 61.85 29.00 0
131537 33.06 60.53 20.16 0
131538 33.01 60.78 20.90 0
131539 32.94 61.06 21.66 0
131540 32.86 61.37 22.40 0
131541 32.78 61.66 22.99 0
131542 31.98 62.83 27.68 0
131543 31.85 62.80 28.27 0
131547 32.97 61.22 19.62 0
131548 32.94 61.49 20.34 0
131549 32.89 61.75 21.08 0
131550 32.83 62.01 21.83 0
131551 32.76 62.24 22.56 0
131552 32.68 62.34 23.38 0
131553 32.55 62.67 24.21 0
131554 32.42 62.95 25.01 0
131555 32.29 63.22 25.81 0
131556 32.16 63.43 26.58 0
131557 32.02 63.53 27.31 0
131560 32.79 62.01 18.51 0
131563 32.62 63.04 18.21 0
131569 32.46 64.08 17.86 0
131578 32.35 64.92 17.63 0
131585 32.07 65.40 16.55 0
131591 31.78 66.87 15.88 0
131592 31.93 66.44 16.30 0
131600 31.65 67.44 15.59 0
131608 31.50 68.12 15.25 0
132251 22.95 63.01 41.23 0
132252 22.80 63.20 41.33 0
132258 23.75 63.12 40.36 0
132259 23.31 63.19 40.81 0
132260 22.97 63.44 41.08 0
132267 24.75 63.43 39.20 0
132268 24.21 63.52 39.75 0
132269 23.64 63.86 40.25 0
132270 23.18 63.89 40.73 0
132277 25.26 63.82 38.52 0
132278 24.63 64.23 39.06 0
132279 24.04 64.75 39.52 0
132280 23.31 64.69 40.32 0
132281 23.04 65.48 40.33 0
132291 25.95 63.92 37.73 0
132292 25.70 64.11 37.94 0
132293 24.08 65.49 39.23 0
132294 23.63 65.70 39.63 0
132295 22.93 66.46 40.10 0
132296 22.34 67.41 40.37 0
132297 21.77 68.26 40.64 0
132298 21.17 69.03 40.99 0
132299 20.54 69.64 41.44 0
132300 19.91 70.11 41.92 0
132301 19.28 70.53 42.45 0
132302 18.61 70.93 43.04 0
132303 17.92 71.40 43.67 0
132304 17.26 71.83 44.28 0
132312 26.20 64.09 37.39 0
132313 26.54 63.86 37.08 0
132314 26.91 63.66 36.70 0
132315 27.27 63.56 36.31 0
132316 16.67 72.03 44.89 0
132322 26.46 64.39 36.99 0
132323 26.77 64.32 36.64 0
132324 27.17 64.17 36.22 0
132325 27.65 63.89 35.72 0
132326 28.17 63.61 35.17 0
132327 28.56 63.54 34.68 0
132340 28.03 64.30 35.08 0
132341 28.42 64.21 34.60 0
132342 28.93 63.91 34.01 0
132343 29.43 63.61 33.39 0
132344 29.78 63.51 32.87 0
132351 29.30 64.30 33.33 0
132352 29.66 64.19 32.81 0
132353 30.09 63.84 32.23 0
132354 30.55 63.62 31.45 0
132355 30.88 63.18 30.88 0
132356 31.13 63.00 30.35 0
132363 30.83 63.88 30.82 0
132364 31.08 63.71 30.31 0
132365 31.38 63.26 29.66 0
132366 31.61 62.82 29.12 0
132378 31.64 63.50 28.90 0
132379 31.76 62.99 28.60 0
132382 31.84 63.54 28.15 0
132383 31.83 63.11 28.34 0
132385 32.87 61.85 19.16 0
132386 32.85 62.18 19.77 0
132387 32.82 62.46 20.50 0
132388 32.78 62.70 21.25 0
132389 32.72 62.92 22.01 0
132390 32.65 63.12 22.78 0
132391 32.55 63.35 23.59 0
132392 32.44 63.62 24.39 0
132393 32.32 63.89 25.19 0
132394 32.18 64.22 26.03 0
132395 32.06 64.21 26.86 0
132396 31.94 64.27 27.54 0
132398 32.73 62.87 19.09 0
132399 32.73 63.18 19.91 0
132400 32.70 63.44 20.66 0
132401 32.66 63.63 21.43 0
132402 32.60 63.84 22.20 0
132403 32.53 64.05 22.98 0
132404 32.44 64.28 23.77 0
132405 32.33 64.53 24.56 0
132406 32.22 64.78 25.33 0
132407 32.13 65.03 25.92 0
132409 32.57 63.96 18.66 0
132411 32.43 64.98 18.27 0
132418 32.23 65.36 17.21 0
132419 32.29 65.83 17.74 0
132427 32.14 66.26 17.10 0
132428 32.23 66.52 17.57 0
132435 31.85 67.31 16.24 0
132436 32.03 67.08 16.84 0
132443 31.70 68.14 15.92 0
132444 31.40 71.39 15.63 0
132445 31.33 71.72 15.52 0
132446 31.19 72.42 15.32 0
132447 31.07 73.08 15.16 0
132454 31.48 68.97 15.33 0
132456 31.33 71.23 15.32 0
132459 30.88 73.57 14.65 0
133125 24.98 64.72 38.52 0
133126 24.54 65.13 38.86 0
133127 24.26 65.38 39.08 0
133128 18.83 72.85 42.15 0
133129 18.39 73.43 42.46 0
133130 18.01 73.94 42.74 0
133135 25.92 64.46 37.58 0
133136 25.50 64.91 37.88 0
133137 24.95 65.52 38.27 0
133138 24.36 66.13 38.70 0
133139 23.65 66.91 39.17 0
133140 23.03 67.74 39.52 0
133141 22.45 68.60 39.81 0
133142 21.90 69.64 40.01 0
133143 21.13 70.35 40.55 0
133144 20.43 70.85 41.11 0
133145 19.78 71.30 41.64 0
133146 19.12 71.89 42.15 0
133147 18.43 72.26 42.80 0
133148 17.72 73.04 43.37 0
133149 16.98 73.06 44.21 0
133157 26.22 64.70 37.15 0
133158 25.95 65.02 37.34 0
133159 24.54 66.85 38.23 0
133160 24.25 67.29 38.38 0
133161 23.71 68.11 38.66 0
133162 23.11 68.95 38.99 0
133163 22.58 69.57 39.31 0
133164 16.41 73.13 44.85 0
133173 26.56 64.97 36.65 0
133174 26.98 64.84 36.18 0
133175 27.40 64.72 35.72 0
133176 27.77 64.66 35.27 0
133188 26.82 65.44 36.15 0
133189 27.19 65.42 35.70 0
133190 27.62 65.32 35.19 0
133191 28.14 65.09 34.61 0
133192 28.66 64.81 34.03 0
133193 29.05 64.70 33.54 0
133202 28.51 65.51 33.93 0
133203 28.90 65.41 33.43 0
133204 29.40 65.05 32.87 0
133205 29.91 64.83 32.17 0
133206 30.37 64.60 31.48 0
133207 30.67 64.31 31.02 0
133210 30.64 64.86 30.89 0
133211 30.92 64.56 30.42 0
133212 31.27 64.35 29.68 0
133213 31.50 64.01 29.20 0
133225 31.47 64.59 29.10 0
133226 31.66 64.33 28.63 0
133229 31.82 64.50 28.03 0
133231 32.06 64.93 26.52 0
133232 31.96 64.89 27.18 0
133233 31.88 64.89 27.67 0
133235 32.63 63.84 19.38 0
133236 32.60 64.28 20.04 0
133237 32.59 64.35 20.87 0
133238 32.55 64.54 21.61 0
133239 32.49 64.75 22.38 0
133240 32.41 64.96 23.17 0
133241 32.32 65.19 23.96 0
133242 32.22 65.43 24.74 0
133243 32.11 65.60 25.50 0
133244 32.02 65.63 26.20 0
133246 32.51 64.91 19.18 0
133247 32.50 65.20 19.90 0
133249 32.31 66.68 18.40 0
133250 32.35 66.18 18.53 0
133256 32.27 66.88 18.14 0
133257 32.26 66.56 17.86 0
133267 32.08 67.69 17.30 0
133268 32.15 67.19 17.48 0
133269 32.23 66.76 17.64 0
133270 31.55 71.96 16.73 0
133271 31.50 72.26 16.71 0
133272 31.39 72.92 16.67 0
133273 31.26 73.67 16.66 0
133274 31.15 74.36 16.66 0
133282 31.97 67.87 16.85 0
133283 32.06 67.38 17.06 0
133284 31.58 71.41 16.45 0
133285 31.54 71.79 16.51 0
133286 31.38 72.55 16.26 0
133287 31.23 73.33 16.13 0
133288 31.10 74.17 16.09 0
133289 31.00 75.00 16.23 0
133297 31.72 69.11 16.22 0
133298 31.61 70.22 16.10 0
133299 31.51 71.21 16.03 0
133300 31.37 72.10 15.89 0
133301 31.22 72.88 15.69 0
133302 31.03 73.78 15.41 0
133303 30.91 74.85 15.47 0
133304 30.83 75.74 15.66 0
133311 31.49 69.86 15.54 0
133312 31.42 70.68 15.47 0
133313 31.42 71.04 15.61 0
133314 30.78 74.56 14.69 0
133315 30.67 75.81 14.76 0
133316 30.71 76.32 15.28 0
134013 19.40 74.25 41.03 0
134014 19.04 74.79 41.26 0
134015 18.74 75.31 41.44 0
134019 20.63 72.55 40.26 0
134020 20.18 72.98 40.60 0
134021 19.60 73.50 41.05 0
134022 18.98 73.78 41.66 0
134023 18.39 74.69 42.05 0
134024 17.54 74.60 43.07 0
134025 17.07 75.28 43.40 0
134029 25.35 65.86 37.69 0
134030 24.95 66.37 37.95 0
134031 24.68 66.67 38.15 0
134032 22.57 71.25 38.69 0
134033 21.81 71.22 39.50 0
134034 20.95 71.73 40.23 0
134035 20.27 71.98 40.86 0
134036 19.70 72.43 41.32 0
134037 19.24 72.89 41.67 0
134038 17.21 73.80 43.71 0
134039 16.60 74.50 44.19 0
134040 15.84 75.25 44.82 0
134048 26.20 65.26 36.95 0
134049 25.86 65.75 37.15 0
134050 25.48 66.72 37.21 0
134051 24.85 67.32 37.70 0
134052 24.39 68.41 37.79 0
134053 23.80 69.38 38.06 0
134054 23.08 70.28 38.50 0
134055 22.38 70.39 39.21 0
134056 16.19 73.78 44.90 0
134057 15.84 74.24 45.14 0
134069 26.42 65.84 36.45 0
134070 26.08 66.64 36.53 0
134071 25.83 67.40 36.52 0
134083 26.91 66.14 35.73 0
134084 27.37 66.03 35.19 0
134085 27.82 65.97 34.64 0
134086 28.22 65.92 34.14 0
134096 27.17 66.62 35.18 0
134097 27.53 66.72 34.67 0
134098 28.01 66.70 34.04 0
134099 28.59 66.31 33.45 0
134100 29.17 66.07 32.75 0
134101 29.71 65.82 32.06 0
134102 30.15 65.44 31.53 0
134103 30.46 65.28 31.06 0
134106 30.03 66.12 31.42 0
134107 30.35 65.96 30.95 0
134108 30.72 65.53 30.45 0
134109 31.10 65.30 29.73 0
134110 31.35 65.00 29.28 0
134122 31.31 65.53 29.16 0
134123 31.53 65.22 28.70 0
134124 31.72 64.90 28.28 0
134136 31.71 65.38 28.10 0
134137 31.81 65.05 27.90 0
134139 31.93 65.58 26.91 0
134140 31.83 65.44 27.59 0
134141 31.85 65.13 27.73 0
134143 32.53 64.98 20.43 0
134144 32.49 65.22 21.03 0
134145 32.44 65.44 21.78 0
134146 32.37 65.65 22.56 0
134147 32.29 65.87 23.34 0
134148 32.19 66.10 24.13 0
134149 32.07 66.40 24.96 0
134150 31.98 66.35 25.81 0
134151 31.88 66.31 26.56 0
134153 32.42 65.93 19.49 0
134154 32.43 65.86 20.34 0
134155 32.38 66.14 21.16 0
134156 32.32 66.34 21.94 0
134157 32.25 66.56 22.72 0
134158 32.16 66.77 23.49 0
134159 32.06 66.99 24.24 0
134160 31.97 67.23 24.82 0
134162 32.29 66.97 18.52 0
134163 32.32 66.80 19.15 0
134165 32.14 67.99 17.85 0
134166 32.19 67.66 18.06 0
134167 31.29 74.07 17.61 0
134168 31.22 74.43 17.64 0
134169 31.08 75.20 17.76 0
134170 30.96 75.92 17.93 0
134178 32.09 68.01 17.55 0
134179 32.15 67.62 17.70 0
134180 31.66 71.49 17.03 0
134181 31.60 71.81 16.96 0
134182 31.51 72.50 17.12 0
134183 31.40 73.21 17.15 0
134184 31.28 73.97 17.31 0
134185 31.09 74.97 17.04 0
134186 30.95 75.93 17.25 0
134187 30.84 76.64 17.62 0
134196 31.92 68.90 17.05 0
134197 31.74 70.72 16.88 0
134198 31.66 71.22 16.81 0
134199 31.61 71.61 16.76 0
134200 30.90 75.86 16.45 0
134201 30.77 76.92 16.72 0
134202 30.74 77.25 17.34 0
134211 31.78 69.80 16.71 0
134212 31.70 70.62 16.61 0
134213 31.63 71.02 16.48 0
134214 30.74 76.57 15.81 0
134215 30.65 77.39 15.85 0
134223 30.57 77.12 14.89 0
134224 30.58 77.74 15.42 0
134925 21.77 75.31 38.08 0
134926 21.51 75.38 38.34 0
134927 20.93 75.58 38.91 0
134928 20.26 75.89 39.54 0
134929 19.59 76.35 40.14 0
134930 18.96 76.82 40.71 0
134931 18.38 77.19 41.25 0
134936 22.20 74.54 37.87 0
134937 21.90 74.82 38.10 0
134938 21.22 74.62 38.91 0
134939 20.50 74.76 39.65 0
134940 19.70 75.00 40.45 0
134941 19.08 75.72 40.92 0
134942 18.47 76.02 41.52 0
134943 17.83 76.80 42.02 0
134944 17.20 77.00 42.68 0
134945 16.61 77.48 43.20 0
134946 16.02 77.85 43.73 0
134951 22.23 74.03 38.01 0
134952 21.66 73.69 38.76 0
134953 20.83 73.47 39.73 0
134954 20.08 73.98 40.36 0
134955 19.69 74.19 40.72 0
134956 17.92 75.60 42.30 0
134957 17.38 75.90 42.83 0
134958 16.75 76.11 43.50 0
134959 16.14 76.80 43.96 0
134960 15.53 77.33 44.46 0
134965 22.36 72.63 38.39 0
134966 21.42 72.55 39.42 0
134967 20.95 72.57 39.91 0
134968 16.21 75.78 44.23 0
134969 15.73 76.22 44.62 0
134975 25.41 67.69 36.89 0
134976 25.07 68.55 36.93 0
134977 24.61 69.79 36.96 0
134978 23.89 70.72 37.43 0
134979 23.21 71.70 37.81 0
134994 26.52 66.62 36.00 0
134995 26.34 67.49 35.83 0
134996 25.80 68.43 36.10 0
134997 25.35 69.66 36.13 0
134998 25.04 70.52 36.15 0
135011 26.84 66.99 35.43 0
135012 26.89 67.85 34.97 0
135017 27.20 67.20 34.87 0
135018 27.57 67.80 34.09 0
135019 28.32 67.47 33.23 0
135020 28.93 67.09 32.58 0
135021 29.43 66.69 32.07 0
135022 29.79 66.54 31.60 0
135027 28.04 68.31 33.20 0
135028 28.41 68.23 32.73 0
135029 29.27 67.39 31.94 0
135030 29.64 67.23 31.47 0
135031 30.08 66.82 30.97 0
135032 30.55 66.58 30.28 0
135033 30.91 66.14 29.79 0
135034 31.16 65.96 29.33 0
135037 30.79 66.82 29.68 0
135038 31.04 66.62 29.24 0
135039 31.36 66.17 28.71 0
135040 31.59 65.79 28.28 0
135052 31.57 66.31 28.03 0
135053 31.72 65.85 27.84 0
135055 31.75 66.27 27.36 0
135056 31.78 65.86 27.60 0
135058 31.91 67.12 25.45 0
135059 31.82 67.05 26.20 0
135060 31.74 66.96 26.82 0
135062 32.35 66.61 19.83 0
135063 32.31 66.93 20.51 0
135064 32.27 67.03 21.34 0
135065 32.19 67.26 22.08 0
135066 32.11 67.49 22.85 0
135067 32.01 67.66 23.63 0
135068 31.92 67.80 24.36 0
135069 31.83 67.85 25.06 0
135071 32.23 67.61 18.83 0
135072 32.25 67.51 19.67 0
135073 32.21 67.79 20.33 0
135074 30.38 78.42 19.76 0
135075 30.31 78.71 19.82 0
135077 32.12 68.28 17.95 0
135078 32.14 68.33 18.45 0
135079 31.61 72.23 17.90 0
135080 31.57 72.48 17.91 0
135081 31.48 73.03 17.95 0
135082 31.34 73.80 17.90 0
135083 31.20 74.55 18.25 0
135084 31.04 75.38 18.46 0
135085 30.84 76.42 18.56 0
135086 30.63 77.46 18.91 0
135087 30.44 78.39 19.34 0
135088 30.26 79.29 19.40 0
135093 32.02 68.87 17.65 0
135094 31.69 71.43 17.31 0
135095 31.63 72.02 17.68 0
135096 31.50 72.78 17.56 0
135097 31.40 73.42 17.57 0
135098 31.35 73.73 17.59 0
135099 30.71 77.36 17.95 0
135100 30.54 78.32 18.20 0
135101 30.37 79.31 18.47 0
135102 30.23 79.94 18.81 0
135110 31.89 69.70 17.31 0
135111 31.80 70.51 17.21 0
135112 31.77 70.95 17.45 0
135113 30.66 77.67 16.38 0
135114 30.62 78.04 17.06 0
135115 30.43 79.32 17.43 0
135116 30.34 79.78 17.89 0
135126 31.80 70.24 16.95 0
135127 31.77 70.53 16.91 0
135128 30.55 78.28 15.89 0
135129 30.47 79.13 16.54 0
135130 30.41 79.62 16.85 0
135139 30.50 78.16 15.05 0
135674 20.67 80.91 37.44 0
135675 20.51 81.17 37.54 0
135690 21.00 79.83 37.42 0
135691 20.62 80.30 37.70 0
135692 20.28 80.87 37.90 0
135693 19.97 81.05 38.19 0
135708 21.55 78.64 37.20 0
135709 21.04 79.06 37.64 0
135710 20.58 79.52 38.01 0
135711 20.18 80.08 38.27 0
135712 19.86 80.62 38.45 0
135724 22.16 77.34 36.96 0
135725 21.64 77.73 37.42 0
135726 21.11 78.15 37.88 0
135727 20.57 78.64 38.31 0
135728 20.06 79.23 38.68 0
135729 19.69 79.90 38.88 0
135740 22.76 76.24 36.67 0
135741 22.27 76.46 37.14 0
135742 21.75 76.78 37.61 0
135743 21.20 77.19 38.09 0
135744 20.63 77.64 38.58 0
135745 20.03 78.20 39.06 0
135746 19.35 79.01 39.55 0
135747 18.51 79.25 40.41 0
135748 17.83 79.75 41.01 0
135749 17.48 80.13 41.28 0
135759 22.91 75.44 36.76 0
135760 22.42 75.65 37.26 0
135761 21.89 75.74 37.81 0
135762 21.34 76.22 38.26 0
135763 20.74 76.60 38.78 0
135764 20.12 77.05 39.33 0
135765 19.46 77.58 39.89 0
135766 18.76 78.03 40.54 0
135767 17.90 78.28 41.44 0
135768 17.21 79.51 41.80 0
135769 16.71 79.87 42.23 0
135775 23.13 74.58 36.80 0
135776 22.47 74.76 37.49 0
135777 22.17 75.24 37.66 0
135778 17.52 77.56 42.13 0
135779 17.14 78.14 42.36 0
135780 16.37 78.98 42.92 0
135781 15.43 78.62 44.09 0
135782 14.98 79.07 44.39 0
135788 23.43 73.67 36.79 0
135789 22.80 73.75 37.48 0
135790 15.16 77.94 44.63 0
135791 14.65 78.37 45.00 0
135797 24.32 72.57 36.17 0
135798 23.73 72.81 36.78 0
135799 23.17 72.81 37.42 0
135806 25.14 71.69 35.53 0
135807 24.71 71.27 36.24 0
135808 23.90 71.90 36.95 0
135809 23.50 72.31 37.24 0
135823 26.42 68.51 35.28 0
135824 26.12 69.69 35.13 0
135825 25.44 70.94 35.46 0
135826 25.07 70.91 35.95 0
135839 26.93 69.06 34.34 0
135840 26.64 70.17 34.21 0
135841 26.93 82.78 26.70 0
135842 26.92 82.94 26.60 0
135848 27.65 69.07 33.35 0
135849 28.69 67.84 32.54 0
135850 29.00 67.81 32.11 0
135851 27.01 82.72 26.57 0
135852 27.03 82.96 26.33 0
135857 28.21 68.95 32.61 0
135858 28.75 68.56 32.06 0
135859 29.32 68.13 31.45 0
135860 29.85 67.78 30.82 0
135861 30.30 67.50 30.24 0
135862 30.60 67.24 29.83 0
135865 30.50 67.76 29.73 0
135866 30.80 67.53 29.22 0
135867 31.17 67.08 28.66 0
135868 31.40 66.81 28.24 0
135880 31.03 67.80 28.50 0
135881 31.30 67.52 28.02 0
135882 31.53 66.95 27.72 0
135894 31.47 67.60 27.43 0
135895 31.64 67.13 27.16 0
135897 31.73 67.84 25.79 0
135898 31.60 67.72 26.71 0
135899 31.68 67.27 26.90 0
135901 32.21 67.62 20.87 0
135902 32.15 67.90 21.44 0
135903 32.04 68.29 22.15 0
135904 31.95 68.41 22.98 0
135905 31.84 68.52 23.79 0
135906 31.73 68.59 24.59 0
135907 31.64 68.57 25.32 0
135908 29.94 79.43 21.02 0
135909 29.86 79.88 20.96 0
135910 29.69 80.78 20.84 0
135911 29.55 81.55 20.75 0
135913 32.15 68.38 19.13 0
135914 32.14 68.43 19.88 0
135915 32.11 68.45 20.70 0
135916 32.02 68.77 21.45 0
135917 31.95 69.01 21.91 0
135918 30.61 76.87 20.12 0
135919 30.54 77.24 20.15 0
135920 30.37 78.16 20.11 0
135921 30.08 79.24 20.50 0
135922 29.90 80.43 20.23 0
135923 29.72 81.36 20.17 0
135924 29.54 82.15 20.26 0
135926 32.07 68.83 18.11 0
135927 32.04 69.19 18.58 0
135928 31.62 72.20 18.10 0
135929 31.56 72.58 18.29 0
135930 31.46 73.12 18.48 0
135931 31.31 73.82 18.73 0
135932 31.14 74.63 19.01 0
135933 30.95 75.53 19.29 0
135934 30.70 76.61 19.76 0
135935 30.53 77.66 19.67 0
135936 30.45 78.07 19.71 0
135937 30.09 80.15 19.47 0
135938 29.91 81.12 19.43 0
135939 29.72 82.08 19.49 0
135940 29.54 82.72 19.74 0
135942 31.98 69.47 17.92 0
135943 31.91 70.14 18.18 0
135944 31.78 71.04 17.96 0
135945 31.69 71.72 18.33 0
135946 30.27 80.06 18.21 0
135947 30.10 80.83 18.48 0
135948 29.88 81.82 18.74 0
135949 29.74 82.51 18.85 0
135953 31.89 70.09 17.66 0
135954 31.83 70.60 17.69 0
135955 31.80 70.87 17.70 0
135956 30.37 79.87 17.03 0
135957 30.26 80.42 17.42 0
135958 30.09 81.33 17.66 0
135966 30.46 78.72 15.25 0
135967 30.40 79.37 15.56 0
135968 30.33 80.11 16.41 0
135969 30.19 81.00 16.60 0
135979 30.33 79.03 14.48 0
135980 30.28 79.96 14.90 0
136420 20.67 81.85 37.10 0
136421 20.55 81.98 37.17 0
136422 20.33 82.22 37.33 0
136433 20.86 81.04 37.16 0
136434 20.69 81.51 37.19 0
136435 20.34 81.79 37.49 0
136436 20.04 82.14 37.69 0
136449 21.23 80.03 37.08 0
136450 21.04 80.55 37.11 0
136451 20.38 81.37 37.62 0
136452 20.04 81.48 37.94 0
136453 19.60 81.96 38.24 0
136454 19.16 82.12 38.65 0
136469 21.96 79.10 36.54 0
136470 21.46 79.54 36.98 0
136471 19.68 81.20 38.45 0
136472 19.22 81.47 38.84 0
136473 18.72 81.96 39.19 0
136486 22.96 77.40 36.02 0
136487 22.56 77.80 36.33 0
136488 22.07 78.25 36.73 0
136489 19.36 80.58 39.01 0
136490 18.79 80.99 39.49 0
136491 18.18 81.47 39.98 0
136492 17.78 81.62 40.37 0
136503 23.43 76.63 35.73 0
136504 23.06 76.79 36.12 0
136505 22.64 77.00 36.54 0
136506 19.33 79.88 39.28 0
136507 18.94 80.02 39.66 0
136508 18.30 80.40 40.24 0
136509 17.57 80.92 40.88 0
136510 17.15 81.21 41.24 0
136522 23.64 76.04 35.66 0
136523 23.21 76.08 36.19 0
136524 17.30 80.30 41.42 0
136525 16.94 80.65 41.69 0
136536 23.99 75.37 35.44 0
136537 23.44 75.34 36.16 0
136538 16.30 80.33 42.50 0
136539 15.53 79.99 43.45 0
136540 15.16 79.40 44.07 0
136545 24.92 74.34 34.63 0
136546 24.34 74.48 35.34 0
136547 23.73 74.51 36.11 0
136548 25.32 81.39 30.51 0
136549 25.15 82.51 30.18 0
136550 25.00 83.54 29.83 0
136551 24.93 84.10 29.63 0
136552 15.10 80.52 43.68 0
136553 14.69 79.88 44.36 0
136554 14.35 79.14 45.00 0
136559 25.21 73.28 34.72 0
136560 24.63 73.44 35.41 0
136561 24.03 73.58 36.10 0
136562 25.98 79.85 30.26 0
136563 25.85 80.93 29.88 0
136564 25.67 82.00 29.56 0
136565 25.48 83.08 29.26 0
136566 25.22 84.18 29.07 0
136567 25.22 84.77 28.72 0
136568 14.14 80.36 44.72 0
136569 13.90 79.53 45.30 0
136576 25.98 72.06 34.23 0
136577 25.47 72.13 34.90 0
136578 24.92 72.40 35.50 0
136579 26.52 79.25 29.68 0
136580 26.37 80.38 29.29 0
136581 26.20 81.49 28.93 0
136582 26.01 82.58 28.60 0
136583 25.79 83.66 28.33 0
136584 25.53 84.75 28.13 0
136585 25.55 85.34 27.70 0
136593 26.24 71.04 34.36 0
136594 25.79 71.55 34.74 0
136595 27.05 78.68 29.07 0
136596 26.89 79.79 28.70 0
136597 26.72 80.92 28.31 0
136598 26.54 82.05 27.94 0
136599 26.35 83.13 27.60 0
136600 26.12 84.23 27.30 0
136601 25.86 85.19 27.18 0
136609 27.18 70.33 33.37 0
136610 26.71 70.70 33.87 0
136611 27.53 78.19 28.51 0
136612 27.39 79.16 28.15 0
136613 27.25 80.28 27.70 0
136614 27.04 81.50 27.30 0
136615 26.86 82.63 26.93 0
136616 26.75 83.57 26.50 0
136617 26.43 85.06 26.10 0
136618 26.55 85.71 25.40 0
136625 27.93 69.93 32.50 0
136626 27.80 77.98 28.14 0
136627 27.76 78.57 27.82 0
136628 27.82 79.40 27.09 0
136629 27.58 80.81 26.64 0
136630 27.29 82.24 26.28 0
136631 27.21 83.24 25.73 0
136632 27.02 84.30 25.38 0
136633 26.89 85.47 24.83 0
136634 27.05 85.92 24.18 0
136638 28.50 69.58 31.85 0
136639 29.06 69.38 31.12 0
136640 29.63 68.72 30.62 0
136641 30.08 68.27 30.15 0
136642 30.33 68.01 29.89 0
136643 28.15 79.28 26.45 0
136644 28.15 79.99 25.92 0
136645 27.88 81.38 25.55 0
136646 27.66 82.60 25.16 0
136647 27.49 83.68 24.77 0
136648 27.34 84.70 24.37 0
136649 27.27 85.55 23.94 0
136653 29.20 69.94 30.59 0
136654 29.48 69.58 30.34 0
136655 29.92 69.12 29.87 0
136656 30.39 68.48 29.42 0
136657 30.75 68.43 28.68 0
136658 28.44 79.95 25.28 0
136659 28.41 80.66 24.82 0
136660 28.15 81.92 24.49 0
136661 27.94 83.08 24.16 0
136662 27.76 84.11 23.82 0
136663 27.62 85.03 23.49 0
136666 31.09 68.40 27.89 0
136667 31.31 67.96 27.67 0
136668 28.64 80.66 24.23 0
136669 28.63 81.26 23.78 0
136670 28.38 82.51 23.50 0
136671 28.17 83.58 23.22 0
136672 28.00 84.55 22.95 0
136684 31.18 68.64 27.45 0
136685 31.33 68.29 27.28 0
136686 29.22 80.23 22.90 0
136687 29.01 81.07 22.87 0
136688 28.79 82.05 22.77 0
136689 28.57 83.10 22.56 0
136690 28.37 84.11 22.33 0
136701 31.44 69.25 25.54 0
136702 31.48 68.75 25.98 0
136703 31.40 68.54 26.72 0
136704 29.68 79.30 22.15 0
136705 29.53 79.75 22.27 0
136706 29.33 80.70 22.17 0
136707 29.14 81.66 22.03 0
136708 28.94 82.67 21.86 0
136709 28.74 83.67 21.68 0
136711 31.85 69.53 22.01 0
136712 31.87 69.23 22.28 0
136713 31.76 69.29 23.14 0
136714 31.63 69.40 23.99 0
136715 31.49 69.40 24.97 0
136716 31.52 68.99 25.46 0
136717 29.99 78.54 21.62 0
136718 29.86 79.13 21.60 0
136719 29.63 80.25 21.54 0
136720 29.45 81.20 21.40 0
136721 29.30 82.21 21.09 0
136722 29.07 83.26 21.01 0
136723 28.90 84.15 20.90 0
136725 32.04 69.19 19.35 0
136726 32.02 69.25 20.08 0
136727 31.96 69.42 20.83 0
136728 31.88 69.53 21.68 0
136729 31.91 69.25 21.96 0
136730 30.58 76.74 20.45 0
136731 30.41 77.34 20.80 0
136732 30.13 78.28 21.24 0
136733 30.03 78.89 21.11 0
136734 29.35 82.97 20.29 0
136735 29.17 83.89 20.22 0
136736 28.99 84.50 20.37 0
136738 31.94 69.97 18.92 0
136739 31.87 70.52 18.99 0
136740 31.63 72.15 18.49 0
136741 31.57 72.48 18.80 0
136742 31.45 72.99 19.24 0
136743 31.26 73.82 19.53 0
136744 31.07 74.66 19.81 0
136745 30.87 75.48 20.14 0
136746 30.70 76.05 20.58 0
136747 29.62 82.82 19.23 0
136748 29.43 83.53 19.43 0
136749 29.25 84.23 19.61 0
136751 31.86 70.55 18.56 0
136752 31.79 71.08 18.78 0
136753 31.68 71.77 18.95 0
136754 31.59 72.23 19.37 0
136755 31.51 72.54 19.71 0
136756 29.97 81.76 18.06 0
136757 29.81 82.57 18.14 0
136758 29.62 83.25 18.64 0
136759 29.47 83.91 18.76 0
136761 30.12 81.39 17.07 0
136762 29.95 82.23 17.28 0
136763 29.78 83.01 17.51 0
136765 30.28 80.30 15.48 0
136766 30.17 81.16 15.73 0
136767 30.04 81.92 16.38 0
136768 29.92 82.62 16.58 0
136775 30.16 80.87 14.80 0
136776 30.08 81.60 15.06 0
137227 20.74 82.03 36.92 0
137228 20.53 82.48 36.98 0
137229 20.17 82.70 37.31 0
137238 21.04 81.17 36.89 0
137239 21.11 81.79 36.56 0
137240 19.74 82.65 37.80 0
137248 21.44 80.20 36.77 0
137249 21.47 80.94 36.42 0
137250 21.62 81.87 35.85 0
137251 19.32 82.62 38.28 0
137252 18.92 82.59 38.72 0
137261 22.16 79.31 36.22 0
137262 21.97 79.92 36.21 0
137263 22.08 81.10 35.56 0
137264 22.13 82.23 35.00 0
137265 22.30 83.02 34.41 0
137266 18.59 82.62 39.07 0
137276 23.10 77.55 35.79 0
137277 22.97 77.90 35.80 0
137278 22.53 78.92 35.90 0
137279 22.61 80.22 35.23 0
137280 22.66 81.38 34.65 0
137281 22.69 82.42 34.12 0
137282 22.65 83.40 33.71 0
137283 18.21 82.40 39.58 0
137284 17.89 82.01 40.09 0
137294 23.55 76.90 35.49 0
137295 23.35 77.36 35.54 0
137296 23.26 78.34 35.21 0
137297 23.18 79.41 34.80 0
137298 23.19 80.57 34.25 0
137299 23.20 81.70 33.71 0
137300 23.16 82.78 33.24 0
137301 23.10 83.83 32.82 0
137302 17.79 82.47 40.00 0
137303 17.50 82.03 40.51 0
137304 17.23 81.59 40.99 0
137313 23.72 76.60 35.37 0
137314 23.72 77.80 34.83 0
137315 23.73 78.67 34.39 0
137316 23.74 79.75 33.84 0
137317 23.74 80.93 33.27 0
137318 23.70 82.10 32.75 0
137319 23.63 83.21 32.29 0
137320 23.55 84.27 31.87 0
137321 17.10 82.09 40.93 0
137322 16.86 81.66 41.38 0
137333 24.06 76.20 35.05 0
137334 24.16 77.87 34.15 0
137335 24.27 78.81 33.51 0
137336 24.32 80.07 32.81 0
137337 24.27 81.36 32.22 0
137338 24.18 82.56 31.74 0
137339 24.10 83.69 31.28 0
137340 23.98 84.73 30.91 0
137341 16.39 81.33 42.01 0
137342 15.85 81.10 42.68 0
137349 25.07 74.79 34.23 0
137350 24.73 75.66 34.30 0
137351 24.77 77.41 33.43 0
137352 24.90 79.05 32.42 0
137353 24.94 80.53 31.59 0
137354 24.75 81.91 31.16 0
137355 24.63 83.08 30.73 0
137356 24.59 84.24 30.13 0
137357 24.32 85.25 30.02 0
137358 15.33 81.08 43.22 0
137359 14.86 81.10 43.69 0
137365 26.04 73.45 33.48 0
137366 25.54 74.37 33.74 0
137367 25.76 76.10 32.55 0
137368 25.55 78.00 31.92 0
137369 25.50 79.43 31.27 0
137370 25.52 80.43 30.70 0
137371 24.91 84.41 29.49 0
137372 24.88 85.10 29.12 0
137373 24.92 85.73 28.65 0
137374 14.26 81.28 44.21 0
137375 13.69 80.74 45.01 0
137382 26.21 72.70 33.61 0
137383 25.75 73.00 34.12 0
137384 26.62 76.01 31.29 0
137385 26.28 77.30 31.14 0
137386 26.09 78.66 30.72 0
137387 25.22 85.05 28.54 0
137388 25.23 85.56 28.18 0
137394 26.80 72.01 33.09 0
137395 26.43 71.93 33.67 0
137396 27.20 75.94 30.44 0
137397 26.92 76.92 30.32 0
137398 26.69 78.07 30.05 0
137399 25.57 85.84 27.32 0
137406 27.17 71.45 32.83 0
137407 26.76 71.25 33.53 0
137408 27.63 75.73 29.88 0
137409 27.46 76.57 29.64 0
137410 27.26 77.59 29.35 0
137411 25.95 85.91 26.50 0
137412 26.29 86.06 25.69 0
137422 27.68 70.98 32.31 0
137423 27.87 75.59 29.58 0
137424 27.85 76.10 29.29 0
137425 27.90 77.11 28.52 0
137426 28.01 78.04 27.68 0
137427 27.98 78.62 27.32 0
137428 26.57 86.20 25.00 0
137429 26.85 86.28 24.34 0
137437 28.33 70.63 31.52 0
137438 28.70 70.02 31.31 0
137439 28.27 76.87 27.96 0
137440 28.26 77.44 27.57 0
137441 28.31 78.45 26.69 0
137442 28.31 79.23 26.12 0
137443 27.17 86.32 23.62 0
137444 27.26 86.66 23.17 0
137448 28.59 70.98 30.92 0
137449 28.89 70.46 30.75 0
137450 29.33 70.30 30.14 0
137451 29.72 69.97 29.67 0
137452 30.18 69.65 28.99 0
137453 30.50 68.99 28.83 0
137454 28.64 78.35 25.98 0
137455 28.62 79.16 25.40 0
137456 28.56 79.97 24.96 0
137457 27.51 85.83 23.19 0
137458 27.42 86.43 22.96 0
137462 30.33 70.02 28.39 0
137463 30.63 69.38 28.18 0
137464 29.05 79.11 24.27 0
137465 28.76 80.06 24.35 0
137466 28.74 80.63 23.98 0
137467 27.84 85.40 22.70 0
137468 27.72 86.19 22.43 0
137469 27.80 86.44 22.04 0
137471 31.05 69.14 27.31 0
137472 31.22 68.71 27.28 0
137473 29.35 79.04 23.43 0
137474 29.11 79.76 23.58 0
137475 28.92 80.51 23.58 0
137476 28.18 85.04 22.14 0
137477 28.01 85.76 22.03 0
137478 27.94 86.23 21.86 0
137489 31.21 69.88 25.71 0
137490 31.24 69.16 26.58 0
137491 31.26 68.77 27.04 0
137492 29.77 78.24 22.72 0
137493 29.62 79.02 22.58 0
137494 29.37 79.56 22.95 0
137495 28.56 84.70 21.43 0
137496 28.28 85.67 21.42 0
137497 28.09 86.00 21.65 0
137508 31.79 69.83 22.07 0
137509 31.70 69.91 22.59 0
137510 31.53 70.31 23.21 0
137511 31.37 70.30 24.22 0
137512 31.27 70.23 24.90 0
137513 30.12 77.27 22.23 0
137514 29.97 78.19 22.02 0
137515 29.81 78.65 22.23 0
137516 28.79 84.84 20.69 0
137517 28.58 85.37 20.85 0
137519 31.94 69.91 19.53 0
137520 31.89 70.10 20.15 0
137521 31.79 70.44 20.89 0
137522 31.73 70.36 21.66 0
137523 31.65 70.41 22.20 0
137524 31.60 70.42 22.61 0
137525 30.52 76.32 21.28 0
137526 30.27 77.25 21.58 0
137527 30.13 77.76 21.77 0
137528 29.11 84.56 19.92 0
137529 28.92 85.06 20.11 0
137530 28.75 85.24 20.48 0
137532 31.90 70.28 19.22 0
137533 31.83 70.69 19.46 0
137534 31.77 70.86 20.13 0
137535 31.39 72.94 20.09 0
137536 31.18 73.85 20.33 0
137537 30.98 74.65 20.59 0
137538 30.80 75.35 20.84 0
137539 30.68 75.79 21.03 0
137540 29.32 84.43 18.99 0
137541 29.17 84.75 19.47 0
137542 29.07 84.89 19.76 0
137544 31.75 71.26 19.21 0
137545 31.70 71.49 19.67 0
137546 31.58 72.10 19.88 0
137547 31.51 72.45 19.99 0
137548 29.68 83.38 17.93 0
137549 29.52 84.03 18.15 0
137550 29.42 84.28 18.57 0
137552 29.78 83.23 16.81 0
137553 29.67 83.61 17.40 0
137554 29.61 83.80 17.74 0
137561 29.98 82.25 15.37 0
137562 29.91 82.72 16.05 0
137563 29.85 82.99 16.39 0
137573 30.02 81.99 14.88 0
138018 20.88 82.54 36.52 0
138019 20.48 83.36 36.63 0
138020 19.85 83.30 37.39 0
138031 21.27 82.42 36.07 0
138032 21.13 83.13 35.93 0
138033 19.46 83.13 37.91 0
138045 21.61 82.73 35.49 0
138046 21.53 83.59 35.19 0
138047 19.02 83.22 38.35 0
138048 18.72 82.99 38.78 0
138059 21.93 83.10 34.88 0
138060 22.06 83.89 34.32 0
138061 18.66 83.38 38.68 0
138062 18.38 83.13 39.08 0
138067 22.55 84.43 33.35 0
138068 17.90 83.06 39.63 0
138077 23.67 76.99 35.29 0
138078 23.75 77.26 35.05 0
138079 23.02 84.84 32.42 0
138080 17.49 82.84 40.17 0
138081 17.14 82.66 40.64 0
138091 23.93 76.84 34.99 0
138092 24.05 77.28 34.61 0
138093 23.45 85.25 31.50 0
138094 16.79 82.47 41.10 0
138095 16.40 82.23 41.62 0
138107 24.29 76.67 34.52 0
138108 24.41 77.21 34.10 0
138109 23.84 85.67 30.62 0
138110 15.97 82.00 42.17 0
138111 15.55 81.84 42.68 0
138117 24.56 76.82 34.05 0
138118 24.58 77.15 33.86 0
138119 24.16 86.03 29.84 0
138120 24.38 86.20 29.34 0
138121 15.09 81.86 43.13 0
138122 14.66 81.95 43.52 0
138128 26.16 73.95 33.05 0
138129 26.21 74.71 32.59 0
138130 26.38 75.36 31.99 0
138131 24.48 85.72 29.46 0
138132 24.65 86.01 28.96 0
138133 14.26 82.89 43.51 0
138134 13.54 82.01 44.61 0
138142 26.71 72.99 32.73 0
138143 26.51 73.22 32.91 0
138144 26.59 74.76 32.00 0
138145 26.72 75.20 31.57 0
138146 24.90 86.24 28.34 0
138151 26.79 72.69 32.77 0
138152 26.55 72.51 33.21 0
138153 26.93 74.64 31.54 0
138154 27.04 75.25 31.05 0
138155 25.21 86.42 27.61 0
138158 27.10 72.24 32.53 0
138159 27.31 74.55 31.01 0
138160 27.46 75.16 30.45 0
138161 25.57 86.58 26.77 0
138162 25.94 86.69 25.95 0
138169 27.49 71.89 32.12 0
138170 27.67 74.51 30.48 0
138171 27.91 75.00 29.83 0
138172 28.06 75.54 29.27 0
138173 28.12 76.07 28.82 0
138174 26.26 86.77 25.22 0
138175 26.56 86.84 24.54 0
138185 27.96 71.62 31.54 0
138186 28.23 75.01 29.28 0
138187 28.34 75.44 28.81 0
138188 28.41 76.17 28.18 0
138189 28.51 76.76 27.54 0
138190 28.54 77.36 27.00 0
138191 26.85 86.88 23.88 0
138192 27.10 86.93 23.30 0
138199 28.39 71.47 30.96 0
138200 28.75 71.34 30.47 0
138201 29.15 71.10 29.95 0
138202 29.52 70.71 29.56 0
138203 29.83 70.45 29.13 0
138204 28.70 76.14 27.57 0
138205 28.84 76.56 26.91 0
138206 28.78 77.57 26.24 0
138207 28.85 78.17 25.59 0
138208 27.33 86.90 22.81 0
138209 27.49 86.94 22.40 0
138212 29.39 71.26 29.43 0
138213 29.65 71.13 29.01 0
138214 30.05 70.77 28.41 0
138215 30.41 70.27 27.96 0
138216 29.13 76.61 26.07 0
138217 29.11 77.44 25.43 0
138218 29.07 78.28 24.87 0
138219 27.53 86.64 22.54 0
138220 27.67 86.72 22.14 0
138223 30.32 71.06 27.47 0
138224 30.68 70.13 27.32 0
138225 29.44 76.53 25.21 0
138226 29.41 77.45 24.54 0
138227 29.36 78.32 23.98 0
138228 27.86 86.62 21.74 0
138230 30.67 71.07 26.32 0
138231 30.98 69.88 26.65 0
138232 29.75 76.51 24.22 0
138233 29.70 77.57 23.51 0
138234 29.56 78.44 23.24 0
138235 28.26 86.04 21.17 0
138236 28.12 86.34 21.30 0
138247 31.39 71.03 23.03 0
138248 31.28 71.13 23.58 0
138249 31.00 71.34 24.67 0
138250 30.33 75.86 22.66 0
138251 30.09 76.40 23.12 0
138252 29.93 77.54 22.72 0
138253 28.37 86.09 20.82 0
138254 28.22 86.55 20.86 0
138265 31.68 71.06 20.88 0
138266 31.65 71.01 21.29 0
138267 31.60 70.92 21.82 0
138268 31.48 71.04 22.46 0
138269 30.92 74.07 21.78 0
138270 30.74 74.73 21.96 0
138271 30.52 75.52 22.17 0
138272 30.31 76.45 22.17 0
138273 28.86 85.54 19.80 0
138274 28.68 85.66 20.28 0
138284 31.70 71.16 20.51 0
138285 31.58 71.62 20.84 0
138286 31.42 72.44 20.80 0
138287 31.26 73.17 20.84 0
138288 31.07 73.84 21.14 0
138289 30.87 74.68 21.29 0
138290 30.69 75.40 21.42 0
138291 29.27 84.85 18.75 0
138292 29.14 85.15 18.99 0
138293 29.02 85.20 19.56 0
138302 31.71 71.29 20.13 0
138303 31.64 71.65 20.22 0
138304 31.53 72.20 20.30 0
138305 29.39 84.68 17.73 0
138306 29.33 84.75 18.38 0
138307 29.23 85.06 18.63 0
138316 29.64 83.92 16.31 0
138317 29.59 84.05 16.91 0
138318 29.54 84.16 17.50 0
138327 29.82 83.01 14.81 0
138328 29.81 83.18 15.47 0
138329 29.78 83.35 16.10 0
138334 29.93 82.38 14.59 0
138813 20.64 84.89 35.73 0
138814 20.38 84.42 36.26 0
138815 19.91 84.11 36.96 0
138826 21.02 85.01 35.19 0
138827 20.95 84.14 35.68 0
138828 19.35 83.85 37.71 0
138839 21.41 85.34 34.53 0
138840 21.49 84.53 34.80 0
138841 18.72 83.93 38.37 0
138842 18.41 84.34 38.53 0
138852 21.62 85.60 34.12 0
138853 21.94 85.14 33.89 0
138854 18.47 83.58 38.79 0
138855 18.13 83.86 39.03 0
138860 22.51 85.43 32.90 0
138861 17.42 83.62 39.90 0
138862 17.06 83.88 40.17 0
138870 22.96 85.79 32.02 0
138871 17.20 83.13 40.36 0
138872 16.76 83.37 40.72 0
138873 16.30 83.66 41.07 0
138881 23.37 86.17 31.14 0
138882 16.47 82.79 41.29 0
138883 15.94 83.08 41.71 0
138884 14.84 83.70 42.55 0
138898 23.74 86.53 30.27 0
138899 15.70 82.38 42.29 0
138900 15.33 82.58 42.57 0
138910 24.16 86.80 29.32 0
138911 24.44 86.42 29.08 0
138912 14.84 82.60 43.06 0
138916 26.49 74.02 32.52 0
138917 26.51 74.43 32.28 0
138918 24.40 87.33 28.49 0
138919 24.56 86.64 28.69 0
138920 13.65 83.03 44.06 0
138925 26.82 73.07 32.52 0
138926 26.80 73.60 32.27 0
138927 26.74 74.22 32.03 0
138928 24.58 87.58 27.97 0
138929 24.81 87.04 27.94 0
138932 27.02 72.76 32.38 0
138933 27.09 73.19 32.05 0
138934 27.13 73.89 31.62 0
138935 25.18 87.21 27.06 0
138938 27.31 72.62 32.01 0
138939 27.46 73.19 31.48 0
138940 27.59 73.87 30.93 0
138941 25.57 87.37 26.16 0
138942 25.95 87.39 25.38 0
138947 27.71 72.45 31.48 0
138948 27.91 73.11 30.83 0
138949 28.04 73.97 30.16 0
138950 28.25 74.49 29.54 0
138951 26.25 87.40 24.74 0
138952 26.55 87.44 24.07 0
138960 28.16 72.26 30.88 0
138961 28.46 72.91 30.03 0
138962 28.47 73.88 29.49 0
138963 28.56 74.57 28.92 0
138964 28.63 75.28 28.33 0
138965 28.73 75.65 27.87 0
138966 26.85 87.41 23.44 0
138967 27.11 87.36 22.89 0
138976 28.54 72.00 30.43 0
138977 28.92 71.99 29.80 0
138978 29.22 71.61 29.53 0
138979 28.83 74.68 28.31 0
138980 28.89 75.12 27.90 0
138981 29.00 75.52 27.33 0
138982 29.16 75.88 26.61 0
138983 27.34 87.28 22.42 0
138984 27.54 87.14 22.08 0
138991 29.19 71.95 29.36 0
138992 29.40 71.74 29.10 0
138993 29.68 71.84 28.44 0
138994 29.98 71.68 27.81 0
138995 29.35 75.05 26.75 0
138996 29.45 75.63 25.97 0
138997 27.71 87.01 21.77 0
139000 29.79 72.33 27.77 0
139001 30.05 72.42 26.96 0
139002 29.80 74.19 26.12 0
139003 29.79 75.48 25.01 0
139004 27.89 86.93 21.37 0
139007 30.41 72.78 25.40 0
139008 30.20 74.39 24.57 0
139009 30.07 75.60 23.92 0
139010 28.15 86.91 20.63 0
139011 28.09 86.87 20.86 0
139014 31.27 71.65 22.89 0
139015 31.06 72.12 23.45 0
139016 30.71 73.23 23.75 0
139017 30.39 75.05 23.19 0
139018 30.19 75.69 23.41 0
139019 28.25 86.69 20.57 0
139020 28.20 86.71 20.76 0
139023 31.57 71.21 21.56 0
139024 31.49 71.46 21.78 0
139025 31.29 72.16 22.10 0
139026 31.08 73.22 21.90 0
139027 30.80 73.88 22.61 0
139028 30.61 74.80 22.48 0
139029 28.72 85.96 19.79 0
139030 28.49 86.35 20.13 0
139033 31.55 71.46 21.37 0
139034 31.44 71.98 21.37 0
139035 31.28 72.71 21.38 0
139036 31.18 73.24 21.31 0
139037 29.02 85.62 18.84 0
139038 28.89 85.79 19.28 0
139042 29.30 85.07 17.46 0
139043 29.24 85.22 17.85 0
139044 29.12 85.45 18.43 0
139047 29.55 84.34 16.01 0
139048 29.49 84.52 16.41 0
139049 29.39 84.81 17.06 0
139053 29.69 83.67 14.91 0
139054 29.62 84.03 15.59 0
139478 20.50 85.24 35.74 0
139479 20.32 85.10 36.02 0
139480 19.96 84.91 36.53 0
139495 20.67 85.41 35.45 0
139496 19.43 84.76 37.20 0
139497 19.01 84.95 37.60 0
139509 20.98 85.72 34.91 0
139510 19.04 84.45 37.80 0
139511 18.66 84.73 38.08 0
139521 21.38 86.04 34.23 0
139522 21.75 85.86 33.82 0
139523 18.11 84.81 38.63 0
139524 17.52 85.00 39.17 0
139525 17.12 84.98 39.60 0
139529 21.71 86.46 33.57 0
139530 22.08 86.01 33.26 0
139531 17.68 84.34 39.30 0
139532 17.20 84.40 39.78 0
139533 16.79 84.77 40.04 0
139534 16.40 84.89 40.38 0
139541 22.07 86.80 32.87 0
139542 22.50 86.32 32.47 0
139543 16.85 84.13 40.27 0
139544 16.45 84.22 40.65 0
139545 15.98 84.72 40.89 0
139546 15.43 84.87 41.39 0
139547 14.96 84.75 41.92 0
139553 22.44 87.16 32.09 0
139554 22.90 86.68 31.63 0
139555 16.05 83.96 41.19 0
139556 15.57 84.11 41.60 0
139557 15.20 84.36 41.86 0
139569 22.81 87.54 31.27 0
139570 23.27 87.05 30.77 0
139571 15.25 88.04 40.10 0
139572 15.11 87.94 40.28 0
139582 23.15 87.92 30.40 0
139583 23.64 87.40 29.88 0
139584 15.18 88.25 40.07 0
139585 14.72 88.13 40.57 0
139589 23.48 88.30 29.50 0
139590 23.97 87.78 28.97 0
139591 15.05 88.74 39.96 0
139592 14.66 89.05 40.19 0
139596 23.80 88.67 28.58 0
139597 24.32 88.13 28.03 0
139598 24.77 87.79 27.42 0
139599 14.34 89.43 40.33 0
139600 12.94 89.93 41.44 0
139604 24.10 88.97 27.73 0
139605 24.59 88.69 27.00 0
139606 25.13 88.04 26.49 0
139610 25.01 88.85 26.01 0
139611 25.63 88.26 25.29 0
139612 26.00 87.79 24.93 0
139615 25.86 88.55 24.53 0
139616 26.16 88.09 24.33 0
139617 26.57 87.96 23.54 0
139623 28.88 72.71 29.44 0
139624 28.77 73.37 29.23 0
139625 28.70 73.93 29.04 0
139626 26.88 87.85 22.95 0
139627 27.14 87.72 22.45 0
139635 29.12 72.33 29.24 0
139636 29.10 72.92 28.89 0
139637 28.98 73.87 28.52 0
139638 29.05 74.57 27.91 0
139639 29.04 74.99 27.63 0
139640 27.42 87.56 21.92 0
139641 27.59 87.28 21.82 0
139650 29.27 72.08 29.13 0
139651 29.35 72.31 28.82 0
139652 29.46 72.93 28.12 0
139653 29.31 73.97 27.71 0
139654 29.21 74.73 27.40 0
139655 27.53 87.63 21.58 0
139656 27.66 87.37 21.51 0
139664 29.74 72.78 27.53 0
139665 29.65 73.43 27.25 0
139666 29.47 74.28 27.05 0
139667 27.88 87.47 20.71 0
139668 27.84 87.32 21.06 0
139674 28.09 87.15 20.48 0
139675 27.99 87.21 20.77 0
139678 31.12 72.45 22.73 0
139679 30.94 72.93 23.06 0
139680 30.84 73.34 23.06 0
139681 28.35 86.97 19.69 0
139682 28.31 86.86 20.11 0
139686 31.12 72.73 22.32 0
139687 31.00 73.09 22.57 0
139688 30.90 73.31 22.82 0
139689 28.62 86.63 18.92 0
139690 28.60 86.46 19.49 0
139691 28.45 86.66 19.85 0
139695 28.87 86.31 17.45 0
139696 28.85 86.29 18.09 0
139697 28.87 86.08 18.66 0
139698 28.76 86.24 19.09 0
139703 29.14 85.67 16.54 0
139704 29.16 85.55 17.23 0
139705 29.05 85.80 17.88 0
139706 28.98 85.91 18.26 0
139710 29.35 84.99 14.96 0
139711 29.40 84.85 15.75 0
139712 29.32 85.11 16.43 0
139713 29.26 85.29 16.81 0
139719 29.52 84.34 14.89 0
139720 29.48 84.56 15.30 0
140169 20.38 85.53 35.74 0
140170 20.06 85.58 36.09 0
140171 19.67 85.45 36.60 0
140186 20.48 86.04 35.37 0
140187 20.24 85.82 35.76 0
140188 19.10 85.58 37.19 0
140189 18.83 85.18 37.70 0
140195 20.84 87.20 34.35 0
140196 20.88 86.45 34.66 0
140197 18.60 86.28 37.41 0
140198 18.52 85.43 37.91 0
140203 21.17 88.26 33.37 0
140204 21.21 87.58 33.66 0
140205 21.28 86.83 33.96 0
140206 18.18 87.04 37.51 0
140207 17.83 85.94 38.40 0
140208 17.17 85.50 39.30 0
140209 16.91 85.20 39.71 0
140212 21.45 88.65 32.73 0
140213 21.57 87.95 32.97 0
140214 21.65 87.20 33.27 0
140215 17.88 87.89 37.42 0
140216 17.51 87.10 38.19 0
140217 17.05 86.33 39.04 0
140218 16.58 85.53 39.90 0
140219 16.19 85.22 40.44 0
140226 21.73 89.11 31.98 0
140227 21.89 88.35 32.24 0
140228 22.00 87.58 32.54 0
140229 17.66 88.67 37.27 0
140230 17.29 88.05 37.98 0
140231 16.84 87.32 38.79 0
140232 16.35 86.58 39.65 0
140233 15.80 85.74 40.60 0
140234 15.05 85.58 41.43 0
140235 14.28 85.23 42.38 0
140242 22.02 89.58 31.13 0
140243 22.20 88.78 31.44 0
140244 22.35 87.98 31.76 0
140245 17.56 89.12 37.16 0
140246 17.16 89.02 37.62 0
140247 16.66 88.27 38.52 0
140248 16.17 87.59 39.36 0
140249 15.65 86.94 40.20 0
140250 15.16 86.47 40.90 0
140251 13.17 85.06 43.56 0
140263 22.33 90.05 30.20 0
140264 22.52 89.21 30.57 0
140265 22.68 88.38 30.92 0
140266 16.84 89.69 37.63 0
140267 16.50 89.12 38.27 0
140268 16.03 88.49 39.07 0
140269 15.47 87.91 39.92 0
140270 14.93 87.35 40.73 0
140276 22.66 90.41 29.28 0
140277 22.82 89.62 29.67 0
140278 23.00 88.78 30.03 0
140279 16.72 90.04 37.56 0
140280 16.38 89.95 37.97 0
140281 15.90 89.33 38.79 0
140282 15.47 88.71 39.54 0
140283 14.61 87.61 40.93 0
140289 22.95 90.66 28.48 0
140290 23.11 90.00 28.78 0
140291 23.31 89.17 29.11 0
140292 16.17 90.35 37.98 0
140293 15.80 90.18 38.45 0
140294 15.19 89.56 39.40 0
140295 14.59 89.71 39.93 0
140301 23.08 90.79 28.12 0
140302 23.27 90.47 28.03 0
140303 23.63 89.61 28.10 0
140304 15.27 90.43 38.87 0
140305 14.76 90.32 39.45 0
140306 14.01 90.20 40.26 0
140307 13.37 90.76 40.63 0
140314 23.66 90.23 27.46 0
140315 24.15 89.70 26.97 0
140316 24.62 89.32 26.37 0
140317 13.68 91.22 40.08 0
140324 24.50 89.81 26.15 0
140325 24.84 89.53 25.72 0
140326 25.25 89.19 25.20 0
140330 25.64 88.99 24.57 0
140331 26.00 88.83 23.93 0
140332 26.33 88.44 23.58 0
140337 26.28 88.85 23.25 0
140338 26.62 88.45 22.88 0
140339 26.93 88.13 22.52 0
140345 26.85 88.45 22.31 0
140346 27.12 88.13 22.02 0
140352 27.40 87.92 21.54 0
140353 27.59 87.65 21.37 0
140361 27.63 87.80 21.01 0
140362 27.69 87.54 21.23 0
140370 27.66 88.46 19.43 0
140371 27.80 88.13 19.57 0
140372 27.81 87.84 20.23 0
140380 27.83 88.44 18.26 0
140381 27.82 88.30 18.84 0
140382 28.11 87.55 19.45 0
140383 28.14 87.28 19.99 0
140391 28.22 88.02 15.89 0
140392 28.19 88.01 16.42 0
140393 28.05 88.08 17.71 0
140394 28.33 87.32 18.63 0
140395 28.41 86.99 19.23 0
140403 28.66 87.11 14.61 0
140404 28.46 87.50 15.57 0
140405 28.58 87.06 16.83 0
140406 28.57 86.96 17.85 0
140407 28.66 86.66 18.43 0
140415 28.86 86.50 14.98 0
140416 28.91 86.30 16.00 0
140417 28.94 86.18 16.81 0
140427 29.15 85.65 15.30 0
140428 29.20 85.52 16.00 0
140881 20.00 85.84 36.04 0
140882 19.88 85.81 36.19 0
140895 20.29 86.34 35.45 0
140896 20.06 86.13 35.82 0
140897 19.60 86.05 36.40 0
140908 20.55 87.47 34.58 0
140909 20.33 86.85 35.15 0
140910 19.70 86.80 35.91 0
140911 19.18 86.52 36.65 0
140921 20.92 88.49 33.57 0
140922 20.75 88.03 34.04 0
140923 19.28 87.24 36.17 0
140924 18.78 87.14 36.79 0
140932 21.05 88.83 33.19 0
140933 19.00 87.86 36.18 0
140934 18.46 87.86 36.80 0
140943 21.24 89.34 32.57 0
140944 18.73 88.59 36.12 0
140945 18.17 88.60 36.74 0
140958 21.50 89.88 31.76 0
140959 18.41 89.21 36.15 0
140960 17.89 89.35 36.68 0
140961 17.51 89.42 37.05 0
140972 21.81 90.40 30.81 0
140973 17.63 89.79 36.72 0
140974 17.28 89.84 37.07 0
140978 22.12 91.39 29.40 0
140979 22.13 91.01 29.72 0
140980 16.97 90.17 37.23 0
140981 16.70 90.37 37.41 0
140986 22.27 91.43 29.08 0
140987 22.60 91.05 28.82 0
140988 16.42 90.54 37.62 0
140989 16.08 90.73 37.86 0
140995 22.54 91.53 28.47 0
140996 23.01 91.20 27.85 0
140997 23.44 90.73 27.43 0
140998 15.61 90.92 38.25 0
140999 14.97 91.20 38.76 0
141000 14.50 90.85 39.43 0
141005 23.46 91.11 27.03 0
141006 23.82 90.61 26.77 0
141007 24.26 90.32 26.15 0
141008 14.76 91.78 38.66 0
141009 14.25 91.69 39.24 0
141010 13.56 91.95 39.82 0
141016 24.64 90.12 25.56 0
141017 25.01 89.84 25.06 0
141018 25.36 89.62 24.54 0
141019 14.13 92.41 38.97 0
141020 13.83 92.47 39.26 0
141025 25.69 89.46 23.96 0
141026 26.02 89.33 23.33 0
141029 26.40 89.15 22.55 0
141030 26.69 88.72 22.37 0
141032 26.52 89.32 21.97 0
141033 26.87 88.79 21.77 0
141034 27.18 88.29 21.65 0
141038 27.15 88.73 20.97 0
141039 27.29 88.31 21.27 0
141044 27.00 89.56 19.70 0
141045 27.22 89.04 20.08 0
141046 27.34 88.66 20.43 0
141047 27.47 88.28 20.70 0
141053 27.01 89.95 18.36 0
141054 27.23 89.39 18.96 0
141055 27.44 88.88 19.39 0
141056 27.55 88.48 19.92 0
141057 27.55 88.32 20.32 0
141064 27.36 89.52 17.42 0
141065 27.58 88.93 18.24 0
141066 27.53 88.88 18.85 0
141074 27.99 88.54 15.71 0
141075 27.78 88.81 16.81 0
141076 27.70 88.84 17.54 0
141086 28.39 87.78 14.59 0
141087 28.21 88.14 15.10 0
141604 20.27 87.78 34.76 0
141605 19.86 87.46 35.39 0
141606 19.58 87.32 35.80 0
141616 20.70 88.81 33.68 0
141617 20.27 88.59 34.31 0
141618 19.82 88.23 35.04 0
141619 19.47 87.78 35.69 0
141629 20.81 89.40 33.16 0
141630 20.34 89.45 33.74 0
141631 19.74 89.25 34.59 0
141632 19.30 88.54 35.50 0
141646 20.89 90.10 32.53 0
141647 20.58 89.79 33.20 0
141648 19.43 89.73 34.69 0
141649 19.00 89.48 35.33 0
141661 21.28 90.65 31.47 0
141662 18.27 90.03 35.86 0
141663 17.86 89.90 36.41 0
141670 21.60 91.14 30.53 0
141671 18.06 90.59 35.77 0
141672 17.62 90.44 36.36 0
141673 17.23 90.31 36.88 0
141684 21.97 91.70 29.39 0
141685 21.79 91.43 29.94 0
141686 17.36 90.90 36.39 0
141687 17.02 90.79 36.83 0
141688 16.66 90.71 37.26 0
141699 22.26 91.85 28.71 0
141700 16.83 91.21 36.79 0
141701 16.49 91.15 37.18 0
141702 15.97 91.27 37.67 0
141713 22.47 92.56 27.65 0
141714 22.56 92.10 27.90 0
141715 22.94 91.82 27.41 0
141716 16.10 91.83 37.18 0
141717 15.53 91.72 37.87 0
141718 15.05 91.89 38.28 0
141726 22.63 92.56 27.34 0
141727 22.91 92.25 27.06 0
141728 23.28 91.70 26.82 0
141729 23.74 91.27 26.29 0
141730 24.05 90.85 26.07 0
141731 15.72 92.50 37.17 0
141732 15.24 92.42 37.76 0
141733 14.74 92.34 38.35 0
141734 14.35 92.49 38.69 0
141740 24.04 91.21 25.71 0
141741 24.37 90.80 25.42 0
141742 24.83 90.42 24.84 0
141743 25.13 90.09 24.54 0
141744 15.40 92.99 37.23 0
141745 14.97 93.10 37.65 0
141746 14.54 93.00 38.19 0
141747 14.09 92.99 38.69 0
141754 25.06 90.43 24.32 0
141755 25.38 90.13 23.93 0
141756 25.73 89.81 23.46 0
141757 14.69 93.46 37.75 0
141758 14.36 93.65 38.00 0
141766 25.59 90.25 23.23 0
141767 25.95 89.82 22.84 0
141774 25.73 90.47 22.51 0
141775 26.21 89.88 22.00 0
141776 26.58 89.44 21.58 0
141779 25.33 92.22 20.86 0
141780 25.46 91.90 20.95 0
141781 25.81 90.96 21.43 0
141782 26.46 89.92 21.11 0
141783 26.84 89.26 21.08 0
141786 25.39 92.23 20.55 0
141787 25.78 91.64 20.12 0
141788 26.44 90.40 20.13 0
141789 26.84 89.55 20.44 0
141790 27.08 89.06 20.60 0
141793 26.33 91.04 18.90 0
141794 26.81 90.08 19.21 0
141797 26.71 90.71 17.47 0
141802 27.69 89.22 15.28 0
141803 27.31 89.85 16.08 0
141811 27.96 88.72 14.55 0
142319 20.23 89.81 33.67 0
142320 20.06 89.77 33.90 0
142336 20.57 90.55 32.65 0
142337 20.28 90.16 33.33 0
142338 19.69 90.13 34.12 0
142339 19.26 90.06 34.69 0
142356 20.78 90.92 32.04 0
142357 19.30 90.56 34.32 0
142358 18.87 90.35 34.97 0
142373 21.10 91.41 31.12 0
142374 18.95 91.03 34.41 0
142375 18.39 90.90 35.17 0
142376 17.93 90.99 35.66 0
142391 21.71 92.16 29.43 0
142392 21.47 91.86 30.11 0
142393 18.61 91.56 34.46 0
142394 18.04 91.75 35.03 0
142395 17.52 91.25 35.97 0
142396 17.24 91.11 36.39 0
142409 22.11 92.92 28.01 0
142410 21.98 92.45 28.68 0
142411 17.75 92.48 34.87 0
142412 17.42 92.05 35.56 0
142413 17.03 91.50 36.37 0
142414 16.74 91.41 36.75 0
142427 22.49 93.30 26.94 0
142428 22.39 92.96 27.43 0
142429 22.30 92.60 27.93 0
142430 17.67 92.96 34.63 0
142431 17.27 92.94 35.12 0
142432 16.87 92.35 35.98 0
142433 16.59 91.80 36.67 0
142444 22.62 93.46 26.51 0
142445 22.79 92.92 26.68 0
142446 23.24 92.39 26.23 0
142447 23.66 91.85 25.88 0
142448 23.90 91.49 25.73 0
142449 17.00 93.40 35.12 0
142450 16.61 93.27 35.66 0
142451 16.28 92.55 36.52 0
142460 22.71 93.60 26.21 0
142461 22.86 93.38 26.11 0
142462 23.16 93.00 25.82 0
142463 23.65 92.58 25.15 0
142464 24.14 91.62 25.06 0
142465 24.66 90.99 24.59 0
142466 24.91 90.67 24.40 0
142467 16.28 93.71 35.76 0
142468 15.78 93.52 36.47 0
142469 15.26 93.42 37.12 0
142477 23.83 92.84 24.44 0
142478 24.17 92.44 24.05 0
142479 24.63 91.57 23.96 0
142480 25.05 90.80 23.87 0
142481 25.35 90.49 23.54 0
142482 15.41 94.15 36.48 0
142483 14.89 94.06 37.15 0
142484 14.38 94.18 37.67 0
142490 24.36 92.61 23.36 0
142491 24.67 92.18 23.06 0
142492 25.05 91.36 23.14 0
142493 25.37 90.76 23.12 0
142494 14.62 94.77 37.03 0
142495 14.16 94.85 37.53 0
142501 24.34 93.57 21.92 0
142502 24.68 92.95 21.86 0
142503 24.93 92.31 22.10 0
142504 25.14 91.70 22.39 0
142505 25.43 91.12 22.43 0
142511 24.33 93.85 21.49 0
142512 24.63 93.48 20.99 0
142513 25.13 92.48 21.09 0
142514 25.32 91.80 21.66 0
142515 25.43 91.40 21.98 0
142518 24.72 93.66 20.18 0
142519 25.22 92.87 19.72 0
142520 25.77 92.01 19.15 0
142523 25.28 93.10 18.70 0
142524 25.75 92.45 17.86 0
142525 25.54 93.13 16.93 0
142529 26.49 91.43 16.24 0
142530 25.81 92.82 16.06 0
142531 25.58 93.50 15.31 0
142532 25.44 93.85 15.07 0
142535 27.46 89.75 14.79 0
142536 26.94 90.78 14.99 0
142537 26.38 91.92 14.97 0
142538 25.92 92.92 14.75 0
142539 25.59 93.65 14.63 0
143015 20.30 90.99 32.67 0
143016 19.85 90.80 33.44 0
143017 19.57 90.65 33.92 0
143029 20.51 91.75 31.74 0
143030 19.82 91.70 32.78 0
143031 19.44 91.08 33.77 0
143039 20.97 92.58 30.31 0
143040 20.96 92.08 30.77 0
143041 19.26 92.43 32.97 0
143042 19.10 91.70 33.73 0
143050 21.42 92.60 29.53 0
143051 21.21 92.29 30.18 0
143052 18.87 93.03 33.04 0
143053 18.54 92.37 33.95 0
143054 18.09 92.36 34.54 0
143063 21.80 93.17 28.37 0
143064 21.65 92.92 28.85 0
143065 18.71 93.38 33.00 0
143066 18.35 93.32 33.51 0
143067 18.01 92.84 34.30 0
143077 22.29 93.41 27.22 0
143078 22.07 93.39 27.65 0
143079 18.06 93.72 33.59 0
143080 17.63 93.56 34.24 0
143081 17.20 93.46 34.84 0
143092 22.33 93.72 26.85 0
143093 22.17 93.64 27.24 0
143094 17.32 94.06 34.27 0
143095 16.90 93.93 34.86 0
143096 16.50 93.79 35.44 0
143107 22.55 93.81 26.31 0
143108 22.78 93.74 25.91 0
143109 23.04 93.51 25.56 0
143110 23.34 93.22 25.20 0
143111 16.59 94.41 34.92 0
143112 16.22 94.24 35.47 0
143113 15.69 94.27 36.07 0
143124 22.59 94.14 25.88 0
143125 22.89 93.98 25.38 0
143126 23.21 93.70 24.94 0
143127 23.59 93.27 24.53 0
143128 23.91 93.03 24.02 0
143129 15.77 94.71 35.70 0
143130 15.29 94.74 36.25 0
143131 14.86 94.82 36.71 0
143137 22.67 94.50 25.28 0
143138 23.01 94.27 24.75 0
143139 23.38 93.94 24.23 0
143140 23.76 93.55 23.72 0
143141 24.15 93.04 23.35 0
143142 24.44 92.73 22.97 0
143143 14.95 95.20 36.37 0
143144 14.57 95.34 36.74 0
143145 14.20 95.51 37.09 0
143150 22.76 94.86 24.60 0
143151 23.13 94.58 24.03 0
143152 23.52 94.24 23.43 0
143153 23.98 93.76 22.78 0
143154 24.37 93.13 22.57 0
143155 24.63 92.67 22.51 0
143156 14.31 95.86 36.74 0
143162 22.87 95.15 23.94 0
143163 23.21 94.99 23.23 0
143164 23.64 94.55 22.60 0
143165 24.04 94.21 21.86 0
143166 24.27 94.10 21.19 0
143169 23.38 95.13 22.47 0
143170 23.66 94.92 21.86 0
143171 23.99 94.65 21.16 0
143172 24.36 94.25 20.47 0
143173 24.66 94.01 19.56 0
143174 24.75 94.13 18.68 0
143175 24.85 94.14 17.99 0
143179 25.01 93.54 18.98 0
143180 25.14 93.52 18.25 0
143181 25.17 93.74 17.28 0
143182 25.14 94.05 16.42 0
143183 25.16 94.17 15.91 0
143187 25.41 93.49 16.52 0
143188 25.40 93.69 15.94 0
143189 25.28 94.07 15.45 0
143192 25.30 94.17 14.89 0
143195 25.42 94.10 14.18 0
143654 20.40 92.16 31.57 0
143655 20.21 92.17 31.84 0
143661 20.75 92.88 30.42 0
143662 20.48 92.55 31.13 0
143663 19.84 92.65 31.98 0
143667 20.99 93.09 29.84 0
143668 19.36 93.10 32.31 0
143676 21.64 93.41 28.43 0
143677 21.40 93.43 28.83 0
143678 18.98 93.56 32.49 0
143679 18.62 93.64 32.92 0
143687 21.73 93.60 28.09 0
143688 21.47 94.16 28.03 0
143689 18.73 93.93 32.54 0
143690 18.33 93.99 33.03 0
143691 17.92 94.00 33.56 0
143704 22.20 93.97 26.86 0
143705 21.98 94.02 27.22 0
143706 21.57 94.78 27.25 0
143707 21.41 95.25 27.06 0
143708 18.00 94.36 33.19 0
143709 17.58 94.37 33.72 0
143710 17.17 94.37 34.24 0
143725 22.28 94.15 26.50 0
143726 21.98 94.68 26.53 0
143727 21.67 95.30 26.49 0
143728 21.38 95.58 26.77 0
143729 17.22 94.75 33.91 0
143730 16.81 94.74 34.42 0
143731 16.42 94.71 34.91 0
143749 22.33 94.63 25.87 0
143750 22.05 95.18 25.84 0
143751 21.79 95.73 25.77 0
143752 16.44 95.11 34.63 0
143753 16.06 95.06 35.12 0
143754 15.59 95.24 35.58 0
143766 22.40 95.07 25.20 0
143767 22.11 95.62 25.18 0
143768 21.84 96.10 25.20 0
143769 15.20 95.47 35.89 0
143770 14.86 95.60 36.23 0
143779 22.47 95.54 24.42 0
143780 22.09 96.07 24.66 0
143781 21.84 96.40 24.81 0
143782 14.99 95.93 35.87 0
143783 14.61 96.07 36.24 0
143796 22.75 95.73 23.41 0
143797 23.10 95.51 22.71 0
143798 23.94 95.19 20.13 0
143799 24.01 95.13 19.94 0
143800 24.11 95.05 19.58 0
143815 22.86 96.07 22.53 0
143816 23.28 95.62 21.95 0
143817 23.63 95.33 21.17 0
143818 23.95 95.05 20.40 0
143819 24.24 94.73 19.84 0
143820 24.30 94.85 19.10 0
143821 24.51 94.70 18.23 0
143822 24.69 94.57 17.52 0
143831 24.83 94.53 16.82 0
143832 24.89 94.64 16.06 0
143833 25.08 94.39 15.70 0
143841 24.77 94.95 15.76 0
143842 24.98 94.66 15.39 0
143851 25.06 94.68 14.62 0
143859 25.15 94.66 13.80 0
144340 20.56 93.29 30.39 0
144341 20.06 93.38 31.08 0
144342 19.70 93.21 31.75 0
144355 20.84 93.70 29.57 0
144356 19.84 93.80 31.06 0
144357 19.51 93.71 31.61 0
144372 21.03 94.21 28.77 0
144373 19.04 94.10 31.97 0
144387 21.12 94.87 27.98 0
144388 20.93 95.29 27.90 0
144389 18.66 94.38 32.29 0
144390 18.28 94.62 32.63 0
144404 21.31 95.10 27.42 0
144405 21.12 95.47 27.37 0
144406 17.88 94.84 32.99 0
144407 17.46 95.05 33.37 0
144421 21.48 95.87 26.24 0
144422 21.19 95.96 26.71 0
144423 17.05 95.23 33.77 0
144424 16.66 95.42 34.14 0
144442 21.56 96.22 25.65 0
144443 21.26 96.39 26.08 0
144444 21.16 96.67 25.94 0
144445 16.25 95.60 34.52 0
144446 15.75 95.82 35.00 0
144447 15.46 95.63 35.49 0
144463 21.63 96.50 25.14 0
144464 21.37 96.68 25.47 0
144465 21.23 96.67 25.78 0
144466 15.43 96.41 35.01 0
144467 15.30 95.96 35.46 0
144482 22.28 96.20 23.97 0
144483 21.95 96.51 24.38 0
144484 21.66 96.78 24.69 0
144485 21.50 96.76 25.07 0
144506 22.40 96.56 23.09 0
144507 22.01 96.73 23.88 0
144508 21.81 96.80 24.29 0
144509 23.86 95.37 20.06 0
144510 23.95 95.34 19.64 0
144511 24.07 95.20 19.36 0
144530 22.66 96.57 22.33 0
144531 22.94 96.37 21.73 0
144532 23.29 95.96 21.20 0
144533 23.57 95.73 20.47 0
144534 23.70 95.74 19.77 0
144535 23.91 95.55 19.14 0
144536 24.13 95.36 18.39 0
144537 24.35 95.15 17.73 0
144549 22.68 96.76 21.95 0
144550 22.77 96.74 21.62 0
144551 24.46 95.12 17.11 0
144552 24.61 95.02 16.53 0
144559 24.35 95.46 16.64 0
144560 24.51 95.33 16.04 0
144561 24.70 95.14 15.55 0
144569 24.47 95.53 15.53 0
144570 24.73 95.17 15.09 0
144579 24.41 95.72 15.02 0
144580 24.73 95.27 14.43 0
144588 23.90 96.55 14.46 0
144589 24.24 96.03 14.36 0
144590 24.73 95.33 13.72 0
144598 23.48 97.10 13.87 0
144599 23.76 96.71 13.97 0
144600 24.38 95.82 13.35 0
144616 23.31 97.25 13.43 0
144617 23.98 96.30 12.88 0
145065 20.32 93.55 30.56 0
145066 20.22 93.69 30.60 0
145080 20.41 93.84 30.16 0
145081 20.06 93.96 30.60 0
145082 19.73 94.15 30.94 0
145095 20.60 94.30 29.43 0
145096 19.37 94.37 31.28 0
145107 20.74 94.76 28.78 0
145108 20.74 95.19 28.35 0
145109 18.97 94.67 31.60 0
145110 18.57 94.95 31.94 0
145118 20.74 95.61 27.91 0
145119 18.17 95.19 32.32 0
145120 17.75 95.43 32.70 0
145131 20.84 96.09 27.21 0
145132 20.82 96.50 26.77 0
145133 17.27 95.70 33.13 0
145134 16.88 95.71 33.64 0
145148 21.03 96.33 26.60 0
145149 20.99 96.68 26.25 0
145150 16.90 96.13 33.30 0
145151 16.50 96.10 33.86 0
145152 16.10 96.10 34.37 0
145166 21.28 96.89 25.37 0
145167 21.13 96.91 25.65 0
145168 16.16 96.47 34.03 0
145169 15.81 96.53 34.45 0
145182 21.54 97.00 24.63 0
145183 21.34 97.04 25.01 0
145184 21.06 97.23 25.35 0
145203 22.20 97.02 22.91 0
145204 21.99 97.09 23.36 0
145205 21.61 97.14 24.20 0
145206 21.26 97.43 24.60 0
145226 22.37 97.04 22.37 0
145227 23.08 96.36 21.19 0
145228 23.20 96.31 20.71 0
145229 23.36 96.27 20.00 0
145230 23.54 96.16 19.32 0
145231 23.67 96.19 18.41 0
145232 24.05 95.69 17.74 0
145233 24.25 95.42 17.42 0
145248 22.58 97.02 21.71 0
145249 22.85 96.78 21.14 0
145250 23.04 96.73 20.32 0
145251 23.16 96.65 19.87 0
145252 23.58 96.51 17.91 0
145253 23.77 96.29 17.42 0
145254 24.15 95.69 17.12 0
145260 23.72 96.50 16.93 0
145261 24.01 96.11 16.43 0
145262 24.30 95.75 15.90 0
145270 23.86 96.49 15.76 0
145271 24.19 95.99 15.62 0
145280 23.43 97.21 15.24 0
145281 23.68 96.82 15.36 0
145282 24.05 96.27 15.15 0
145292 23.37 97.31 14.81 0
145293 23.66 96.89 14.72 0
145294 23.91 96.52 14.80 0
145309 23.33 97.33 14.22 0
145310 23.54 97.07 14.43 0
145805 20.22 94.41 29.97 0
145806 19.93 94.42 30.41 0
145807 19.64 94.62 30.67 0
145820 20.34 94.87 29.33 0
145821 20.13 95.22 29.34 0
145822 19.29 94.94 30.90 0
145831 20.54 95.08 28.80 0
145832 20.33 95.49 28.73 0
145833 18.88 95.27 31.22 0
145834 18.46 95.54 31.61 0
145843 20.41 96.13 27.90 0
145844 18.04 95.78 32.01 0
145845 17.63 96.02 32.40 0
145856 20.55 96.56 27.20 0
145857 20.69 96.84 26.63 0
145858 17.20 96.36 32.71 0
145872 20.82 97.06 26.10 0
145873 16.65 96.77 33.14 0
145874 16.35 96.58 33.71 0
145888 20.90 97.25 25.65 0
145905 20.98 97.52 25.07 0
145906 20.94 97.38 25.40 0
145925 22.02 97.35 22.83 0
145926 21.63 97.66 23.28 0
145927 21.27 97.70 24.12 0
145928 21.08 97.69 24.59 0
145946 22.04 97.55 22.35 0
145947 21.83 97.67 22.73 0
145948 23.28 96.55 19.57 0
145949 23.33 96.60 19.04 0
145950 23.38 96.66 18.59 0
145967 22.30 97.38 21.86 0
145968 22.46 97.33 21.33 0
145969 22.63 97.28 20.58 0
145970 22.97 97.03 19.63 0
145971 23.15 96.99 18.78 0
145972 23.36 96.83 18.15 0
145973 23.50 96.72 17.67 0
145983 23.31 97.02 17.70 0
145984 23.46 96.89 17.21 0
145985 23.65 96.69 16.68 0
145994 23.40 97.10 16.66 0
145995 23.63 96.79 16.23 0
146006 22.91 97.89 16.06 0
146007 23.23 97.43 16.02 0
146008 23.60 96.89 15.84 0
146021 22.76 98.13 15.71 0
146022 23.17 97.57 15.33 0
146532 20.15 94.58 29.94 0
146533 20.06 94.64 30.03 0
146534 19.86 94.75 30.23 0
146546 20.16 94.69 29.81 0
146547 20.00 94.97 29.79 0
146548 19.64 95.07 30.24 0
146558 19.81 95.55 29.51 0
146559 19.24 95.61 30.36 0
146560 18.73 95.87 30.90 0
146570 19.91 96.21 28.66 0
146571 18.31 96.19 31.26 0
146572 17.90 96.26 31.80 0
146582 20.08 96.82 27.71 0
146583 20.40 96.96 27.00 0
146584 17.94 96.72 31.32 0
146585 17.56 96.58 32.02 0
146597 20.15 97.34 26.98 0
146598 20.51 97.21 26.49 0
146599 17.52 97.14 31.58 0
146600 17.14 96.98 32.28 0
146612 20.32 97.64 26.29 0
146613 20.66 97.42 25.93 0
146627 20.57 97.82 25.52 0
146628 20.81 97.49 25.51 0
146645 21.48 97.98 23.07 0
146646 21.18 98.17 23.46 0
146647 20.81 98.07 24.59 0
146663 22.07 97.71 21.88 0
146664 21.60 98.07 22.47 0
146665 21.18 98.45 22.93 0
146682 22.24 97.59 21.56 0
146683 22.09 97.88 21.20 0
146684 22.35 97.89 19.92 0
146685 22.79 97.50 18.98 0
146686 23.05 97.29 18.29 0
146687 23.19 97.16 17.93 0
146700 22.16 98.30 19.44 0
146701 22.44 98.03 18.98 0
146702 22.75 97.73 18.34 0
146703 23.04 97.48 17.58 0
146704 23.26 97.24 17.06 0
146717 22.86 97.85 17.00 0
146718 23.14 97.48 16.81 0
146731 22.75 98.08 16.46 0
146732 23.00 97.72 16.57 0
147235 19.38 96.25 29.49 0
147236 18.89 96.28 30.24 0
147237 18.60 96.29 30.71 0
147243 19.42 97.02 28.62 0
147244 18.97 96.84 29.57 0
147245 18.44 96.82 30.45 0
147253 19.69 97.49 27.63 0
147254 17.90 97.31 30.84 0
147265 19.89 97.87 26.81 0
147279 20.10 98.15 26.04 0
147295 20.31 98.38 25.24 0
147310 20.59 98.71 24.01 0
147311 20.45 98.53 24.67 0
147325 21.00 98.84 22.57 0
147326 20.89 98.69 23.23 0
147341 21.42 98.74 21.30 0
147342 21.92 98.30 20.60 0
147358 21.36 99.09 20.55 0
147359 21.77 98.68 19.99 0
147360 22.07 98.57 18.92 0
147361 22.47 98.16 18.29 0
147362 22.72 97.88 17.94 0
147380 21.84 98.99 18.51 0
147381 22.19 98.60 18.04 0
147382 22.61 98.12 17.57 0
147395 22.30 98.61 17.12 0
147396 22.63 98.17 17.03 0
147888 19.19 97.38 28.64 0
147889 19.00 97.36 28.99 0
147890 18.65 97.29 29.64 0
147897 19.14 97.76 28.32 0
147899 18.25 97.56 30.04 0
147909 19.43 98.13 27.37 0
147921 19.64 98.44 26.58 0
147934 19.83 98.71 25.78 0
147948 20.18 99.23 24.07 0
147949 20.07 98.95 24.85 0
147964 20.72 99.18 22.65 0
147965 20.49 99.25 23.20 0
147980 20.66 99.44 22.19 0
147998 20.92 99.55 20.91 0
147999 21.28 99.36 20.01 0
148000 21.60 99.14 19.21 0
156818 14.51 83.77 42.85 0
156819 14.35 83.58 43.11 0
156820 14.36 84.03 42.88 0
156821 14.48 83.39 43.06 0
156822 14.14 83.44 43.38 0
156823 14.70 86.40 41.40 0
156824 13.83 83.85 43.50 0
156826 14.08 88.76 40.91 0
156830 14.17 87.34 41.49 0
156831 14.86 86.80 41.05 0
156832 14.66 86.98 41.17 0
156834 13.84 88.18 41.41 0
156835 13.58 89.33 41.12 0
156838 13.47 86.37 42.64 0
156839 13.33 87.27 42.34 0
156840 13.28 88.42 41.84 0
