# Label from mne_analyze
1957
120803 -28.57 61.84 20.50 0
120804 -28.58 62.26 20.08 0
121766 -28.54 63.72 20.48 0
121767 -28.55 63.99 20.37 0
121776 -28.47 61.65 21.55 0
121777 -28.51 62.24 21.03 0
121778 -28.54 63.00 20.44 0
121779 -28.55 63.77 20.23 0
121793 -28.58 62.85 19.74 0
121794 -28.56 63.50 19.96 0
122758 -28.54 64.14 20.55 0
122759 -28.56 64.34 20.22 0
122760 -28.57 64.65 19.86 0
122761 -28.57 64.82 19.64 0
122770 -28.39 62.02 22.04 0
122771 -28.44 62.57 21.56 0
122772 -28.49 63.12 21.09 0
122773 -28.52 63.68 20.78 0
122774 -28.56 64.09 19.89 0
122775 -28.57 64.50 19.55 0
122776 -28.57 64.81 19.53 0
122790 -28.59 63.04 19.16 0
122791 -28.57 63.78 19.46 0
122792 -28.57 64.29 19.33 0
123821 -28.47 64.18 21.37 0
123822 -28.52 64.34 20.93 0
123823 -28.56 64.72 20.52 0
123824 -28.59 65.02 20.11 0
123825 -28.59 65.14 19.72 0
123832 -28.30 62.37 22.49 0
123833 -28.37 62.89 22.04 0
123834 -28.43 63.49 21.57 0
123835 -28.48 63.77 21.15 0
123836 -28.58 64.89 19.39 0
123837 -28.58 65.02 19.52 0
123853 -28.58 63.70 18.91 0
123854 -28.58 64.26 19.06 0
123855 -28.58 64.64 19.23 0
124781 -28.59 65.56 20.70 0
124782 -28.62 65.87 20.42 0
124783 -28.65 66.18 20.20 0
124789 -28.45 64.53 21.55 0
124790 -28.50 64.77 21.26 0
124791 -28.56 65.11 20.85 0
124792 -28.60 65.36 20.42 0
124793 -28.64 65.88 19.88 0
124794 -28.68 66.39 19.56 0
124800 -28.22 62.67 22.86 0
124801 -28.28 63.17 22.50 0
124802 -28.36 63.72 22.05 0
124803 -28.42 64.18 21.71 0
124804 -28.59 64.98 19.18 0
124805 -28.61 65.43 19.27 0
124806 -28.67 66.26 19.29 0
124822 -28.13 62.54 23.23 0
124824 -28.58 64.24 18.60 0
124825 -28.59 64.94 18.80 0
124826 -28.62 65.67 18.70 0
125688 -28.56 65.82 21.12 0
125689 -28.59 65.90 20.87 0
125690 -28.65 66.34 20.46 0
125691 -28.68 66.62 20.04 0
125692 -28.71 66.96 19.70 0
125698 -24.79 61.49 30.24 0
125699 -25.37 62.13 29.19 0
125700 -25.89 62.57 28.24 0
125701 -26.32 62.84 27.42 0
125702 -26.67 63.06 26.71 0
125703 -26.95 63.32 26.11 0
125704 -28.41 64.90 21.88 0
125705 -28.45 64.95 21.65 0
125706 -28.54 65.49 21.21 0
125707 -28.57 65.52 20.91 0
125708 -28.69 66.54 19.71 0
125709 -28.71 66.85 19.36 0
125716 -26.59 61.99 27.00 0
125717 -26.93 62.34 26.27 0
125718 -27.24 62.91 25.53 0
125719 -27.55 63.07 24.79 0
125720 -27.78 63.29 24.19 0
125721 -27.97 63.43 23.64 0
125722 -28.14 63.37 23.06 0
125723 -28.28 64.00 22.45 0
125724 -28.38 64.56 21.99 0
125725 -28.43 64.56 21.73 0
125726 -28.65 66.12 18.87 0
125727 -28.69 66.87 18.77 0
125736 -27.21 61.57 25.78 0
125737 -27.49 62.01 25.06 0
125738 -27.73 62.35 24.43 0
125739 -27.92 62.64 23.90 0
125740 -28.05 62.85 23.46 0
125741 -28.11 62.92 23.26 0
125743 -28.58 64.77 18.11 0
125744 -28.61 65.54 18.23 0
125745 -28.65 66.34 18.31 0
125746 -28.69 67.15 18.15 0
126581 -28.53 67.17 21.63 0
126582 -28.54 67.20 21.57 0
126594 -28.22 66.96 22.59 0
126595 -28.28 66.90 22.44 0
126596 -28.36 66.81 22.19 0
126597 -28.53 67.06 21.61 0
126598 -28.57 67.14 21.38 0
126599 -28.62 67.27 21.07 0
126603 -27.66 66.65 24.08 0
126604 -27.76 66.63 23.83 0
126605 -27.97 66.60 23.31 0
126606 -28.17 66.70 22.76 0
126607 -28.30 66.44 22.38 0
126608 -28.41 66.50 21.99 0
126609 -28.51 66.67 21.61 0
126610 -28.59 66.81 21.15 0
126611 -28.66 67.19 20.74 0
126612 -28.70 67.43 20.36 0
126616 -23.43 61.46 32.46 0
126617 -23.90 62.10 31.65 0
126618 -24.37 62.57 30.83 0
126619 -26.15 64.28 27.57 0
126620 -26.26 64.39 27.35 0
126621 -26.51 64.68 26.82 0
126622 -26.83 65.09 26.12 0
126623 -27.17 65.62 25.33 0
126624 -27.55 66.23 24.39 0
126625 -27.83 65.91 23.73 0
126626 -28.04 65.88 23.17 0
126627 -28.21 65.87 22.68 0
126628 -28.34 65.86 22.22 0
126629 -28.45 65.97 21.78 0
126630 -28.55 66.06 21.28 0
126631 -28.62 66.54 20.82 0
126632 -28.68 66.93 20.39 0
126633 -28.73 67.45 19.90 0
126634 -28.73 67.33 19.48 0
126639 -24.89 63.26 29.88 0
126640 -25.53 63.62 28.73 0
126641 -26.07 63.90 27.76 0
126642 -26.44 63.82 27.08 0
126643 -26.76 64.04 26.41 0
126644 -27.12 64.23 25.63 0
126645 -27.43 64.83 24.84 0
126646 -27.71 65.04 24.15 0
126647 -27.93 65.07 23.55 0
126648 -28.12 65.12 23.00 0
126649 -28.26 65.20 22.50 0
126650 -28.38 65.17 22.00 0
126651 -28.49 65.56 21.55 0
126652 -28.53 65.71 21.35 0
126653 -28.74 67.76 19.43 0
126654 -28.73 67.60 19.02 0
126657 -27.40 63.81 25.05 0
126658 -27.62 64.04 24.49 0
126659 -27.85 64.19 23.89 0
126660 -28.04 64.27 23.32 0
126661 -28.19 64.45 22.78 0
126662 -28.31 64.70 22.31 0
126663 -28.36 64.81 22.10 0
126664 -28.71 67.74 18.35 0
126670 -28.61 66.09 17.72 0
126671 -28.65 66.90 17.69 0
126672 -28.69 67.87 17.62 0
126673 -28.68 68.45 17.16 0
126683 -28.64 67.37 17.10 0
126684 -28.66 68.06 16.99 0
127501 -28.42 67.30 22.05 0
127502 -28.44 67.28 21.96 0
127503 -28.51 67.24 21.71 0
127504 -28.56 67.42 21.47 0
127516 -28.15 67.37 22.74 0
127517 -28.22 67.28 22.57 0
127518 -28.37 67.22 22.16 0
127519 -28.44 66.96 21.94 0
127520 -28.50 66.92 21.73 0
127521 -28.61 67.58 21.18 0
127522 -28.65 67.63 20.86 0
127529 -22.83 62.34 33.30 0
127530 -27.66 67.11 24.02 0
127531 -27.87 67.28 23.46 0
127532 -28.09 67.24 22.91 0
127533 -28.16 67.07 22.75 0
127534 -28.48 66.77 21.80 0
127535 -28.50 66.79 21.72 0
127536 -28.69 67.72 20.53 0
127537 -28.73 67.85 20.20 0
127540 -23.41 62.85 32.34 0
127541 -23.92 63.50 31.47 0
127542 -24.39 63.65 30.68 0
127543 -26.11 64.55 27.61 0
127544 -26.24 65.08 27.29 0
127545 -26.52 65.68 26.64 0
127546 -26.85 66.28 25.90 0
127547 -27.19 67.05 25.07 0
127548 -27.47 67.25 24.43 0
127549 -28.74 68.06 19.91 0
127554 -24.17 64.38 30.96 0
127555 -24.59 64.58 30.24 0
127556 -25.15 64.78 29.26 0
127557 -25.80 65.10 28.07 0
127558 -26.17 66.11 27.25 0
127559 -26.51 66.83 26.48 0
127560 -26.85 67.40 25.72 0
127561 -27.05 67.65 25.28 0
127562 -28.74 68.12 19.59 0
127563 -28.74 68.25 19.15 0
127566 -28.73 68.40 18.58 0
127570 -28.71 68.51 17.98 0
127571 -28.69 68.72 17.48 0
127580 -28.65 69.01 16.96 0
128395 -21.74 63.72 34.73 0
128396 -21.65 65.16 34.72 0
128398 -28.42 67.42 22.02 0
128399 -28.46 67.54 21.84 0
128400 -28.53 67.62 21.58 0
128401 -28.57 67.71 21.36 0
128409 -22.27 63.16 34.04 0
128410 -22.23 64.54 33.95 0
128411 -22.01 65.28 34.21 0
128412 -28.14 67.59 22.73 0
128413 -28.20 68.01 22.48 0
128414 -28.37 67.77 22.06 0
128415 -28.48 67.91 21.66 0
128416 -28.55 67.94 21.40 0
128417 -28.60 67.98 21.15 0
128418 -28.64 67.89 20.95 0
128427 -22.64 63.60 33.46 0
128428 -22.82 64.45 33.09 0
128429 -27.56 67.67 24.18 0
128430 -27.71 68.08 23.74 0
128431 -28.01 68.04 22.96 0
128432 -28.12 68.38 22.60 0
128433 -28.64 68.16 20.91 0
128434 -28.68 68.11 20.66 0
128435 -28.71 68.08 20.37 0
128437 -23.02 63.49 32.89 0
128438 -23.36 64.20 32.28 0
128439 -27.15 67.81 25.04 0
128440 -27.36 68.23 24.50 0
128441 -27.58 68.60 23.95 0
128442 -28.70 68.37 20.37 0
128443 -28.72 68.35 20.10 0
128448 -23.78 64.77 31.56 0
128449 -24.16 65.42 30.85 0
128450 -24.71 66.01 29.84 0
128451 -25.31 66.14 28.79 0
128452 -25.77 66.63 27.89 0
128453 -26.14 67.33 27.10 0
128454 -26.47 68.25 26.27 0
128455 -26.97 68.34 25.29 0
128456 -27.14 68.80 24.85 0
128457 -28.73 68.50 19.74 0
128458 -28.73 68.65 19.38 0
128462 -25.01 66.98 29.18 0
128463 -25.38 67.34 28.46 0
128464 -25.77 67.82 27.69 0
128465 -26.08 68.33 27.01 0
128466 -26.22 68.79 26.64 0
128467 -28.71 68.96 18.88 0
128470 -28.69 69.29 18.10 0
128471 -28.70 69.00 17.74 0
128477 -28.66 69.76 17.69 0
128478 -28.66 69.48 17.40 0
128480 -28.59 69.73 16.67 0
129326 -21.60 65.91 34.72 0
129327 -21.38 66.59 34.95 0
129328 -21.28 68.00 34.97 0
129332 -22.18 65.36 33.95 0
129333 -21.95 66.04 34.21 0
129334 -21.88 67.45 34.19 0
129335 -21.65 68.17 34.46 0
129336 -28.19 68.55 22.36 0
129337 -28.30 68.43 22.05 0
129338 -28.43 68.34 21.69 0
129339 -28.53 68.25 21.38 0
129340 -28.58 68.15 21.24 0
129350 -22.52 65.59 33.43 0
129351 -22.37 66.99 33.50 0
129352 -22.18 67.44 33.75 0
129353 -27.69 68.85 23.63 0
129354 -27.86 68.86 23.17 0
129355 -28.07 68.91 22.58 0
129356 -28.23 69.02 22.06 0
129357 -28.36 68.92 21.65 0
129358 -28.49 68.74 21.29 0
129359 -28.59 68.43 21.01 0
129360 -28.65 68.35 20.77 0
129368 -23.11 65.30 32.55 0
129369 -22.92 66.45 32.72 0
129370 -26.91 70.05 24.99 0
129371 -27.22 69.44 24.54 0
129372 -27.52 69.24 23.93 0
129373 -27.73 69.45 23.36 0
129374 -27.89 69.83 22.75 0
129375 -28.12 69.70 22.10 0
129376 -28.28 69.58 21.60 0
129377 -28.42 69.39 21.17 0
129378 -28.54 69.10 20.80 0
129379 -28.65 68.68 20.49 0
129380 -28.70 68.59 20.21 0
129384 -23.46 65.08 32.04 0
129385 -23.55 66.06 31.76 0
129386 -24.13 66.74 30.71 0
129387 -26.27 69.56 26.36 0
129388 -26.70 69.42 25.57 0
129389 -27.00 69.21 25.05 0
129390 -27.46 71.53 23.33 0
129391 -27.66 71.20 22.91 0
129392 -27.84 70.83 22.50 0
129393 -28.01 70.52 22.04 0
129394 -28.18 70.31 21.54 0
129395 -28.33 70.10 21.06 0
129396 -28.46 69.84 20.62 0
129397 -28.58 69.48 20.21 0
129398 -28.69 68.95 19.89 0
129399 -28.72 68.83 19.59 0
129404 -24.59 67.42 29.82 0
129405 -25.00 68.02 29.01 0
129406 -25.41 68.47 28.20 0
129407 -25.78 68.82 27.46 0
129408 -26.05 69.04 26.91 0
129409 -27.17 72.86 23.55 0
129410 -27.40 72.39 23.15 0
129411 -27.60 72.01 22.74 0
129412 -27.77 71.66 22.32 0
129413 -27.94 71.34 21.89 0
129414 -28.09 71.07 21.43 0
129415 -28.24 70.84 20.94 0
129416 -28.38 70.58 20.49 0
129417 -28.50 70.37 19.95 0
129418 -28.61 69.91 19.49 0
129419 -28.69 69.21 19.33 0
129422 -27.18 73.78 23.19 0
129423 -27.37 73.23 22.91 0
129424 -27.55 72.81 22.54 0
129425 -27.72 72.45 22.14 0
129426 -27.87 72.11 21.72 0
129427 -28.02 71.80 21.28 0
129428 -28.15 71.55 20.84 0
129429 -28.29 71.40 20.25 0
129430 -28.40 70.88 20.08 0
129431 -28.60 70.24 19.06 0
129432 -28.64 69.92 18.73 0
129438 -27.23 74.28 22.92 0
129439 -27.35 73.95 22.68 0
129440 -27.51 73.57 22.33 0
129441 -27.67 73.20 21.94 0
129442 -27.82 72.85 21.53 0
129443 -27.96 72.52 21.10 0
129444 -28.09 72.20 20.67 0
129445 -28.18 71.92 20.41 0
129446 -28.62 70.29 17.76 0
129447 -28.64 69.97 17.49 0
129451 -28.58 70.72 17.30 0
129452 -28.59 70.33 17.08 0
129455 -28.51 70.52 16.28 0
130233 -21.23 68.73 34.99 0
130234 -21.01 69.25 35.22 0
130237 -21.90 68.49 34.06 0
130238 -21.51 68.74 34.60 0
130239 -21.29 69.04 34.88 0
130245 -22.49 67.56 33.27 0
130246 -22.28 67.88 33.55 0
130255 -22.75 67.52 32.85 0
130256 -22.54 67.83 33.15 0
130257 -26.89 70.71 24.85 0
130258 -27.13 70.43 24.46 0
130259 -27.40 70.13 23.97 0
130260 -27.62 69.98 23.49 0
130261 -27.75 69.92 23.17 0
130264 -23.16 67.26 32.22 0
130265 -23.62 67.51 31.43 0
130266 -25.59 70.54 27.34 0
130267 -26.00 70.63 26.57 0
130268 -26.51 71.12 25.45 0
130269 -26.99 71.24 24.47 0
130270 -27.29 70.99 23.92 0
130271 -27.53 70.71 23.45 0
130272 -27.73 70.42 23.05 0
130277 -24.10 68.07 30.53 0
130278 -24.55 68.68 29.64 0
130279 -25.01 69.26 28.72 0
130280 -25.46 69.59 27.84 0
130281 -25.86 69.69 27.08 0
130282 -26.50 73.11 24.85 0
130283 -26.89 72.29 24.34 0
130284 -27.21 71.88 23.80 0
130285 -28.51 70.65 19.58 0
130286 -28.55 70.41 19.55 0
130288 -26.66 74.46 24.12 0
130289 -26.91 73.55 23.88 0
130290 -28.32 71.76 19.76 0
130291 -28.43 71.15 19.63 0
130292 -28.54 70.66 19.18 0
130293 -28.59 70.46 18.84 0
130298 -26.78 75.09 23.70 0
130299 -27.03 74.80 23.20 0
130300 -27.31 74.58 22.57 0
130301 -27.48 74.27 22.16 0
130302 -27.63 73.93 21.75 0
130303 -27.77 73.58 21.34 0
130304 -27.91 73.23 20.91 0
130305 -28.04 72.87 20.48 0
130306 -28.20 72.49 19.87 0
130307 -28.35 71.97 19.28 0
130308 -28.46 71.44 18.92 0
130309 -28.54 70.99 18.38 0
130316 -27.13 75.51 22.74 0
130317 -27.27 75.22 22.45 0
130318 -27.45 74.93 22.00 0
130319 -27.60 74.61 21.57 0
130320 -27.74 74.29 21.15 0
130321 -27.87 73.97 20.70 0
130322 -27.99 73.57 20.27 0
130323 -28.09 73.16 20.04 0
130324 -28.51 71.35 17.28 0
130325 -28.56 70.87 17.08 0
130328 -28.41 71.97 16.28 0
130329 -28.51 71.07 16.64 0
130337 -28.32 72.21 15.38 0
130338 -28.41 71.36 15.81 0
131088 -20.67 70.66 35.48 0
131097 -21.21 70.06 34.85 0
131098 -20.86 70.08 35.32 0
131100 -21.98 68.98 33.89 0
131101 -21.80 69.32 34.12 0
131102 -21.41 69.43 34.67 0
131105 -22.21 68.91 33.54 0
131106 -22.02 69.22 33.80 0
131115 -22.88 67.97 32.58 0
131116 -22.64 68.36 32.91 0
131118 -22.98 67.75 32.45 0
131119 -23.13 68.25 32.12 0
131120 -25.43 71.18 27.47 0
131121 -25.71 71.42 26.88 0
131122 -26.02 71.47 26.28 0
131127 -23.61 68.72 31.23 0
131128 -24.05 69.34 30.36 0
131129 -24.51 70.00 29.41 0
131130 -25.07 70.78 28.23 0
131131 -25.33 71.98 27.42 0
131132 -25.86 72.73 26.21 0
131136 -26.16 74.51 25.10 0
131139 -26.56 75.68 23.97 0
131140 -26.84 75.43 23.46 0
131141 -28.21 73.14 19.26 0
131142 -28.29 72.76 18.93 0
131143 -28.40 72.18 18.57 0
131144 -28.47 71.67 18.45 0
131152 -26.68 76.45 23.49 0
131153 -26.96 76.13 22.95 0
131154 -27.24 75.88 22.32 0
131155 -27.42 75.60 21.86 0
131156 -27.57 75.30 21.40 0
131157 -27.71 74.96 20.97 0
131158 -27.83 74.64 20.55 0
131159 -27.95 74.48 19.97 0
131160 -28.11 73.71 19.52 0
131161 -28.22 73.59 18.71 0
131162 -28.33 73.18 17.88 0
131163 -28.44 72.04 17.91 0
131166 -27.11 76.79 22.42 0
131167 -27.23 76.52 22.18 0
131168 -27.40 76.29 21.71 0
131169 -27.55 76.01 21.23 0
131170 -27.69 75.65 20.78 0
131171 -27.81 75.24 20.36 0
131172 -27.88 74.92 20.13 0
131173 -28.33 73.48 17.11 0
131174 -28.38 72.84 16.86 0
131182 -28.31 72.98 15.67 0
131193 -28.24 72.90 14.87 0
131890 -20.67 71.31 35.36 0
131891 -20.41 72.05 35.54 0
131900 -21.33 70.50 34.62 0
131901 -21.06 70.89 34.92 0
131907 -21.85 69.85 33.96 0
131908 -21.60 70.18 34.28 0
131911 -22.28 69.39 33.36 0
131912 -22.08 69.65 33.63 0
131922 -22.48 69.27 33.03 0
131927 -22.86 69.28 32.39 0
131928 -23.10 69.85 31.86 0
131932 -23.24 69.21 31.75 0
131933 -23.51 69.94 31.15 0
131934 -23.97 70.61 30.20 0
131935 -24.40 71.37 29.27 0
131936 -24.77 72.34 28.35 0
131937 -25.12 73.45 27.39 0
131942 -25.49 74.77 26.31 0
131944 -25.88 76.35 25.09 0
131951 -26.43 77.07 23.81 0
131952 -26.76 76.92 23.19 0
131953 -27.97 74.87 19.63 0
131954 -28.03 74.82 19.28 0
131955 -28.14 74.42 18.70 0
131956 -28.23 74.28 17.94 0
131960 -26.70 77.55 23.14 0
131961 -27.00 77.40 22.51 0
131962 -27.23 77.13 22.00 0
131963 -27.38 76.90 21.61 0
131964 -27.54 76.83 21.05 0
131965 -27.68 76.40 20.59 0
131966 -27.80 75.96 20.09 0
131967 -27.93 75.31 19.63 0
131968 -28.01 75.31 19.16 0
131969 -28.28 74.23 16.95 0
131970 -28.33 73.65 16.74 0
131976 -27.13 77.97 22.06 0
131977 -27.24 77.73 21.82 0
131978 -27.39 77.45 21.44 0
131979 -27.48 77.20 21.22 0
131980 -28.27 74.62 16.27 0
131981 -28.28 74.04 15.99 0
131994 -28.17 73.91 14.63 0
131995 -28.16 73.24 14.37 0
132007 -28.05 74.31 13.75 0
132008 -28.03 73.49 13.62 0
132657 -19.62 74.57 35.97 0
132667 -20.26 73.11 35.50 0
132668 -20.10 74.15 35.45 0
132677 -20.90 71.88 34.94 0
132678 -20.73 72.79 34.96 0
132687 -21.44 70.88 34.39 0
132688 -21.37 71.73 34.31 0
132698 -21.92 70.26 33.78 0
132699 -21.81 71.11 33.77 0
132700 -21.73 72.04 33.71 0
132706 -22.33 69.75 33.20 0
132707 -22.25 70.50 33.19 0
132708 -22.17 71.38 33.13 0
132717 -22.57 69.93 32.76 0
132718 -22.65 70.66 32.47 0
132726 -22.85 70.09 32.25 0
132727 -23.07 70.71 31.75 0
132730 -23.50 71.16 30.90 0
132731 -23.86 71.82 30.12 0
132732 -24.18 72.69 29.32 0
132733 -24.48 73.75 28.48 0
132734 -24.75 75.16 27.58 0
132735 -24.65 76.61 27.38 0
132740 -25.17 76.40 26.45 0
132741 -24.81 77.73 26.74 0
132742 -24.70 78.70 26.66 0
132745 -25.40 77.77 25.61 0
132746 -25.04 78.70 26.01 0
132747 -24.78 79.25 26.35 0
132752 -26.00 78.75 24.16 0
132753 -25.95 78.26 24.39 0
132754 -28.04 75.28 18.96 0
132755 -28.09 75.17 18.63 0
132756 -28.16 74.97 18.11 0
132762 -26.13 78.78 23.90 0
132763 -26.47 78.36 23.36 0
132764 -26.80 78.06 22.78 0
132765 -27.60 77.18 20.77 0
132766 -27.66 77.08 20.50 0
132767 -27.79 76.86 19.86 0
132768 -27.91 76.34 19.33 0
132769 -28.02 75.83 18.76 0
132770 -28.12 75.69 17.97 0
132771 -28.20 75.27 17.28 0
132774 -26.78 78.65 22.65 0
132775 -27.02 78.38 22.21 0
132776 -27.24 78.36 21.67 0
132777 -27.41 78.12 21.21 0
132778 -27.57 77.61 20.73 0
132779 -27.74 77.61 19.95 0
132780 -27.85 77.52 19.38 0
132781 -28.24 75.26 16.30 0
132782 -28.25 74.91 15.83 0
132792 -28.23 75.52 15.57 0
132793 -28.19 75.12 14.98 0
132807 -28.06 75.14 13.77 0
132808 -27.92 74.68 13.00 0
133434 -18.89 77.01 36.31 0
133457 -19.45 75.54 35.94 0
133458 -19.30 76.35 35.94 0
133480 -19.96 75.33 35.32 0
133481 -19.65 76.17 35.52 0
133498 -20.59 73.76 34.91 0
133499 -20.45 74.75 34.83 0
133511 -21.12 72.52 34.50 0
133512 -21.08 73.42 34.34 0
133520 -21.49 72.78 33.91 0
133521 -21.43 73.60 33.79 0
133530 -22.01 71.88 33.30 0
133531 -21.94 72.72 33.22 0
133540 -22.43 71.24 32.72 0
133541 -22.36 72.15 32.65 0
133542 -22.26 73.09 32.61 0
133548 -22.74 71.49 32.14 0
133549 -22.80 72.41 31.84 0
133558 -23.12 71.77 31.42 0
133559 -23.17 72.71 31.11 0
133562 -23.46 72.09 30.76 0
133563 -23.62 72.99 30.25 0
133564 -23.93 73.88 29.45 0
133565 -24.14 74.96 28.78 0
133566 -24.23 76.20 28.27 0
133567 -24.26 77.54 27.83 0
133568 -24.10 78.69 27.81 0
133569 -23.99 79.54 27.78 0
133573 -24.46 78.42 27.21 0
133574 -24.42 79.41 26.99 0
133575 -24.10 80.20 27.37 0
133579 -25.71 79.63 24.45 0
133580 -25.53 79.19 24.93 0
133581 -25.02 79.57 25.78 0
133582 -24.71 79.88 26.29 0
133585 -25.91 79.26 24.17 0
133586 -25.80 78.89 24.50 0
133591 -26.29 79.33 23.42 0
133592 -26.64 79.29 22.75 0
133593 -27.90 77.10 19.15 0
133594 -27.99 76.96 18.51 0
133595 -28.08 76.57 17.87 0
133596 -28.16 76.32 17.17 0
133597 -28.21 76.11 16.46 0
133603 -26.94 79.21 22.15 0
133604 -27.18 79.07 21.60 0
133605 -27.39 78.91 21.06 0
133606 -27.57 78.64 20.52 0
133607 -27.72 78.39 19.91 0
133608 -27.84 78.19 19.28 0
133609 -27.94 77.82 18.69 0
133610 -28.02 77.73 18.03 0
133611 -28.22 76.13 15.74 0
133618 -28.19 76.15 14.99 0
133619 -28.11 76.11 14.11 0
133630 -28.00 76.16 13.26 0
133631 -27.89 75.70 12.71 0
134254 -17.18 79.92 37.84 0
134255 -19.11 77.64 35.88 0
134256 -18.74 78.05 36.27 0
134275 -16.87 80.69 38.02 0
134276 -19.47 77.12 35.52 0
134277 -19.31 78.35 35.42 0
134278 -19.33 79.22 35.19 0
134302 -20.38 75.61 34.69 0
134303 -20.07 76.49 34.87 0
134304 -19.92 77.78 34.74 0
134305 -19.84 79.17 34.52 0
134306 -20.12 80.10 33.92 0
134307 -20.20 80.54 33.73 0
134329 -20.89 74.37 34.34 0
134330 -20.77 75.27 34.26 0
134331 -20.65 76.21 34.16 0
134332 -20.45 77.22 34.16 0
134333 -20.38 78.31 33.97 0
134334 -20.53 79.41 33.51 0
134335 -20.46 80.46 33.38 0
134336 -20.58 80.86 33.14 0
134351 -21.25 74.12 33.91 0
134352 -21.21 74.93 33.75 0
134353 -21.03 75.76 33.77 0
134354 -20.85 79.57 33.03 0
134355 -20.81 80.04 32.99 0
134356 -20.81 80.78 32.84 0
134365 -21.70 73.41 33.43 0
134366 -21.62 74.29 33.32 0
134367 -21.52 75.11 33.25 0
134368 -21.05 79.72 32.72 0
134369 -21.17 80.32 32.42 0
134370 -21.18 81.14 32.23 0
134371 -21.34 81.64 31.88 0
134379 -22.00 73.65 32.89 0
134380 -22.03 74.50 32.63 0
134381 -21.43 80.72 31.94 0
134382 -21.55 81.26 31.64 0
134383 -21.55 81.84 31.51 0
134393 -22.54 72.98 32.16 0
134394 -22.42 73.92 32.13 0
134395 -22.29 74.81 32.12 0
134396 -21.75 81.62 31.25 0
134397 -21.76 82.02 31.13 0
134404 -22.83 73.33 31.56 0
134405 -22.83 74.27 31.32 0
134406 -22.79 80.67 29.74 0
134407 -22.74 81.08 29.71 0
134408 -22.63 81.77 29.70 0
134416 -23.20 73.68 30.82 0
134417 -23.20 74.76 30.55 0
134418 -23.35 75.69 30.03 0
134419 -23.41 76.65 29.66 0
134420 -23.42 77.65 29.38 0
134421 -23.38 78.63 29.20 0
134422 -23.28 79.60 29.12 0
134423 -23.02 80.60 29.32 0
134424 -22.96 81.76 29.09 0
134425 -22.69 82.34 29.41 0
134432 -23.52 74.04 30.15 0
134433 -23.65 74.87 29.70 0
134434 -23.77 75.90 29.21 0
134435 -23.81 77.01 28.83 0
134436 -23.78 78.11 28.59 0
134437 -23.70 79.14 28.46 0
134438 -23.64 80.25 28.25 0
134439 -23.44 81.48 28.24 0
134440 -23.24 82.29 28.39 0
134443 -25.52 80.91 24.43 0
134444 -25.34 80.89 24.78 0
134445 -24.96 80.84 25.52 0
134446 -24.51 80.61 26.45 0
134447 -23.93 81.19 27.39 0
134448 -23.71 81.83 27.60 0
134452 -25.84 80.92 23.84 0
134453 -25.69 80.48 24.25 0
134454 -25.23 80.19 25.20 0
134455 -24.85 80.22 25.91 0
134456 -24.69 80.24 26.22 0
134459 -25.99 80.84 23.58 0
134460 -26.11 80.13 23.55 0
134462 -26.25 80.72 23.10 0
134463 -26.49 80.20 22.79 0
134464 -26.84 80.01 22.12 0
134465 -28.06 77.33 17.75 0
134466 -28.12 77.28 17.07 0
134467 -28.18 76.99 16.38 0
134468 -28.20 76.70 15.90 0
134474 -27.11 79.87 21.53 0
134475 -27.35 79.72 20.95 0
134476 -27.55 79.52 20.37 0
134477 -27.71 79.27 19.79 0
134478 -27.84 79.02 19.18 0
134479 -27.94 78.74 18.56 0
134480 -28.02 78.47 17.92 0
134481 -28.08 78.09 17.29 0
134482 -28.14 78.01 16.63 0
134483 -28.19 77.25 15.74 0
134484 -28.19 76.99 15.21 0
134490 -28.14 76.99 14.32 0
134491 -28.04 77.09 13.35 0
134501 -27.86 76.75 12.40 0
134502 -27.76 76.07 12.03 0
134512 -27.64 76.51 11.46 0
135137 -17.68 79.75 37.24 0
135138 -18.12 79.34 36.79 0
135139 -18.35 78.66 36.66 0
135155 -16.83 81.48 37.85 0
135156 -17.45 81.03 37.18 0
135157 -18.12 80.30 36.52 0
135158 -18.79 79.47 35.86 0
135159 -19.38 79.88 34.97 0
135179 -16.45 82.47 38.01 0
135180 -17.11 82.10 37.30 0
135181 -19.72 80.28 34.41 0
135182 -19.98 80.73 33.97 0
135183 -20.23 80.87 33.61 0
135202 -15.25 83.69 39.10 0
135203 -16.01 83.49 38.22 0
135204 -20.95 76.28 33.73 0
135205 -20.88 76.83 33.67 0
135206 -20.80 77.72 33.54 0
135207 -20.77 78.54 33.37 0
135208 -20.43 81.07 33.30 0
135209 -20.64 81.13 33.00 0
135225 -15.13 84.73 38.84 0
135226 -21.33 75.58 33.39 0
135227 -21.23 76.31 33.32 0
135228 -21.20 77.25 33.10 0
135229 -21.14 78.16 32.95 0
135230 -21.03 79.09 32.88 0
135231 -20.55 81.45 33.04 0
135232 -20.82 81.47 32.67 0
135241 -21.77 75.00 32.90 0
135242 -21.65 75.77 32.87 0
135243 -21.59 76.75 32.67 0
135244 -21.55 77.72 32.47 0
135245 -21.48 78.66 32.33 0
135246 -21.38 79.59 32.26 0
135247 -21.50 80.23 31.95 0
135248 -21.09 81.80 32.20 0
135249 -21.32 82.11 31.79 0
135256 -22.03 75.32 32.40 0
135257 -22.01 76.30 32.15 0
135258 -21.87 77.18 32.12 0
135259 -21.85 77.79 32.00 0
135260 -21.72 79.21 31.83 0
135261 -21.74 79.87 31.65 0
135262 -21.76 80.62 31.46 0
135263 -21.84 81.23 31.19 0
135264 -21.57 82.34 31.34 0
135272 -22.55 74.74 31.69 0
135273 -22.40 75.55 31.72 0
135274 -22.39 76.52 31.47 0
135275 -21.97 79.51 31.39 0
135276 -22.12 80.08 31.02 0
135277 -22.13 80.89 30.81 0
135278 -22.02 81.72 30.78 0
135279 -21.88 82.56 30.77 0
135286 -22.79 75.16 31.17 0
135287 -22.73 76.03 31.04 0
135288 -22.70 77.01 30.83 0
135289 -22.78 77.86 30.48 0
135290 -22.77 78.65 30.30 0
135291 -22.72 79.45 30.19 0
135292 -22.59 80.32 30.18 0
135293 -22.41 81.35 30.21 0
135294 -22.34 82.30 30.06 0
135295 -22.14 83.17 30.12 0
135298 -23.02 75.60 30.64 0
135299 -23.05 76.38 30.39 0
135300 -23.07 77.29 30.11 0
135301 -23.08 78.19 29.87 0
135302 -23.03 79.07 29.74 0
135303 -22.92 79.89 29.72 0
135304 -22.85 80.28 29.75 0
135305 -22.95 82.72 28.80 0
135306 -22.56 83.16 29.37 0
135307 -22.28 83.71 29.70 0
135314 -24.16 82.37 26.54 0
135315 -23.99 82.43 26.85 0
135316 -23.60 82.43 27.62 0
135317 -23.23 83.03 28.14 0
135320 -25.67 81.60 23.96 0
135321 -25.53 81.37 24.28 0
135322 -25.12 81.56 25.00 0
135323 -24.70 81.58 25.77 0
135324 -24.25 81.95 26.52 0
135325 -23.86 81.99 27.25 0
135326 -23.72 82.08 27.50 0
135329 -25.97 81.71 23.38 0
135330 -25.84 81.44 23.68 0
135331 -25.69 81.10 24.07 0
135335 -26.05 81.70 23.23 0
135336 -26.19 81.36 23.05 0
135339 -26.48 81.11 22.54 0
135340 -26.77 80.87 22.02 0
135341 -27.04 80.66 21.47 0
135342 -28.16 77.64 16.39 0
135343 -28.18 77.62 15.94 0
135345 -27.29 80.54 20.89 0
135346 -27.51 80.40 20.26 0
135347 -27.70 80.14 19.66 0
135348 -27.84 79.87 19.07 0
135349 -27.94 79.61 18.46 0
135350 -28.02 79.35 17.82 0
135351 -28.08 79.06 17.15 0
135352 -28.13 78.74 16.50 0
135353 -28.17 78.29 15.94 0
135354 -28.18 77.91 15.27 0
135355 -28.16 77.77 14.50 0
135360 -28.11 77.81 13.76 0
135361 -28.04 77.96 13.12 0
135371 -27.93 77.80 12.51 0
135384 -27.73 77.87 11.51 0
135397 -27.45 77.60 10.54 0
135969 -18.07 81.34 36.28 0
135970 -18.59 80.85 35.75 0
135971 -19.13 80.58 35.12 0
135972 -19.45 80.51 34.71 0
135986 -17.05 82.88 37.10 0
135987 -17.72 82.59 36.33 0
135988 -18.46 81.89 35.62 0
135989 -18.98 81.46 35.07 0
135990 -19.57 81.30 34.35 0
135991 -20.06 81.26 33.74 0
135992 -20.25 81.18 33.51 0
136009 -15.84 84.67 37.95 0
136010 -16.70 83.78 37.22 0
136011 -17.27 83.41 36.63 0
136012 -19.69 81.97 34.01 0
136013 -20.01 81.97 33.60 0
136014 -20.31 81.50 33.35 0
136029 -14.76 85.58 38.93 0
136030 -15.32 85.23 38.38 0
136031 -20.27 82.71 33.03 0
136032 -20.56 82.06 32.86 0
136033 -20.87 81.95 32.48 0
136046 -21.73 78.22 32.07 0
136047 -21.79 78.66 31.87 0
136048 -20.40 83.11 32.73 0
136049 -20.64 82.92 32.47 0
136050 -20.99 82.45 32.15 0
136051 -21.33 82.59 31.63 0
136060 -22.15 76.97 31.75 0
136061 -22.09 77.58 31.69 0
136062 -22.00 78.26 31.65 0
136063 -22.00 78.95 31.48 0
136064 -20.92 83.05 32.06 0
136065 -21.19 83.11 31.65 0
136066 -21.54 82.91 31.21 0
136075 -22.36 77.29 31.33 0
136076 -22.30 77.96 31.26 0
136077 -22.26 78.65 31.14 0
136078 -22.25 79.40 30.98 0
136079 -22.39 79.90 30.63 0
136080 -21.44 83.43 31.16 0
136081 -21.76 83.42 30.68 0
136089 -22.53 77.69 30.95 0
136090 -22.53 78.31 30.80 0
136091 -22.51 79.03 30.66 0
136092 -22.49 79.68 30.52 0
136093 -22.49 79.97 30.45 0
136094 -22.00 83.82 30.13 0
136097 -23.23 83.93 27.84 0
136098 -23.01 83.72 28.32 0
136099 -22.50 84.12 29.12 0
136100 -22.16 84.26 29.68 0
136106 -25.18 82.80 24.52 0
136107 -25.02 82.82 24.80 0
136108 -24.68 82.85 25.44 0
136109 -24.26 82.74 26.25 0
136110 -23.84 83.14 26.92 0
136111 -23.40 83.58 27.62 0
136112 -23.21 83.45 28.04 0
136119 -25.64 81.99 23.91 0
136120 -25.29 82.42 24.42 0
136121 -24.89 82.25 25.23 0
136122 -24.51 82.28 25.91 0
136123 -24.34 82.32 26.23 0
136125 -26.01 81.97 23.24 0
136126 -25.85 82.28 23.45 0
136129 -26.24 82.04 22.77 0
136130 -26.44 81.71 22.48 0
136133 -26.51 82.20 22.19 0
136134 -26.73 81.83 21.82 0
136135 -27.00 81.44 21.35 0
136136 -27.20 81.19 20.92 0
136139 -27.00 82.12 21.16 0
136140 -27.21 81.93 20.69 0
136141 -27.44 81.37 20.21 0
136142 -27.69 81.08 19.48 0
136143 -27.83 80.70 18.97 0
136144 -27.93 80.45 18.38 0
136145 -28.02 80.21 17.75 0
136146 -28.08 79.96 17.08 0
136147 -28.14 79.75 16.31 0
136148 -28.17 79.24 15.71 0
136149 -28.18 78.83 15.13 0
136150 -28.17 78.58 14.48 0
136151 -28.14 78.34 13.99 0
136153 -27.82 81.36 18.86 0
136154 -27.91 81.26 18.34 0
136155 -28.01 81.04 17.69 0
136156 -28.08 80.80 17.05 0
136157 -28.14 80.59 16.41 0
136158 -28.17 80.53 15.85 0
136159 -28.15 78.83 13.91 0
136160 -28.08 78.67 13.31 0
136161 -28.00 78.42 12.70 0
136164 -28.00 78.96 12.58 0
136165 -27.89 78.71 12.01 0
136176 -27.73 78.89 11.23 0
136193 -27.25 78.48 9.67 0
136194 -27.53 78.80 10.49 0
136697 -18.05 83.40 35.63 0
136698 -18.43 82.85 35.34 0
136699 -18.92 82.26 34.91 0
136700 -19.23 81.84 34.64 0
136718 -16.07 85.40 37.34 0
136719 -16.64 85.10 36.74 0
136720 -17.59 84.35 35.84 0
136721 -18.43 83.78 35.00 0
136722 -18.96 83.12 34.56 0
136723 -19.44 82.35 34.21 0
136724 -19.74 82.25 33.86 0
136740 -14.86 86.46 38.33 0
136741 -15.55 85.89 37.75 0
136742 -16.23 85.88 36.88 0
136743 -17.99 85.68 34.77 0
136744 -18.48 84.84 34.51 0
136745 -19.04 84.10 34.09 0
136746 -19.52 83.36 33.75 0
136747 -19.86 82.69 33.56 0
136760 -18.24 86.20 34.21 0
136761 -18.65 85.96 33.80 0
136762 -19.15 85.13 33.52 0
136763 -19.66 84.36 33.19 0
136764 -20.17 83.49 32.88 0
136765 -20.51 83.31 32.51 0
136775 -18.94 86.37 33.24 0
136776 -19.29 86.12 32.90 0
136777 -19.76 85.39 32.61 0
136778 -20.29 84.65 32.23 0
136779 -20.82 83.70 31.92 0
136780 -21.24 83.59 31.40 0
136788 -19.56 86.46 32.40 0
136789 -19.80 86.18 32.21 0
136790 -20.35 85.89 31.59 0
136791 -20.94 85.01 31.16 0
136792 -21.46 84.11 30.84 0
136793 -21.78 83.94 30.44 0
136802 -20.56 86.31 31.10 0
136803 -20.91 86.32 30.56 0
136804 -21.77 85.37 29.76 0
136805 -21.87 84.37 30.10 0
136808 -23.65 84.54 26.82 0
136809 -23.28 84.47 27.55 0
136810 -22.73 85.05 28.32 0
136811 -22.25 84.81 29.26 0
136812 -22.02 84.71 29.71 0
136814 -25.22 83.17 24.34 0
136815 -24.90 83.41 24.87 0
136816 -24.50 83.59 25.55 0
136817 -24.09 83.72 26.27 0
136818 -23.74 83.91 26.88 0
136819 -23.51 84.12 27.23 0
136826 -25.65 82.82 23.67 0
136827 -25.42 82.99 24.04 0
136830 -26.07 82.67 22.92 0
136831 -25.87 82.77 23.27 0
136834 -26.39 82.69 22.29 0
136836 -26.73 82.74 21.57 0
136837 -26.90 82.42 21.30 0
136840 -26.88 83.18 21.14 0
136841 -27.11 82.99 20.64 0
136842 -27.44 82.45 19.87 0
136843 -27.65 81.92 19.33 0
136844 -27.76 81.62 19.04 0
136845 -28.18 80.13 15.47 0
136846 -28.18 79.68 14.95 0
136847 -28.17 79.29 14.42 0
136848 -28.16 79.05 14.12 0
136850 -27.29 83.68 19.99 0
136851 -27.48 83.59 19.44 0
136852 -27.68 82.88 18.93 0
136853 -27.84 82.11 18.47 0
136854 -27.99 81.86 17.66 0
136855 -28.08 81.62 16.99 0
136856 -28.14 81.37 16.37 0
136857 -28.17 81.12 15.83 0
136858 -28.20 81.03 15.23 0
136859 -28.20 80.51 14.76 0
136860 -28.18 80.06 14.22 0
136861 -28.14 79.50 13.65 0
136862 -28.05 79.51 12.80 0
136864 -27.62 84.15 18.88 0
136865 -27.74 83.95 18.42 0
136866 -27.86 83.21 18.04 0
136867 -27.98 82.70 17.51 0
136868 -28.06 82.38 16.93 0
136869 -28.13 82.27 16.22 0
136870 -28.17 81.76 15.72 0
136871 -28.19 81.45 15.42 0
136872 -27.95 79.50 12.11 0
136873 -27.83 79.50 11.45 0
136875 -27.85 84.37 17.87 0
136876 -27.90 84.02 17.67 0
136877 -27.98 83.54 17.24 0
136878 -28.06 83.07 16.74 0
136879 -28.10 82.73 16.43 0
136880 -27.66 79.57 10.73 0
136888 -27.08 79.19 8.97 0
136889 -27.33 79.58 9.61 0
136890 -27.51 79.58 10.20 0
136903 -26.95 79.90 8.43 0
136904 -27.14 79.76 9.00 0
136929 -26.67 82.22 7.19 0
136930 -26.75 82.90 7.21 0
137399 -17.14 85.31 36.00 0
137400 -17.43 85.56 35.52 0
137411 -15.22 87.06 37.49 0
137412 -16.02 86.79 36.64 0
137413 -16.87 86.21 35.89 0
137414 -17.52 86.22 35.08 0
137426 -14.52 87.24 38.31 0
137427 -17.37 87.03 34.84 0
137428 -17.94 86.61 34.37 0
137429 -18.37 86.54 33.87 0
137439 -17.81 87.35 34.12 0
137440 -18.28 87.18 33.64 0
137441 -18.72 86.75 33.33 0
137442 -19.07 86.65 32.92 0
137449 -18.65 87.35 33.08 0
137450 -19.02 87.20 32.70 0
137451 -19.38 86.81 32.44 0
137452 -19.74 86.70 32.04 0
137453 -20.06 86.51 31.71 0
137461 -19.33 87.34 32.22 0
137462 -19.62 87.20 31.92 0
137463 -19.97 87.03 31.54 0
137465 -24.08 84.92 25.91 0
137466 -23.92 84.87 26.21 0
137468 -25.30 83.52 24.10 0
137469 -25.17 83.82 24.26 0
137470 -24.80 84.20 24.82 0
137471 -24.29 84.63 25.63 0
137472 -23.93 84.33 26.37 0
137478 -25.69 83.24 23.48 0
137479 -25.51 83.56 23.71 0
137480 -25.36 84.28 23.79 0
137482 -26.07 83.07 22.81 0
137483 -25.90 83.33 23.05 0
137484 -25.78 84.02 23.09 0
137486 -26.22 83.22 22.47 0
137487 -26.16 83.75 22.43 0
137490 -26.54 83.29 21.83 0
137491 -26.68 83.63 21.45 0
137494 -26.75 83.30 21.39 0
137495 -26.88 83.69 20.98 0
137498 -27.17 84.03 20.22 0
137499 -27.37 84.07 19.68 0
137500 -28.21 81.38 14.93 0
137501 -28.21 81.23 14.65 0
137502 -28.19 80.89 14.05 0
137503 -28.16 80.46 13.47 0
137504 -28.10 80.11 12.96 0
137507 -27.33 84.51 19.66 0
137508 -27.52 84.54 19.09 0
137509 -27.68 84.50 18.55 0
137510 -28.15 82.63 15.88 0
137511 -28.17 82.45 15.57 0
137512 -28.20 81.86 14.91 0
137513 -28.20 81.71 13.99 0
137514 -28.17 81.36 13.23 0
137515 -28.11 80.80 12.71 0
137516 -28.01 80.29 12.18 0
137517 -27.90 80.03 11.66 0
137520 -27.67 84.97 18.43 0
137521 -27.80 84.84 17.94 0
137522 -27.91 84.66 17.44 0
137523 -27.99 84.33 16.99 0
137524 -28.06 83.87 16.46 0
137525 -28.13 83.16 15.85 0
137526 -28.18 83.00 14.83 0
137527 -28.20 82.70 13.88 0
137528 -28.19 82.18 13.23 0
137529 -28.16 81.92 12.73 0
137530 -27.92 80.53 11.55 0
137531 -27.78 80.30 11.02 0
137535 -27.89 85.19 17.34 0
137536 -27.97 85.14 16.81 0
137537 -28.05 84.74 16.29 0
137538 -28.11 84.36 15.65 0
137539 -28.16 84.03 14.85 0
137540 -28.19 83.78 13.91 0
137541 -28.19 83.41 13.30 0
137542 -27.35 80.10 9.54 0
137543 -27.51 80.35 10.02 0
137551 -28.03 85.42 16.20 0
137552 -28.08 85.28 15.62 0
137553 -28.14 85.05 14.83 0
137554 -28.17 84.77 14.04 0
137555 -28.17 84.50 13.43 0
137556 -27.04 80.28 8.57 0
137557 -27.19 80.36 9.01 0
137558 -27.36 81.29 9.30 0
137568 -28.15 85.40 14.23 0
137569 -28.15 85.46 13.76 0
137570 -26.95 80.57 8.29 0
137571 -27.06 81.36 8.40 0
137572 -27.24 82.01 8.78 0
137583 -26.80 81.08 7.79 0
137584 -26.81 81.70 7.67 0
137585 -27.00 82.50 7.99 0
137595 -26.91 83.49 7.51 0
138076 -14.76 88.05 37.44 0
138077 -15.61 87.93 36.43 0
138078 -16.59 87.70 35.36 0
138091 -17.42 88.04 34.15 0
138106 -18.01 87.88 33.57 0
138107 -18.43 87.81 33.09 0
138120 -18.80 87.79 32.64 0
138121 -19.14 87.76 32.22 0
138129 -19.46 87.70 31.83 0
138130 -19.82 87.62 31.41 0
138131 -20.18 87.41 31.03 0
138134 -24.04 85.25 25.88 0
138135 -23.56 85.53 26.65 0
138138 -25.12 84.60 24.14 0
138139 -24.83 85.17 24.49 0
138140 -24.39 85.56 25.15 0
138141 -24.02 85.98 25.68 0
138142 -23.77 86.20 26.05 0
138148 -25.60 84.41 23.32 0
138149 -25.41 85.00 23.50 0
138150 -25.14 85.13 23.95 0
138155 -26.01 84.12 22.63 0
138156 -25.86 84.69 22.74 0
138157 -25.65 84.90 23.08 0
138160 -26.40 83.75 21.98 0
138161 -26.27 84.36 22.06 0
138162 -26.07 84.55 22.39 0
138165 -26.56 83.71 21.66 0
138166 -26.61 84.17 21.42 0
138169 -26.93 84.49 20.63 0
138173 -27.17 84.80 19.96 0
138176 -27.36 85.09 19.35 0
138177 -27.55 85.36 18.68 0
138178 -28.12 81.51 12.44 0
138179 -28.03 81.07 12.00 0
138180 -27.97 80.79 11.72 0
138184 -27.74 85.61 17.88 0
138185 -27.84 85.39 17.53 0
138186 -28.18 82.91 12.99 0
138187 -28.16 82.47 12.56 0
138188 -28.13 82.08 12.20 0
138189 -28.05 81.78 11.76 0
138190 -27.89 81.25 11.18 0
138191 -27.72 80.85 10.60 0
138195 -27.78 86.07 17.46 0
138196 -27.89 85.90 16.96 0
138197 -27.98 85.68 16.45 0
138198 -28.17 84.05 13.08 0
138199 -28.16 83.58 12.66 0
138200 -28.14 83.09 12.29 0
138201 -28.10 82.58 11.89 0
138202 -28.09 82.19 11.84 0
138203 -27.82 81.72 10.69 0
138204 -27.66 81.50 10.20 0
138207 -27.92 86.42 16.37 0
138208 -28.00 86.22 15.82 0
138209 -28.09 85.85 14.92 0
138210 -28.13 85.61 14.50 0
138211 -28.15 85.13 13.31 0
138212 -28.14 84.74 12.81 0
138213 -28.11 84.26 12.36 0
138214 -28.09 83.74 11.97 0
138215 -28.07 83.21 11.67 0
138216 -27.47 82.13 9.41 0
138219 -28.01 86.86 15.29 0
138220 -28.04 86.81 14.72 0
138221 -28.11 86.12 14.02 0
138222 -28.12 85.86 13.21 0
138223 -28.10 85.47 12.62 0
138224 -28.06 85.00 12.08 0
138225 -28.01 84.44 11.59 0
138226 -27.99 83.82 11.28 0
138227 -27.31 82.73 8.82 0
138229 -28.03 87.33 14.28 0
138230 -28.04 87.23 13.76 0
138231 -28.07 86.68 13.12 0
138232 -28.05 86.26 12.47 0
138233 -28.01 85.80 11.86 0
138234 -27.94 85.26 11.26 0
138235 -27.83 84.52 10.61 0
138236 -27.69 84.41 9.94 0
138237 -27.39 83.79 8.91 0
138238 -27.20 83.52 8.37 0
138240 -28.01 87.69 13.36 0
138241 -28.01 87.52 12.94 0
138242 -28.00 87.07 12.34 0
138243 -27.96 86.65 11.70 0
138244 -27.89 86.16 11.06 0
138245 -27.77 85.62 10.39 0
138246 -27.59 85.02 9.61 0
138247 -27.33 84.49 8.67 0
138248 -27.03 84.28 7.74 0
138251 -27.95 87.73 12.27 0
138252 -27.90 87.55 11.57 0
138253 -27.84 87.02 10.93 0
138254 -27.74 86.57 10.28 0
138255 -27.58 86.14 9.54 0
138256 -27.34 85.71 8.65 0
138257 -26.99 85.25 7.56 0
138261 -27.79 87.72 10.79 0
138262 -27.71 87.40 10.20 0
138263 -27.59 87.02 9.57 0
138264 -27.38 86.85 8.76 0
138265 -27.10 86.44 7.81 0
138271 -27.17 87.30 7.99 0
138754 -15.59 89.70 35.17 0
138755 -16.22 89.60 34.49 0
138763 -15.02 89.14 36.29 0
138764 -15.99 88.85 35.33 0
138765 -16.85 88.99 34.18 0
138776 -17.50 88.85 33.53 0
138777 -17.91 89.05 32.90 0
138789 -17.82 88.45 33.42 0
138790 -18.24 88.44 32.93 0
138791 -18.55 88.65 32.40 0
138806 -18.59 88.21 32.64 0
138807 -18.92 88.39 32.11 0
138808 -19.26 88.58 31.56 0
138809 -19.56 88.73 31.05 0
138821 -19.27 88.12 31.83 0
138822 -19.57 88.17 31.41 0
138823 -20.04 88.22 30.74 0
138824 -20.65 87.46 30.32 0
138830 -23.59 86.47 26.26 0
138835 -24.94 85.59 24.18 0
138836 -24.78 85.86 24.37 0
138837 -24.42 86.49 24.80 0
138838 -23.92 86.81 25.56 0
138839 -23.42 87.32 26.21 0
138844 -25.44 85.40 23.31 0
138845 -25.19 85.74 23.66 0
138846 -24.88 86.59 23.95 0
138847 -24.65 87.20 24.14 0
138852 -25.91 85.06 22.54 0
138853 -25.72 85.47 22.77 0
138854 -25.53 86.34 22.83 0
138857 -26.28 84.72 21.94 0
138858 -26.13 85.01 22.13 0
138859 -26.14 85.94 21.76 0
138862 -26.41 84.79 21.64 0
138863 -26.44 85.47 21.33 0
138864 -26.47 86.28 20.94 0
138867 -26.69 85.00 20.97 0
138868 -26.74 85.78 20.57 0
138869 -26.75 86.57 20.19 0
138872 -26.97 85.26 20.26 0
138873 -27.03 86.07 19.76 0
138874 -26.95 86.82 19.57 0
138877 -27.19 85.42 19.67 0
138878 -27.34 85.89 19.03 0
138881 -27.57 86.04 18.29 0
138882 -28.04 81.98 11.54 0
138883 -28.00 81.87 11.38 0
138885 -27.69 86.24 17.74 0
138886 -27.76 86.49 17.25 0
138887 -28.07 82.55 11.62 0
138888 -28.04 82.28 11.50 0
138889 -27.91 82.06 10.96 0
138890 -27.78 82.05 10.46 0
138892 -27.83 86.79 16.62 0
138893 -27.93 86.76 16.10 0
138894 -28.04 82.76 11.47 0
138895 -27.95 82.69 11.02 0
138896 -27.82 82.58 10.49 0
138897 -27.67 82.37 9.99 0
138899 -27.86 87.16 16.11 0
138900 -27.94 87.17 15.59 0
138901 -27.99 87.22 15.05 0
138902 -27.97 83.24 11.12 0
138903 -27.85 83.19 10.57 0
138904 -27.70 83.08 10.00 0
138905 -27.52 82.87 9.44 0
138908 -27.94 87.58 15.09 0
138909 -27.98 87.61 14.59 0
138910 -28.00 87.65 14.08 0
138911 -27.88 83.72 10.73 0
138912 -27.73 83.83 10.10 0
138913 -27.55 83.60 9.43 0
138914 -27.40 83.31 8.99 0
138917 -27.94 88.01 14.14 0
138918 -27.96 88.01 13.62 0
138919 -27.97 87.96 13.13 0
138920 -27.56 84.24 9.47 0
138921 -27.46 84.04 9.12 0
138925 -27.92 88.32 13.13 0
138926 -27.92 88.21 12.64 0
138927 -27.86 88.29 11.89 0
138931 -27.78 88.31 11.09 0
138932 -27.67 88.29 10.17 0
138933 -27.57 87.74 9.52 0
138934 -27.49 87.39 9.12 0
138942 -27.59 88.67 9.73 0
138943 -27.54 88.40 9.39 0
138944 -27.37 87.91 8.66 0
138945 -27.07 88.01 7.60 0
139426 -16.21 91.04 33.37 0
139427 -17.65 91.43 31.41 0
139441 -15.93 90.30 34.30 0
139454 -16.73 90.18 33.45 0
139467 -17.46 89.72 32.94 0
139468 -19.08 90.98 30.15 0
139481 -18.30 89.02 32.45 0
139482 -18.68 89.18 31.87 0
139483 -18.65 90.37 31.06 0
139484 -19.30 90.56 30.16 0
139497 -19.01 88.84 31.70 0
139498 -19.16 89.20 31.26 0
139499 -19.75 89.49 30.29 0
139508 -20.66 88.62 29.62 0
139509 -21.66 87.47 28.84 0
139510 -22.61 87.84 27.27 0
139511 -22.83 87.47 27.14 0
139519 -23.14 88.19 26.28 0
139520 -22.98 87.57 26.84 0
139529 -18.39 98.83 23.92 0
139530 -18.88 98.15 23.94 0
139531 -19.35 97.53 23.94 0
139532 -19.63 97.16 23.94 0
139533 -24.30 87.43 24.67 0
139534 -23.91 87.76 25.20 0
139535 -23.63 88.33 25.41 0
139544 -18.22 100.02 22.96 0
139545 -18.63 99.40 22.98 0
139546 -19.05 98.71 23.08 0
139547 -19.49 98.05 23.16 0
139548 -19.94 97.36 23.27 0
139549 -20.36 97.11 22.91 0
139550 -25.25 86.81 23.19 0
139551 -24.97 87.41 23.48 0
139552 -24.65 88.06 23.80 0
139553 -24.22 88.26 24.46 0
139554 -23.95 88.39 24.87 0
139563 -18.34 100.35 22.44 0
139564 -18.77 100.06 22.03 0
139565 -19.25 99.24 22.18 0
139566 -19.67 98.54 22.31 0
139567 -20.04 97.92 22.45 0
139568 -20.39 97.45 22.46 0
139569 -25.85 86.53 22.12 0
139570 -25.58 87.15 22.42 0
139571 -25.30 87.64 22.76 0
139572 -25.05 88.15 23.01 0
139579 -19.23 100.33 20.89 0
139580 -19.48 99.68 21.25 0
139581 -19.84 99.01 21.45 0
139582 -20.31 98.28 21.55 0
139583 -20.39 97.81 22.01 0
139584 -26.19 86.82 21.30 0
139585 -25.91 87.41 21.62 0
139586 -25.58 88.12 21.96 0
139587 -25.30 88.18 22.50 0
139594 -19.48 100.41 20.32 0
139595 -19.77 99.99 20.32 0
139596 -19.99 99.38 20.69 0
139597 -20.32 98.87 20.76 0
139598 -26.49 87.09 20.52 0
139599 -26.22 87.63 20.83 0
139600 -25.95 88.21 21.09 0
139604 -20.09 99.86 19.85 0
139605 -20.21 99.51 20.09 0
139606 -20.31 99.18 20.34 0
139607 -26.73 87.34 19.80 0
139608 -26.48 87.85 20.11 0
139609 -26.24 88.36 20.35 0
139612 -27.18 86.68 19.05 0
139613 -26.98 87.42 19.09 0
139614 -26.67 88.24 19.32 0
139615 -26.42 88.40 19.86 0
139618 -27.42 86.58 18.43 0
139619 -27.25 87.29 18.41 0
139620 -27.01 88.08 18.45 0
139623 -27.58 86.53 17.98 0
139624 -27.49 87.04 17.85 0
139625 -27.32 87.89 17.59 0
139628 -27.65 86.71 17.59 0
139629 -27.63 87.22 17.13 0
139630 -27.52 88.04 16.66 0
139633 -27.74 87.49 16.39 0
139634 -27.68 88.08 15.93 0
139637 -27.82 87.57 15.87 0
139638 -27.83 87.91 15.36 0
139642 -27.89 87.95 14.88 0
139643 -27.87 88.23 14.48 0
139647 -27.85 88.48 13.97 0
139648 -27.83 88.72 13.39 0
139649 -27.75 89.10 12.91 0
139654 -27.85 88.67 12.87 0
139655 -27.78 88.94 12.30 0
139656 -27.74 88.97 11.47 0
139663 -27.67 88.99 10.68 0
139664 -27.59 89.03 9.96 0
139673 -27.52 88.96 9.41 0
139674 -27.42 88.79 8.86 0
139675 -27.22 88.75 8.06 0
140150 -16.11 91.93 32.74 0
140151 -16.44 92.42 31.94 0
140168 -16.46 93.12 31.34 0
140200 -16.49 93.95 30.62 0
140201 -18.76 91.43 30.20 0
140218 -16.65 94.57 29.93 0
140219 -17.36 93.56 30.01 0
140220 -18.15 93.50 29.21 0
140221 -18.63 93.06 29.07 0
140222 -18.66 92.10 29.81 0
140223 -19.41 91.10 29.67 0
140239 -16.64 95.40 29.24 0
140240 -17.27 94.81 29.06 0
140241 -18.03 94.35 28.63 0
140242 -18.63 93.80 28.45 0
140243 -19.07 93.38 28.30 0
140244 -20.06 90.55 29.24 0
140245 -20.79 90.29 28.47 0
140253 -17.15 95.63 28.48 0
140254 -17.76 95.31 28.08 0
140255 -18.35 94.98 27.72 0
140256 -20.52 89.67 29.19 0
140257 -21.30 89.38 28.30 0
140258 -22.15 88.93 27.37 0
140265 -17.28 98.60 25.66 0
140266 -17.55 98.23 25.65 0
140267 -18.14 97.52 25.58 0
140268 -18.69 96.94 25.44 0
140269 -22.80 88.96 26.41 0
140278 -17.04 99.85 24.86 0
140279 -17.48 99.01 25.00 0
140280 -18.20 98.22 24.80 0
140281 -18.77 97.54 24.72 0
140282 -19.37 96.84 24.65 0
140283 -19.99 96.38 24.29 0
140284 -20.51 96.04 23.93 0
140285 -20.94 95.74 23.64 0
140286 -23.35 89.09 25.49 0
140293 -16.98 100.31 24.53 0
140294 -17.57 100.03 23.93 0
140295 -18.06 99.46 23.76 0
140296 -19.86 96.90 23.91 0
140297 -20.33 96.71 23.42 0
140298 -20.85 96.26 23.16 0
140299 -21.27 95.80 23.04 0
140300 -24.65 88.51 23.61 0
140301 -24.48 88.70 23.81 0
140302 -23.99 89.17 24.38 0
140311 -17.23 100.77 23.74 0
140312 -17.93 100.77 22.65 0
140313 -18.40 100.53 22.13 0
140314 -20.76 96.89 22.51 0
140315 -21.23 96.33 22.43 0
140316 -21.59 95.90 22.34 0
140317 -24.79 88.76 23.20 0
140318 -24.51 89.38 23.36 0
140319 -24.32 90.02 23.35 0
140328 -18.05 101.26 21.91 0
140329 -18.55 100.92 21.42 0
140330 -20.72 98.02 21.13 0
140331 -20.78 97.56 21.62 0
140332 -21.33 96.79 21.61 0
140333 -21.52 96.28 21.95 0
140334 -25.52 88.74 21.74 0
140335 -25.24 88.82 22.26 0
140336 -24.85 89.69 22.50 0
140337 -24.58 89.91 22.91 0
140346 -19.29 100.89 20.05 0
140347 -19.63 100.40 20.04 0
140348 -20.69 98.39 20.69 0
140349 -21.08 97.83 20.67 0
140350 -21.21 97.33 21.12 0
140351 -25.72 88.79 21.26 0
140352 -25.49 89.21 21.47 0
140353 -25.24 89.66 21.68 0
140361 -19.67 101.63 18.32 0
140362 -19.73 101.06 18.93 0
140363 -19.97 100.29 19.49 0
140364 -20.38 99.65 19.53 0
140365 -20.71 98.94 19.87 0
140366 -20.95 98.33 20.23 0
140367 -25.99 88.90 20.55 0
140368 -25.70 89.52 20.73 0
140369 -25.46 89.68 21.17 0
140377 -20.07 101.11 18.15 0
140378 -20.24 100.55 18.56 0
140379 -20.61 99.87 18.73 0
140380 -20.70 99.39 19.21 0
140381 -26.56 88.88 19.07 0
140382 -26.26 89.10 19.67 0
140383 -25.96 89.38 20.20 0
140388 -20.48 100.66 17.88 0
140389 -20.58 100.27 18.21 0
140390 -26.76 88.80 18.55 0
140391 -26.49 89.35 18.77 0
140393 -27.01 88.75 17.75 0
140394 -26.71 89.43 17.96 0
140397 -27.25 88.74 16.88 0
140398 -26.95 89.47 17.08 0
140401 -27.44 88.77 16.03 0
140402 -27.17 89.47 16.22 0
140406 -27.64 88.62 15.31 0
140407 -27.34 89.58 15.23 0
140408 -27.24 90.23 14.65 0
140413 -27.79 88.34 14.89 0
140414 -27.67 88.96 14.41 0
140415 -27.42 89.88 14.21 0
140422 -27.75 88.93 13.80 0
140423 -27.62 89.51 13.44 0
140424 -27.63 89.65 12.55 0
140433 -27.63 89.64 11.81 0
140434 -27.61 89.64 11.06 0
140443 -27.56 89.64 10.34 0
140444 -27.46 89.64 9.45 0
140445 -27.37 89.93 8.94 0
140463 -27.44 89.23 9.07 0
140464 -27.32 89.51 8.56 0
140465 -27.12 89.46 7.60 0
141002 -19.06 91.83 29.57 0
141003 -19.32 91.61 29.43 0
141024 -19.13 92.78 28.73 0
141025 -19.45 92.17 28.84 0
141026 -19.87 91.48 28.84 0
141040 -16.65 96.25 28.51 0
141041 -18.64 94.44 27.86 0
141042 -19.18 94.03 27.61 0
141043 -19.77 93.19 27.63 0
141044 -20.26 92.19 27.85 0
141045 -20.68 91.24 28.00 0
141046 -21.33 90.59 27.58 0
141061 -16.53 97.38 27.67 0
141062 -17.43 96.35 27.53 0
141063 -18.29 95.75 27.08 0
141064 -19.01 95.01 26.91 0
141065 -19.88 94.34 26.48 0
141066 -20.40 93.65 26.50 0
141067 -21.94 90.09 27.04 0
141068 -22.52 89.82 26.37 0
141082 -16.78 98.55 26.34 0
141083 -17.43 97.46 26.52 0
141084 -18.16 96.69 26.34 0
141085 -18.98 96.10 25.89 0
141086 -19.70 95.36 25.73 0
141087 -20.43 94.89 25.26 0
141088 -21.01 94.77 24.62 0
141089 -21.46 94.57 24.20 0
141090 -23.00 89.82 25.66 0
141104 -16.87 99.36 25.52 0
141105 -17.05 98.98 25.62 0
141106 -19.65 96.08 25.06 0
141107 -20.18 95.70 24.77 0
141108 -20.73 95.40 24.33 0
141109 -21.28 95.20 23.75 0
141110 -21.81 94.71 23.49 0
141111 -22.16 94.50 23.15 0
141112 -23.48 90.01 24.78 0
141124 -21.66 95.35 22.94 0
141125 -22.05 94.96 22.73 0
141126 -22.44 94.50 22.59 0
141127 -23.93 90.33 23.85 0
141140 -17.26 101.38 23.12 0
141141 -21.91 95.50 22.29 0
141142 -22.29 95.16 21.98 0
141143 -22.76 94.57 21.80 0
141144 -24.23 90.69 23.11 0
141145 -24.32 90.99 22.73 0
141151 -17.66 101.60 22.23 0
141152 -18.05 101.74 21.37 0
141153 -21.61 96.68 21.22 0
141154 -21.89 96.11 21.45 0
141155 -22.65 95.27 21.01 0
141156 -23.04 94.59 21.15 0
141157 -24.82 90.16 22.27 0
141158 -24.60 90.53 22.45 0
141159 -24.40 91.18 22.40 0
141167 -18.58 101.76 20.35 0
141168 -21.34 97.70 20.32 0
141169 -21.60 97.11 20.60 0
141170 -22.40 96.21 20.14 0
141171 -22.91 95.44 20.13 0
141172 -24.96 90.22 21.86 0
141173 -24.85 90.95 21.45 0
141183 -19.41 102.06 18.32 0
141184 -19.14 101.91 19.05 0
141185 -21.04 98.73 19.44 0
141186 -21.32 98.13 19.72 0
141187 -22.13 97.18 19.25 0
141188 -22.63 96.45 19.19 0
141189 -25.65 89.93 20.47 0
141190 -25.36 90.28 20.81 0
141191 -25.01 91.40 20.49 0
141201 -20.90 99.65 18.39 0
141202 -21.09 99.10 18.76 0
141203 -21.85 98.15 18.41 0
141204 -22.46 97.38 18.11 0
141205 -26.12 89.62 19.56 0
141206 -25.86 89.94 19.87 0
141207 -25.45 91.13 19.56 0
141208 -25.06 91.88 19.72 0
141214 -20.68 100.86 17.17 0
141215 -20.98 99.98 17.71 0
141216 -21.71 98.98 17.45 0
141217 -22.38 98.05 17.22 0
141218 -22.79 97.32 17.34 0
141219 -26.19 89.79 19.14 0
141220 -25.97 90.65 18.71 0
141221 -25.65 91.50 18.52 0
141226 -21.14 100.61 16.47 0
141227 -21.65 99.77 16.43 0
141228 -22.30 98.83 16.21 0
141229 -22.70 98.08 16.34 0
141230 -26.38 90.03 18.27 0
141231 -26.26 90.75 17.70 0
141237 -21.61 100.50 15.49 0
141238 -22.16 99.68 15.27 0
141239 -22.68 98.87 15.11 0
141240 -26.62 90.14 17.36 0
141241 -26.48 90.86 16.81 0
141246 -22.05 100.58 14.27 0
141247 -22.66 99.50 14.18 0
141248 -23.09 98.65 14.29 0
141249 -26.86 90.23 16.35 0
141250 -26.66 90.96 16.01 0
141260 -22.66 100.28 12.99 0
141261 -23.30 98.92 13.19 0
141262 -23.70 98.41 12.80 0
141263 -27.10 89.98 15.75 0
141264 -26.98 90.60 15.23 0
141274 -23.33 99.50 11.99 0
141275 -23.74 98.61 12.24 0
141276 -27.17 90.79 13.94 0
141277 -27.19 91.08 13.23 0
141290 -27.41 90.20 13.58 0
141291 -27.38 90.56 12.72 0
141292 -27.33 90.95 11.96 0
141305 -27.53 90.10 12.11 0
141306 -27.43 90.51 11.36 0
141307 -27.33 90.93 10.61 0
141318 -27.51 90.06 10.72 0
141319 -27.40 90.43 10.12 0
141320 -27.35 90.32 9.18 0
141340 -27.29 90.22 8.58 0
141341 -27.19 90.09 7.92 0
141805 -20.74 92.93 26.71 0
141806 -20.99 92.11 27.03 0
141807 -21.37 91.45 27.00 0
141808 -21.85 91.02 26.64 0
141823 -20.63 94.17 25.73 0
141824 -20.93 93.57 25.93 0
141825 -22.45 90.76 25.94 0
141826 -22.75 90.29 25.77 0
141842 -20.84 94.48 25.16 0
141843 -21.24 94.07 25.03 0
141844 -21.90 94.04 24.12 0
141845 -22.23 93.73 23.95 0
141846 -22.73 91.09 25.34 0
141847 -23.01 90.72 25.12 0
141861 -22.07 94.31 23.54 0
141862 -22.38 93.97 23.39 0
141863 -23.53 90.89 24.18 0
141875 -22.91 93.81 22.53 0
141876 -23.23 93.31 22.51 0
141877 -23.94 91.15 23.32 0
141878 -24.00 91.49 23.01 0
141893 -17.11 102.10 22.63 0
141894 -23.18 94.06 21.60 0
141895 -23.36 93.46 22.01 0
141896 -24.18 91.07 22.97 0
141897 -24.16 91.40 22.73 0
141908 -17.50 102.35 21.68 0
141909 -17.95 102.52 20.65 0
141910 -23.18 94.81 20.47 0
141911 -23.39 94.21 20.87 0
141912 -23.56 93.68 21.25 0
141913 -24.53 91.32 21.90 0
141914 -24.31 91.60 22.17 0
141923 -18.48 102.59 19.55 0
141924 -22.96 95.82 19.39 0
141925 -23.33 95.08 19.63 0
141926 -23.69 94.22 20.07 0
141927 -23.65 93.88 20.71 0
141928 -24.55 91.87 21.18 0
141929 -24.42 91.72 21.77 0
141938 -19.16 102.64 18.10 0
141939 -18.82 102.63 18.81 0
141940 -22.64 96.81 18.59 0
141941 -23.01 96.23 18.58 0
141942 -23.42 95.48 18.72 0
141943 -23.79 94.69 19.02 0
141944 -24.75 92.18 20.21 0
141956 -22.94 96.76 17.86 0
141957 -23.44 96.01 17.76 0
141958 -23.98 95.01 17.92 0
141959 -24.10 94.42 18.58 0
141960 -25.21 92.20 18.82 0
141961 -24.86 92.44 19.52 0
141971 -22.86 97.58 16.71 0
141972 -23.29 96.81 16.82 0
141973 -23.98 95.73 16.69 0
141974 -24.22 95.07 17.13 0
141975 -25.93 91.31 17.93 0
141976 -25.64 92.15 17.58 0
141980 -22.78 98.32 15.71 0
141981 -23.15 97.60 15.86 0
141982 -23.83 96.62 15.56 0
141983 -24.15 95.91 15.86 0
141984 -26.11 91.47 17.15 0
141985 -25.96 92.15 16.59 0
141992 -23.09 98.19 15.04 0
141993 -23.51 97.55 14.90 0
141994 -23.94 97.05 14.45 0
141995 -26.33 91.55 16.28 0
141996 -26.15 92.30 15.70 0
142009 -23.36 98.09 14.42 0
142010 -23.68 97.72 14.07 0
142011 -24.09 97.27 13.60 0
142012 -24.36 97.01 13.15 0
142013 -26.58 91.53 15.41 0
142014 -26.46 92.22 14.72 0
142028 -23.44 98.29 13.84 0
142029 -23.77 98.03 13.26 0
142030 -24.18 97.49 12.87 0
142031 -24.53 96.99 12.57 0
142032 -26.82 91.46 14.52 0
142033 -26.73 92.05 13.89 0
142034 -26.80 92.19 13.30 0
142045 -23.97 98.05 12.53 0
142046 -24.32 97.57 12.16 0
142047 -24.69 97.04 11.79 0
142048 -26.94 91.48 13.94 0
142049 -27.00 91.58 13.40 0
142050 -26.94 92.02 12.71 0
142051 -26.99 92.09 12.04 0
142062 -24.10 98.11 11.87 0
142063 -24.43 97.70 11.35 0
142064 -24.84 97.03 11.02 0
142065 -25.07 96.67 10.63 0
142066 -27.15 91.35 12.85 0
142067 -27.18 91.45 12.20 0
142068 -27.10 91.84 11.53 0
142080 -25.19 96.48 10.12 0
142081 -25.41 96.04 9.80 0
142082 -27.26 91.25 11.59 0
142083 -27.21 91.46 10.89 0
142092 -25.53 95.76 9.27 0
142093 -25.76 95.22 8.96 0
142094 -27.22 91.29 10.07 0
142095 -27.24 91.03 9.26 0
142096 -27.19 91.07 8.60 0
142112 -25.85 94.91 8.33 0
142113 -26.07 94.36 8.04 0
142114 -27.26 90.68 8.75 0
142115 -27.18 90.74 8.13 0
142134 -26.07 94.16 7.47 0
142556 -21.06 92.91 26.36 0
142557 -21.27 92.68 26.29 0
142558 -21.56 92.09 26.34 0
142559 -21.78 91.62 26.37 0
142575 -21.16 93.10 26.08 0
142576 -21.54 93.02 25.64 0
142577 -21.91 91.95 25.98 0
142578 -22.16 91.56 25.87 0
142593 -21.33 93.45 25.53 0
142594 -21.75 93.45 24.95 0
142595 -22.14 93.45 24.38 0
142596 -22.56 91.45 25.37 0
142597 -22.87 91.41 24.92 0
142610 -22.44 93.42 23.91 0
142611 -23.20 91.41 24.39 0
142625 -22.76 93.40 23.36 0
142626 -23.11 93.15 22.96 0
142627 -23.57 91.63 23.60 0
142628 -23.85 91.63 23.13 0
142643 -16.65 103.26 22.15 0
142644 -23.49 92.82 22.56 0
142645 -23.73 92.11 22.90 0
142646 -23.97 91.71 22.84 0
142660 -17.00 102.75 22.11 0
142661 -17.17 103.37 21.11 0
142662 -17.02 104.04 20.63 0
142663 -23.74 93.07 21.65 0
142664 -23.91 92.42 22.11 0
142665 -24.07 91.89 22.43 0
142678 -17.87 103.31 19.86 0
142679 -17.34 104.00 20.08 0
142680 -24.03 93.71 19.96 0
142681 -23.95 93.39 20.67 0
142682 -24.14 92.59 21.32 0
142683 -24.24 92.03 21.83 0
142695 -18.49 103.39 18.57 0
142696 -17.81 103.99 19.19 0
142697 -24.16 93.93 19.24 0
142698 -24.30 93.27 19.87 0
142699 -24.39 92.68 20.51 0
142710 -24.41 94.62 17.35 0
142711 -24.46 94.04 18.14 0
142712 -24.67 93.12 19.03 0
142713 -24.60 92.75 19.83 0
142725 -24.37 95.47 15.97 0
142726 -24.52 94.90 16.54 0
142727 -24.83 94.05 17.03 0
142728 -25.06 93.14 17.81 0
142737 -24.22 96.44 14.68 0
142738 -24.42 95.80 15.22 0
142739 -24.79 94.99 15.57 0
142740 -25.00 94.32 16.07 0
142741 -25.51 93.24 16.26 0
142753 -24.31 96.67 13.94 0
142754 -24.61 96.01 14.23 0
142755 -24.96 95.16 14.67 0
142756 -25.26 94.73 14.50 0
142757 -26.01 93.03 14.94 0
142771 -24.36 96.84 13.48 0
142772 -24.67 96.40 13.25 0
142773 -25.04 95.52 13.67 0
142774 -25.33 94.86 14.01 0
142775 -26.38 92.87 13.87 0
142776 -26.39 93.15 13.33 0
142786 -24.91 96.41 12.24 0
142787 -25.19 95.68 12.71 0
142788 -25.46 94.98 13.19 0
142789 -26.64 92.48 13.51 0
142790 -26.60 92.78 13.00 0
142801 -25.04 96.50 11.42 0
142802 -25.32 95.81 11.74 0
142803 -25.71 94.91 12.18 0
142804 -26.02 94.38 11.94 0
142805 -26.78 92.62 12.19 0
142806 -26.89 92.46 11.57 0
142816 -25.08 96.58 10.96 0
142817 -25.32 96.10 10.77 0
142818 -25.68 95.25 11.10 0
142819 -26.00 94.54 11.40 0
142820 -26.97 92.26 10.91 0
142827 -25.41 96.02 10.18 0
142828 -25.66 95.44 10.03 0
142829 -26.01 94.63 10.49 0
142830 -27.02 92.05 10.15 0
142835 -25.77 95.23 9.38 0
142836 -26.08 94.48 9.28 0
142837 -26.39 93.74 9.03 0
142838 -27.07 91.79 9.38 0
142839 -27.10 91.54 8.73 0
142840 -27.10 91.35 8.16 0
142854 -26.10 94.36 8.47 0
142855 -26.36 93.69 8.24 0
142856 -26.59 93.06 7.95 0
142873 -26.31 93.63 7.50 0
142874 -26.52 93.02 7.30 0
143302 -21.73 92.53 25.80 0
143303 -21.84 92.21 25.89 0
143316 -21.95 92.89 25.19 0
143317 -22.14 92.24 25.43 0
143318 -22.40 91.83 25.36 0
143332 -22.07 93.17 24.77 0
143333 -22.39 92.86 24.54 0
143334 -22.68 92.02 24.77 0
143335 -22.99 91.72 24.52 0
143349 -22.69 93.05 23.86 0
143350 -22.86 92.59 24.00 0
143351 -23.16 92.03 23.99 0
143364 -22.95 92.96 23.50 0
143365 -23.24 92.59 23.34 0
143366 -23.48 92.17 23.32 0
143379 -16.39 103.99 21.78 0
143381 -23.52 92.39 23.04 0
143382 -23.59 92.23 23.08 0
143392 -16.76 104.12 21.00 0
143459 -24.95 94.81 15.42 0
143460 -25.05 94.60 15.47 0
143461 -25.28 94.11 15.56 0
143477 -25.00 94.82 15.22 0
143478 -25.24 94.52 14.97 0
143479 -25.59 93.83 15.03 0
143492 -25.51 94.34 14.37 0
143493 -25.92 93.70 14.08 0
143494 -26.21 93.43 13.50 0
143503 -25.68 94.39 13.64 0
143504 -26.01 93.93 13.26 0
143505 -26.31 93.47 12.95 0
143514 -25.80 94.47 12.94 0
143515 -26.09 94.08 12.45 0
143516 -26.47 93.35 12.19 0
143517 -26.69 92.97 11.67 0
143525 -26.24 93.98 11.71 0
143526 -26.51 93.46 11.36 0
143527 -26.74 92.91 11.06 0
143532 -26.28 94.02 10.96 0
143533 -26.53 93.46 10.59 0
143534 -26.78 92.81 10.29 0
143540 -26.30 94.02 10.19 0
143541 -26.51 93.49 9.67 0
143542 -26.81 92.63 9.37 0
143543 -26.95 92.15 8.71 0
143544 -27.01 91.81 8.28 0
143559 -26.57 93.28 8.95 0
143560 -26.71 92.82 8.44 0
143561 -26.88 92.25 8.08 0
143579 -26.72 92.69 7.84 0
155311 -20.39 86.71 31.13 0
155312 -23.13 85.23 27.53 0
155313 -22.40 87.11 27.94 0
155314 -22.30 85.34 28.93 0
155315 -22.43 86.11 28.35 0
155316 -22.87 86.97 27.28 0
155317 -23.28 86.44 26.80 0
155318 -22.71 85.68 28.09 0
155319 -22.96 85.87 27.58 0
155320 -18.19 90.91 31.20 0
155321 -18.25 90.91 31.14 0
155322 -18.43 91.67 30.39 0
155323 -18.12 89.80 32.11 0
155324 -18.10 92.73 29.90 0
155325 -18.66 90.72 30.83 0
155326 -18.83 90.84 30.55 0
155327 -18.47 90.95 30.87 0
155328 -18.63 91.74 30.14 0
