# Label from mne_analyze
2619
6031 13.14 -105.88 16.88 0
6040 12.86 -105.86 16.47 0
6044 13.13 -106.26 15.29 0
6045 12.73 -105.93 15.97 0
6846 13.85 -105.59 19.34 0
6854 13.35 -105.55 18.66 0
6855 12.90 -105.55 17.91 0
6856 12.41 -105.36 17.87 0
6865 13.01 -105.72 17.32 0
6866 12.42 -105.51 17.23 0
6867 11.84 -105.38 16.76 0
6874 12.30 -105.66 16.40 0
6875 11.82 -105.48 16.28 0
6878 12.57 -106.50 13.53 0
6879 12.63 -106.42 13.93 0
6880 12.44 -106.12 14.78 0
6881 12.14 -105.76 15.68 0
6882 11.56 -105.43 16.04 0
6886 12.90 -106.75 13.11 0
7717 14.17 -104.98 22.32 0
7720 14.30 -105.23 21.53 0
7728 13.93 -105.26 20.89 0
7729 13.48 -105.26 20.20 0
7738 12.98 -105.21 19.54 0
7739 12.40 -105.15 18.79 0
7740 12.40 -105.29 18.18 0
7751 11.82 -104.92 18.75 0
7752 11.90 -105.09 18.14 0
7753 11.37 -105.03 17.35 0
7754 10.89 -104.83 17.31 0
7765 11.26 -105.17 16.55 0
7766 10.92 -104.91 17.01 0
7770 12.18 -106.34 13.54 0
7771 11.94 -106.04 14.28 0
7772 11.69 -105.74 15.02 0
7773 11.40 -105.46 15.64 0
7774 11.18 -105.26 16.06 0
7778 12.51 -106.84 12.30 0
7779 12.20 -106.53 12.92 0
7829 7.05 -109.50 -0.59 0
7846 7.83 -110.08 -1.06 0
8608 13.32 -104.49 22.91 0
8609 12.47 -104.05 23.16 0
8612 13.39 -104.82 21.79 0
8619 13.07 -104.92 20.96 0
8620 12.67 -104.89 20.39 0
8629 12.14 -104.80 19.82 0
8630 11.67 -104.73 19.27 0
8639 11.33 -104.69 18.77 0
8640 11.05 -104.70 18.16 0
8641 10.72 -104.66 17.65 0
8642 10.54 -104.67 17.23 0
8655 10.88 -105.07 16.26 0
8656 10.54 -104.81 16.65 0
8665 11.55 -106.20 13.15 0
8666 11.45 -105.95 13.86 0
8667 11.24 -105.67 14.54 0
8668 11.01 -105.39 15.21 0
8669 10.80 -105.13 15.85 0
8670 10.60 -104.94 16.21 0
8674 12.11 -106.83 11.83 0
8675 11.84 -106.53 12.47 0
8715 6.93 -109.13 0.01 0
8732 8.73 -109.57 0.70 0
8733 7.70 -109.30 0.35 0
8750 9.11 -109.85 0.47 0
8751 8.75 -109.98 -0.11 0
8770 8.79 -110.50 -1.12 0
9545 12.04 -103.68 23.71 0
9546 11.59 -103.18 24.48 0
9547 10.89 -102.57 25.18 0
9556 12.48 -104.27 22.38 0
9557 11.66 -103.73 22.93 0
9558 11.34 -103.36 23.62 0
9563 12.47 -104.52 21.49 0
9564 11.57 -103.97 21.97 0
9567 12.51 -104.69 20.93 0
9568 11.81 -104.40 20.84 0
9577 11.35 -104.40 20.03 0
9578 10.96 -104.36 19.43 0
9590 10.63 -104.34 18.83 0
9591 10.34 -104.33 18.22 0
9592 10.16 -104.37 17.66 0
9593 10.04 -104.43 17.14 0
9603 9.92 -104.47 16.67 0
9614 10.99 -105.97 13.11 0
9615 10.99 -105.84 13.53 0
9616 10.80 -105.59 14.10 0
9617 10.57 -105.30 14.76 0
9618 10.36 -105.02 15.43 0
9619 10.18 -104.75 16.12 0
9627 11.78 -106.82 11.47 0
9628 11.50 -106.54 11.97 0
9629 11.19 -106.20 12.62 0
9633 11.80 -107.03 10.86 0
9636 11.83 -107.41 9.71 0
9667 6.73 -108.72 0.61 0
9688 11.06 -109.20 3.62 0
9689 9.71 -109.07 2.67 0
9690 8.40 -108.92 1.76 0
9691 7.13 -108.46 1.50 0
9692 6.18 -108.11 1.28 0
9708 10.99 -109.82 2.08 0
9709 9.63 -109.78 1.03 0
9710 9.32 -110.03 0.26 0
9725 10.95 -110.43 0.67 0
9726 9.75 -110.49 -0.36 0
10586 10.83 -103.00 23.89 0
10587 10.35 -102.54 24.46 0
10588 10.11 -102.12 25.22 0
10589 9.76 -101.67 25.84 0
10596 11.11 -103.58 22.55 0
10597 10.62 -103.16 23.08 0
10598 10.25 -102.72 23.78 0
10599 9.24 -101.41 25.69 0
10600 9.19 -101.15 26.21 0
10607 10.62 -103.43 22.20 0
10608 10.23 -103.12 22.57 0
10610 10.85 -103.79 21.35 0
10612 10.95 -104.05 20.63 0
10613 10.58 -104.00 20.11 0
10625 10.22 -103.96 19.50 0
10626 9.89 -103.94 18.86 0
10627 9.63 -103.96 18.15 0
10628 9.70 -104.14 17.56 0
10643 9.28 -103.86 17.72 0
10644 9.42 -104.07 17.12 0
10652 10.72 -105.79 13.30 0
10653 10.41 -105.55 13.61 0
10654 10.14 -105.22 14.28 0
10655 9.91 -104.91 14.98 0
10656 9.68 -104.60 15.66 0
10657 9.41 -104.26 16.36 0
10666 11.27 -106.62 11.41 0
10667 10.77 -106.19 12.05 0
10668 10.49 -105.78 12.94 0
10669 10.11 -105.47 13.35 0
10672 11.51 -107.12 10.20 0
10673 11.04 -106.73 10.77 0
10674 10.73 -106.39 11.36 0
10679 11.81 -107.57 9.18 0
10680 11.21 -107.18 9.59 0
10681 10.98 -106.90 10.19 0
10688 11.62 -107.67 8.58 0
10689 11.37 -107.42 9.08 0
10715 11.68 -108.54 6.04 0
10716 10.80 -108.21 5.97 0
10734 10.89 -108.53 5.16 0
10735 9.69 -108.42 4.17 0
10736 8.50 -108.23 3.36 0
10737 7.36 -107.98 2.73 0
10738 6.33 -107.69 2.27 0
10739 5.44 -107.47 1.81 0
11692 9.88 -102.30 24.40 0
11693 9.72 -102.10 24.68 0
11694 9.41 -101.68 25.25 0
11699 9.86 -102.63 23.39 0
11700 9.59 -102.24 24.06 0
11701 9.00 -101.66 24.65 0
11702 8.62 -101.10 25.43 0
11703 8.37 -100.61 26.20 0
11711 10.00 -103.08 22.25 0
11712 9.72 -102.77 22.74 0
11715 9.95 -103.24 21.62 0
11716 9.48 -102.81 22.13 0
11719 10.20 -103.61 20.80 0
11720 9.85 -103.58 20.19 0
11726 9.45 -103.50 19.57 0
11727 9.14 -103.49 18.83 0
11728 8.94 -103.53 18.17 0
11742 8.75 -103.55 17.58 0
11743 8.82 -103.78 16.80 0
11751 9.67 -105.12 13.73 0
11752 9.48 -104.80 14.52 0
11753 9.25 -104.48 15.19 0
11754 9.01 -104.15 15.87 0
11755 8.88 -103.95 16.32 0
11763 10.30 -106.08 11.66 0
11764 9.88 -105.64 12.36 0
11765 9.88 -105.42 13.10 0
11774 10.69 -106.67 10.45 0
11775 10.26 -106.30 10.91 0
11776 9.86 -105.87 11.63 0
11784 10.84 -107.05 9.49 0
11785 10.48 -106.73 9.93 0
11786 10.05 -106.35 10.44 0
11795 11.23 -107.50 8.60 0
11796 10.83 -107.21 8.96 0
11797 10.30 -106.80 9.41 0
11805 11.22 -107.61 8.26 0
11806 10.68 -107.44 8.05 0
11815 11.22 -107.84 7.58 0
11816 10.73 -107.69 7.37 0
11824 11.19 -108.03 6.94 0
11825 10.56 -107.85 6.68 0
11841 10.09 -107.88 6.02 0
11842 9.51 -107.84 5.41 0
11843 8.44 -107.59 4.79 0
11844 7.35 -107.37 4.05 0
11845 6.37 -107.17 3.41 0
11846 5.44 -106.95 2.86 0
11847 4.51 -106.76 2.25 0
12822 9.14 -102.24 23.27 0
12823 8.54 -101.66 23.86 0
12824 8.15 -101.11 24.61 0
12825 7.83 -100.69 25.13 0
12826 7.79 -100.42 25.69 0
12827 7.64 -100.05 26.31 0
12833 8.73 -102.25 22.47 0
12834 8.44 -101.86 23.12 0
12836 9.56 -103.19 21.02 0
12837 8.99 -102.69 21.54 0
12842 9.65 -103.35 20.63 0
12843 9.03 -103.01 20.48 0
12848 8.62 -102.99 19.54 0
12849 8.32 -103.01 18.65 0
12850 8.53 -103.28 18.10 0
12864 7.89 -102.77 18.40 0
12865 8.11 -103.03 17.96 0
12866 8.18 -103.27 17.18 0
12880 9.05 -104.78 13.72 0
12881 9.07 -104.67 14.16 0
12882 8.88 -104.39 14.74 0
12883 8.56 -104.00 15.41 0
12884 8.28 -103.59 16.25 0
12886 9.17 -105.21 12.46 0
12887 9.24 -105.06 13.12 0
12888 8.11 -103.63 15.69 0
12889 7.90 -103.43 15.92 0
12898 9.52 -105.78 11.29 0
12899 9.36 -105.50 11.91 0
12910 9.83 -106.30 10.20 0
12911 9.64 -106.04 10.69 0
12920 10.11 -106.80 9.12 0
12921 9.79 -106.45 9.66 0
12930 10.09 -106.99 8.52 0
12940 10.00 -107.26 7.62 0
12951 9.42 -107.28 6.80 0
12952 8.80 -106.92 6.93 0
12963 9.39 -107.52 6.12 0
12964 8.53 -107.04 6.24 0
12965 7.06 -106.57 5.50 0
12966 6.32 -106.64 4.49 0
12967 5.39 -106.34 4.05 0
12968 4.57 -106.23 3.35 0
12969 3.70 -106.01 2.84 0
12984 6.19 -105.96 5.82 0
12985 5.98 -106.12 5.22 0
12986 5.69 -106.20 4.68 0
14002 7.96 -101.47 23.35 0
14003 7.53 -100.97 23.91 0
14004 7.38 -100.58 24.65 0
14005 7.21 -100.21 25.24 0
14006 7.05 -99.84 25.82 0
14007 6.92 -99.48 26.44 0
14014 8.21 -101.97 22.35 0
14015 7.85 -101.64 22.64 0
14016 7.45 -101.17 23.24 0
14018 8.06 -101.99 21.95 0
14019 7.62 -101.64 22.19 0
14025 8.15 -102.29 21.07 0
14031 8.02 -102.42 20.23 0
14032 7.80 -102.47 19.42 0
14040 7.59 -102.48 18.75 0
14041 7.54 -102.57 18.20 0
14042 7.57 -102.75 17.60 0
14056 8.80 -104.57 13.95 0
14057 8.60 -104.35 14.28 0
14058 8.33 -104.02 14.84 0
14059 8.10 -103.74 15.30 0
14060 7.55 -102.93 16.85 0
14065 8.60 -104.77 12.81 0
14066 8.49 -104.45 13.65 0
14067 8.06 -103.98 14.36 0
14068 7.81 -103.64 14.97 0
14069 7.68 -103.38 15.58 0
14070 7.55 -103.12 16.16 0
14079 9.00 -105.38 11.59 0
14080 8.76 -105.07 12.12 0
14095 9.19 -105.91 10.28 0
14096 9.01 -105.56 11.03 0
14110 9.55 -106.53 9.04 0
14111 9.05 -106.06 9.61 0
14123 9.38 -106.69 8.35 0
14124 8.88 -106.18 8.98 0
14131 9.12 -106.82 7.62 0
14132 8.66 -106.31 8.30 0
14143 8.92 -106.87 7.20 0
14144 8.33 -106.45 7.45 0
14157 7.26 -106.07 6.93 0
14158 6.33 -105.76 6.42 0
14159 5.77 -105.47 6.36 0
14160 5.02 -105.96 4.41 0
14161 4.63 -105.83 4.22 0
14162 3.69 -105.47 3.87 0
14163 2.84 -105.30 3.29 0
14182 5.98 -105.70 6.11 0
14183 5.58 -105.59 5.85 0
14184 5.03 -105.70 4.95 0
14185 4.03 -105.27 4.65 0
14186 3.53 -105.09 4.43 0
14187 2.04 -104.80 3.36 0
15184 6.96 -100.60 23.88 0
15185 6.92 -100.43 24.24 0
15186 6.69 -100.03 24.77 0
15187 6.56 -99.69 25.36 0
15188 6.21 -99.19 25.88 0
15189 6.23 -98.89 26.62 0
15190 6.20 -98.57 27.32 0
15195 7.05 -101.04 22.84 0
15196 6.87 -100.70 23.46 0
15197 6.55 -100.30 23.91 0
15198 6.45 -100.06 24.31 0
15199 5.64 -98.78 25.82 0
15200 5.64 -98.60 26.22 0
15201 5.57 -98.30 26.81 0
15202 5.49 -98.02 27.30 0
15204 7.45 -101.61 21.91 0
15205 7.14 -101.29 22.27 0
15210 7.48 -101.76 21.43 0
15217 7.34 -101.82 20.78 0
15218 7.21 -101.91 20.04 0
15227 7.06 -101.98 19.28 0
15228 6.94 -102.07 18.53 0
15229 7.13 -102.35 17.96 0
15244 6.69 -102.02 18.02 0
15245 6.89 -102.32 17.41 0
15255 7.89 -104.23 13.12 0
15256 7.69 -103.87 13.88 0
15257 7.44 -103.51 14.57 0
15258 7.26 -103.21 15.20 0
15259 7.04 -102.88 15.81 0
15260 6.81 -102.51 16.51 0
15263 8.36 -104.98 11.61 0
15264 8.10 -104.58 12.37 0
15265 6.65 -102.55 16.03 0
15266 6.45 -102.35 16.21 0
15279 8.62 -105.64 10.08 0
15280 8.36 -105.28 10.69 0
15289 8.29 -105.60 9.63 0
15290 8.22 -105.37 10.16 0
15302 8.31 -105.86 8.94 0
15316 7.94 -105.84 8.46 0
15331 7.38 -105.72 7.93 0
15338 6.80 -105.49 7.67 0
15339 6.34 -105.39 7.27 0
15340 5.68 -105.15 6.92 0
15341 3.17 -104.96 4.26 0
15342 3.03 -105.07 3.90 0
15350 5.23 -105.09 6.47 0
15351 4.80 -105.07 5.97 0
15352 4.07 -104.85 5.50 0
15353 3.21 -104.63 4.92 0
15354 2.39 -104.54 4.18 0
15355 1.43 -104.24 3.72 0
16369 6.17 -99.74 24.56 0
16370 6.12 -99.50 25.01 0
16371 6.11 -99.33 25.40 0
16372 5.04 -97.55 27.53 0
16378 6.64 -100.87 22.52 0
16379 6.39 -100.55 22.94 0
16380 6.18 -100.18 23.49 0
16381 5.95 -99.77 24.07 0
16382 5.65 -99.30 24.63 0
16383 5.57 -98.94 25.33 0
16384 5.17 -98.41 25.83 0
16385 4.99 -98.03 26.37 0
16386 4.91 -97.69 26.98 0
16391 6.97 -101.34 21.70 0
16392 6.41 -100.84 22.06 0
16393 6.24 -100.60 22.51 0
16399 6.95 -101.47 21.14 0
16400 6.40 -101.01 21.39 0
16407 6.96 -101.55 20.87 0
16408 6.61 -101.34 20.67 0
16415 6.46 -101.42 19.84 0
16416 6.35 -101.51 19.09 0
16426 6.26 -101.61 18.41 0
16427 6.25 -101.77 17.78 0
16439 7.29 -103.73 13.45 0
16440 6.98 -103.32 14.15 0
16441 6.87 -103.04 14.84 0
16442 6.69 -102.75 15.42 0
16443 6.66 -102.63 15.77 0
16444 6.24 -101.94 17.13 0
16447 7.79 -104.49 12.01 0
16448 7.20 -103.93 12.58 0
16449 6.70 -103.30 13.54 0
16450 6.31 -102.50 15.37 0
16451 6.27 -102.34 15.82 0
16452 6.08 -102.01 16.48 0
16465 7.50 -104.48 11.47 0
16466 6.98 -103.98 11.96 0
16482 7.89 -105.32 9.74 0
16483 7.61 -104.97 10.23 0
16492 7.75 -105.38 9.34 0
16493 6.96 -104.80 9.59 0
16500 7.20 -105.27 8.77 0
16501 6.44 -104.71 9.01 0
16516 6.70 -105.17 8.29 0
16517 6.02 -104.68 8.45 0
16532 6.30 -105.09 7.90 0
16533 5.61 -104.71 7.80 0
16534 4.77 -104.47 7.17 0
16535 4.05 -104.02 7.13 0
16545 4.74 -104.76 6.53 0
16546 4.13 -104.39 6.49 0
16547 3.16 -104.02 6.01 0
16548 2.05 -103.63 5.41 0
16549 1.36 -103.71 4.55 0
16550 0.68 -103.64 4.00 0
16564 1.39 -103.05 5.67 0
16565 1.09 -103.10 5.28 0
16566 0.50 -103.10 4.70 0
16567 -0.23 -103.10 4.04 0
17619 2.37 -94.36 28.99 0
17620 2.74 -94.90 28.68 0
17621 3.39 -95.69 28.38 0
17622 4.09 -96.46 28.11 0
17623 4.66 -97.02 28.02 0
17630 3.55 -96.13 27.78 0
17631 4.20 -96.89 27.39 0
17632 4.76 -97.23 27.73 0
17637 5.96 -100.33 22.69 0
17638 5.80 -100.07 23.04 0
17639 5.51 -99.66 23.51 0
17640 5.19 -99.16 24.07 0
17641 4.94 -98.69 24.71 0
17642 4.73 -98.26 25.34 0
17643 4.50 -97.84 25.89 0
17644 4.20 -97.32 26.48 0
17652 5.69 -100.38 21.74 0
17653 5.83 -100.34 22.32 0
17660 5.77 -100.63 21.00 0
17665 5.83 -100.84 20.29 0
17672 5.74 -100.93 19.62 0
17673 5.63 -101.03 18.86 0
17681 5.69 -101.26 18.13 0
17682 5.75 -101.45 17.57 0
17694 6.45 -102.96 14.12 0
17695 6.43 -102.80 14.63 0
17696 6.43 -102.66 15.09 0
17697 5.68 -101.56 17.02 0
17703 6.17 -103.07 13.10 0
17704 6.11 -102.81 13.84 0
17705 6.03 -102.57 14.44 0
17706 5.84 -102.22 15.16 0
17707 5.47 -101.68 16.06 0
17708 5.60 -101.63 16.60 0
17716 6.84 -103.98 11.63 0
17717 6.39 -103.52 12.16 0
17718 5.31 -101.80 15.26 0
17719 5.37 -101.77 15.52 0
17733 6.87 -104.21 11.05 0
17734 6.42 -103.75 11.51 0
17743 6.59 -104.26 10.40 0
17752 6.11 -104.18 9.80 0
17758 5.62 -104.13 9.17 0
17759 5.04 -103.84 8.95 0
17773 5.40 -104.25 8.54 0
17774 4.70 -103.89 8.31 0
17775 3.95 -103.67 7.73 0
17788 3.29 -103.53 7.10 0
17789 2.18 -103.04 6.61 0
17790 1.55 -102.93 6.06 0
17802 1.24 -102.37 6.64 0
17803 0.86 -102.53 5.94 0
17804 0.35 -102.57 5.37 0
17805 -0.28 -102.46 4.96 0
17806 -0.79 -102.48 4.51 0
17822 -0.96 -102.06 4.98 0
17823 -1.60 -102.11 4.44 0
17848 -2.64 -101.52 4.54 0
17874 -3.13 -101.23 4.60 0
18778 1.26 -92.58 29.93 0
18779 1.84 -93.38 29.71 0
18787 1.23 -92.98 29.25 0
18788 1.85 -93.75 29.10 0
18795 1.35 -93.43 28.71 0
18796 1.93 -94.20 28.41 0
18797 2.58 -95.04 28.09 0
18798 3.01 -95.61 27.79 0
18805 2.02 -94.62 27.81 0
18806 2.43 -95.19 27.50 0
18807 3.09 -95.98 27.22 0
18808 3.47 -96.60 26.68 0
18814 5.58 -100.04 22.66 0
18815 5.20 -99.63 22.94 0
18816 4.79 -99.09 23.44 0
18817 4.29 -98.42 24.07 0
18818 4.20 -98.04 24.83 0
18819 4.04 -97.68 25.42 0
18820 3.85 -97.32 25.89 0
18821 3.51 -96.90 26.16 0
18829 5.20 -99.99 21.79 0
18830 5.14 -99.80 22.28 0
18831 4.87 -99.45 22.68 0
18832 3.73 -97.95 24.03 0
18833 3.68 -97.76 24.43 0
18834 3.54 -97.42 25.01 0
18835 3.48 -97.17 25.52 0
18836 3.42 -96.99 25.82 0
18846 5.08 -100.01 21.35 0
18847 4.91 -99.76 21.78 0
18852 5.05 -100.17 20.56 0
18853 4.52 -99.81 20.28 0
18861 5.37 -100.55 20.02 0
18862 4.86 -100.25 19.60 0
18869 4.87 -100.60 18.29 0
18870 5.38 -101.10 17.87 0
18881 4.56 -100.62 17.35 0
18882 5.24 -101.10 17.49 0
18889 5.66 -102.68 13.22 0
18890 5.69 -102.58 13.63 0
18891 5.64 -102.36 14.22 0
18892 5.67 -102.25 14.65 0
18893 4.58 -100.89 16.46 0
18894 5.19 -101.25 16.83 0
18900 5.42 -102.66 12.73 0
18901 5.35 -102.40 13.39 0
18902 5.19 -102.11 13.96 0
18903 5.16 -101.84 14.78 0
18904 4.85 -101.36 15.58 0
18919 6.27 -103.81 11.05 0
18920 5.70 -103.23 11.63 0
18931 5.73 -103.60 10.67 0
18932 5.09 -102.97 11.20 0
18943 5.29 -103.57 9.98 0
18944 4.73 -103.26 9.84 0
18953 5.02 -103.62 9.45 0
18954 4.41 -103.27 9.30 0
18962 3.65 -103.01 8.68 0
18963 3.22 -103.05 7.96 0
18975 2.85 -102.53 8.50 0
18976 2.30 -102.48 7.80 0
18977 1.63 -102.30 7.23 0
18991 1.46 -101.87 7.77 0
18992 0.91 -101.71 7.34 0
18993 0.29 -101.68 6.68 0
18994 0.04 -102.03 5.90 0
18995 -0.14 -102.20 5.46 0
19005 -0.33 -101.20 6.77 0
19006 -0.45 -101.42 6.33 0
19007 -0.71 -101.75 5.62 0
19008 -1.46 -101.52 5.34 0
19022 -2.28 -101.20 5.19 0
19045 -3.00 -100.97 5.03 0
19046 -3.51 -100.90 4.78 0
19071 -4.18 -100.90 4.37 0
19930 0.74 -91.76 30.28 0
19941 -0.18 -91.63 28.96 0
19942 0.39 -91.98 29.37 0
19949 0.04 -92.08 28.61 0
19950 0.73 -92.77 28.69 0
19957 0.33 -92.71 28.05 0
19958 1.05 -93.43 28.12 0
19959 1.52 -94.09 27.82 0
19965 0.57 -93.16 27.70 0
19966 0.95 -93.68 27.48 0
19967 1.67 -94.55 27.26 0
19968 2.25 -95.37 26.84 0
19969 2.78 -96.04 26.55 0
19970 3.08 -96.47 26.24 0
19976 4.73 -99.24 22.94 0
19977 4.41 -98.91 23.08 0
19978 4.21 -98.60 23.44 0
19979 2.26 -95.65 26.35 0
19980 2.57 -96.13 25.96 0
19981 3.10 -96.68 25.86 0
19989 4.61 -99.44 22.01 0
19990 4.42 -99.10 22.55 0
19991 3.92 -98.50 23.02 0
19992 3.66 -98.06 23.59 0
19993 3.28 -97.57 24.04 0
19994 3.04 -97.15 24.58 0
19995 2.84 -96.69 25.30 0
19996 3.20 -96.89 25.63 0
20007 4.79 -99.78 21.32 0
20008 4.54 -99.52 21.47 0
20020 4.74 -99.79 21.11 0
20021 4.26 -99.45 20.84 0
20032 3.94 -99.36 20.09 0
20043 3.79 -99.53 19.02 0
20057 3.18 -99.41 17.73 0
20058 3.88 -99.90 17.97 0
20070 3.08 -99.46 17.33 0
20071 3.59 -99.95 17.05 0
20081 4.74 -102.15 12.81 0
20082 4.77 -101.97 13.43 0
20083 4.51 -101.50 14.29 0
20084 4.29 -101.08 15.08 0
20085 3.80 -100.45 15.90 0
20102 4.57 -102.27 12.08 0
20103 4.19 -101.68 12.99 0
20104 3.94 -101.22 13.81 0
20105 3.73 -100.78 14.67 0
20106 3.67 -100.56 15.25 0
20123 5.05 -103.16 10.63 0
20124 4.41 -102.56 10.99 0
20139 4.74 -103.07 10.32 0
20140 4.20 -102.75 10.17 0
20150 3.54 -102.46 9.73 0
20160 2.84 -102.17 9.24 0
20167 2.19 -101.90 8.79 0
20168 1.54 -101.60 8.40 0
20180 0.87 -101.26 8.07 0
20181 0.50 -101.20 7.69 0
20182 0.30 -101.27 7.33 0
20192 0.35 -100.89 8.03 0
20193 0.05 -100.85 7.72 0
20194 -0.28 -100.93 7.23 0
20195 -0.91 -100.78 6.84 0
20196 -1.14 -101.08 6.21 0
20197 -1.31 -101.27 5.80 0
20207 -1.35 -100.41 6.94 0
20208 -1.55 -100.51 6.65 0
20209 -1.95 -100.75 6.02 0
20220 -3.06 -100.35 5.78 0
20221 -3.38 -100.60 5.25 0
20238 -3.66 -99.92 5.91 0
20239 -3.97 -100.19 5.38 0
20240 -5.03 -100.05 4.91 0
21091 0.28 -90.90 30.76 0
21111 -0.50 -91.10 29.24 0
21112 -0.15 -90.98 29.98 0
21120 -0.89 -91.41 28.06 0
21121 -0.63 -91.37 28.58 0
21129 -0.81 -91.77 27.55 0
21130 -0.34 -92.02 28.00 0
21137 -0.79 -92.04 27.10 0
21138 -0.02 -92.83 27.14 0
21139 0.93 -94.01 26.83 0
21140 1.60 -94.85 26.58 0
21141 1.97 -95.31 26.43 0
21147 -0.06 -93.16 26.46 0
21148 0.36 -93.66 26.36 0
21149 1.04 -94.50 26.15 0
21150 1.79 -95.37 25.97 0
21151 2.16 -96.00 25.45 0
21159 4.07 -98.97 21.95 0
21160 3.62 -98.42 22.45 0
21161 3.25 -97.89 23.00 0
21162 2.96 -97.45 23.54 0
21163 2.66 -97.01 24.05 0
21164 2.28 -96.46 24.61 0
21165 2.25 -96.26 25.07 0
21174 3.88 -98.97 21.40 0
21175 3.36 -98.38 21.79 0
21176 2.74 -97.64 22.37 0
21177 2.60 -97.29 23.04 0
21178 2.32 -96.87 23.55 0
21179 2.11 -96.52 24.01 0
21196 3.20 -98.49 20.92 0
21197 2.66 -97.80 21.63 0
21198 2.30 -97.36 21.99 0
21217 3.01 -98.63 19.86 0
21233 2.36 -98.47 18.58 0
21234 2.77 -98.70 18.95 0
21249 2.69 -98.86 18.21 0
21250 3.26 -99.28 18.38 0
21264 2.58 -99.00 17.44 0
21265 2.99 -99.45 17.09 0
21275 2.15 -98.77 17.01 0
21276 2.71 -99.37 16.55 0
21291 3.94 -101.80 12.13 0
21292 3.78 -101.52 12.55 0
21293 3.33 -100.92 13.26 0
21294 3.10 -100.42 14.24 0
21295 2.88 -99.89 15.34 0
21312 3.78 -101.84 11.70 0
21313 3.63 -101.54 12.18 0
21314 2.80 -100.52 13.23 0
21315 2.46 -100.07 13.74 0
21316 2.24 -99.60 14.62 0
21333 3.39 -101.88 10.86 0
21334 1.91 -99.59 13.82 0
21335 1.90 -99.46 14.18 0
21348 2.70 -101.67 10.14 0
21358 2.09 -101.43 9.62 0
21366 1.48 -101.17 9.18 0
21367 0.89 -100.90 8.79 0
21378 0.35 -100.65 8.47 0
21390 -0.07 -100.49 8.19 0
21391 -0.53 -100.35 7.87 0
21392 -0.92 -100.38 7.41 0
21393 -1.26 -100.31 7.17 0
21401 -1.10 -99.97 7.86 0
21402 -1.45 -99.95 7.55 0
21403 -1.72 -100.07 7.12 0
21404 -2.24 -100.01 6.79 0
21405 -2.63 -100.10 6.38 0
21413 -2.79 -99.70 6.80 0
21414 -3.15 -99.71 6.52 0
21423 -3.54 -99.69 6.28 0
21424 -4.10 -99.46 6.20 0
21425 -4.89 -99.35 5.83 0
21426 -5.89 -99.21 5.40 0
21427 -7.22 -98.86 5.03 0
21439 -4.59 -99.04 6.38 0
21440 -5.04 -98.80 6.38 0
22201 -0.04 -90.10 31.31 0
22209 -0.71 -89.94 30.55 0
22210 -0.78 -89.36 31.19 0
22227 -1.66 -90.47 28.29 0
22228 -1.34 -90.46 28.85 0
22229 -1.06 -90.19 29.68 0
22240 -1.45 -90.96 27.82 0
22241 -1.20 -90.93 28.33 0
22249 -1.36 -91.42 27.14 0
22257 -0.94 -92.14 26.58 0
22258 -0.39 -92.82 26.41 0
22265 -0.75 -92.67 25.93 0
22266 -0.15 -93.33 25.94 0
22267 0.47 -94.15 25.62 0
22268 1.14 -94.93 25.52 0
22269 1.64 -95.56 25.29 0
22270 1.94 -95.96 25.09 0
22280 0.75 -94.70 25.12 0
22281 1.19 -95.24 24.97 0
22282 1.67 -95.83 24.76 0
22283 2.03 -96.13 24.88 0
22294 2.31 -97.14 22.71 0
22295 2.03 -96.77 23.04 0
22296 1.62 -96.19 23.60 0
22297 1.70 -96.04 24.25 0
22315 2.45 -97.76 21.16 0
22316 1.93 -97.15 21.55 0
22317 1.91 -96.86 22.38 0
22318 1.47 -96.24 22.97 0
22319 1.26 -95.93 23.30 0
22339 1.75 -97.58 19.72 0
22340 2.06 -97.58 20.54 0
22341 1.55 -96.92 21.12 0
22361 1.37 -97.60 18.60 0
22362 1.97 -98.00 19.00 0
22363 2.31 -98.10 19.61 0
22381 1.42 -97.85 17.97 0
22382 2.03 -98.31 18.18 0
22397 1.16 -97.79 17.46 0
22398 1.80 -98.35 17.44 0
22408 0.92 -97.70 17.08 0
22409 1.51 -98.36 16.61 0
22410 2.18 -99.11 16.00 0
22424 3.39 -101.25 12.46 0
22425 3.37 -101.13 12.76 0
22426 1.15 -98.24 16.04 0
22427 1.63 -98.81 15.53 0
22445 3.29 -101.52 11.56 0
22446 3.20 -101.26 12.07 0
22447 2.93 -100.80 12.74 0
22448 2.48 -100.28 13.17 0
22449 1.48 -98.95 14.70 0
22471 2.77 -101.10 11.61 0
22472 2.60 -100.73 12.22 0
22473 2.26 -100.26 12.75 0
22474 1.89 -99.74 13.37 0
22475 1.37 -99.10 14.00 0
22495 2.42 -101.09 10.97 0
22511 1.91 -100.95 10.41 0
22524 1.35 -100.72 9.95 0
22525 0.78 -100.47 9.51 0
22531 0.24 -100.25 9.09 0
22532 -10.82 -96.40 5.52 0
22542 -0.20 -100.12 8.69 0
22543 -0.49 -100.09 8.36 0
22544 -9.70 -97.01 5.59 0
22553 -0.97 -99.78 8.32 0
22554 -1.68 -99.41 8.16 0
22555 -2.04 -99.57 7.57 0
22556 -2.20 -99.72 7.21 0
22557 -8.83 -97.42 5.69 0
22565 -2.15 -98.98 8.34 0
22566 -2.38 -99.05 8.01 0
22567 -2.84 -99.24 7.36 0
22568 -3.13 -99.42 6.91 0
22569 -8.05 -98.01 5.51 0
22576 -3.44 -98.80 7.46 0
22577 -3.76 -99.02 6.96 0
22578 -4.28 -99.03 6.61 0
22579 -5.63 -98.71 6.13 0
22580 -6.52 -98.36 6.00 0
22581 -7.32 -98.08 5.85 0
22588 -4.29 -98.52 7.19 0
22589 -4.67 -98.58 6.87 0
22590 -5.46 -98.32 6.67 0
22591 -6.02 -98.20 6.47 0
23347 -1.22 -88.58 31.51 0
23350 -1.70 -89.21 30.07 0
23351 -1.51 -88.85 30.80 0
23362 -2.00 -90.31 27.97 0
23363 -2.30 -89.70 28.46 0
23364 -1.96 -89.47 29.33 0
23372 -2.20 -90.44 27.35 0
23373 -2.35 -89.99 27.89 0
23379 -2.18 -91.16 25.93 0
23380 -1.90 -91.22 26.41 0
23386 -1.90 -91.56 25.72 0
23387 -1.37 -92.03 25.90 0
23392 -1.58 -92.03 25.42 0
23393 -1.12 -92.56 25.33 0
23394 -0.54 -93.15 25.42 0
23395 -0.07 -93.69 25.37 0
23404 -0.80 -93.08 24.97 0
23405 -0.34 -93.59 24.94 0
23406 0.24 -94.23 24.92 0
23407 0.76 -94.95 24.58 0
23408 1.23 -95.46 24.56 0
23416 1.13 -95.53 24.10 0
23417 1.43 -95.72 24.41 0
23428 1.49 -96.58 21.99 0
23429 1.06 -96.02 22.41 0
23430 0.95 -95.69 23.09 0
23431 1.02 -95.61 23.55 0
23449 1.21 -96.96 20.08 0
23450 1.15 -96.66 20.80 0
23451 1.07 -96.31 21.59 0
23452 0.71 -95.80 22.04 0
23473 0.79 -96.97 18.92 0
23474 1.24 -97.24 19.34 0
23499 0.78 -97.21 18.20 0
23514 0.54 -97.22 17.51 0
23527 0.49 -97.44 16.74 0
23528 0.92 -97.97 16.28 0
23539 0.06 -97.20 16.36 0
23540 0.55 -97.82 15.77 0
23541 1.08 -98.46 15.17 0
23542 -15.35 -94.88 4.07 0
23557 0.11 -97.65 15.19 0
23558 0.67 -98.28 14.70 0
23559 -14.82 -95.22 4.14 0
23576 2.37 -100.67 11.92 0
23577 2.03 -100.28 12.22 0
23578 1.59 -99.73 12.75 0
23579 1.15 -99.15 13.35 0
23580 0.61 -98.52 13.87 0
23581 -14.26 -95.03 4.67 0
23603 2.08 -100.55 11.65 0
23604 1.27 -99.75 12.02 0
23605 0.93 -99.18 12.78 0
23606 0.51 -98.63 13.33 0
23607 0.27 -98.32 13.65 0
23608 -13.39 -95.07 5.19 0
23625 1.63 -100.41 11.15 0
23626 0.84 -99.75 11.22 0
23627 -12.49 -95.18 5.64 0
23643 1.26 -100.35 10.61 0
23644 0.56 -99.91 10.35 0
23645 -11.61 -95.39 5.98 0
23658 0.12 -99.86 9.72 0
23659 -10.85 -95.48 6.36 0
23669 -0.57 -99.52 9.35 0
23670 -0.71 -99.73 8.73 0
23671 -9.35 -96.16 6.65 0
23672 -9.97 -96.09 6.33 0
23680 -1.15 -99.03 9.45 0
23681 -1.37 -99.15 8.95 0
23682 -2.06 -98.82 8.68 0
23683 -9.09 -96.33 6.65 0
23684 -9.12 -96.64 6.31 0
23691 -2.51 -98.64 8.50 0
23692 -3.12 -98.48 8.15 0
23693 -3.31 -98.70 7.70 0
23694 -7.77 -97.17 6.56 0
23695 -8.33 -97.15 6.25 0
23701 -3.61 -98.07 8.27 0
23702 -3.87 -98.27 7.81 0
23703 -4.13 -98.46 7.37 0
23704 -6.60 -97.48 6.91 0
23705 -7.11 -97.56 6.53 0
23706 -7.72 -97.60 6.14 0
23713 -4.42 -97.84 7.91 0
23714 -4.61 -98.04 7.53 0
23715 -5.35 -97.88 7.22 0
23716 -6.04 -97.76 6.94 0
23717 -6.46 -97.87 6.57 0
24503 -1.83 -87.55 31.89 0
24504 -2.75 -86.06 32.35 0
24505 -3.82 -85.13 32.04 0
24506 -4.46 -84.39 32.05 0
24507 -5.09 -83.64 32.09 0
24525 -2.00 -87.99 31.17 0
24526 -2.80 -86.98 31.29 0
24527 -3.71 -85.82 31.46 0
24528 -4.58 -84.82 31.48 0
24529 -4.96 -84.15 31.74 0
24539 -2.33 -88.79 29.73 0
24540 -2.63 -88.00 30.32 0
24541 -3.88 -86.44 30.56 0
24542 -4.42 -85.48 30.98 0
24543 -4.83 -84.97 31.05 0
24554 -3.13 -88.91 28.36 0
24555 -3.00 -88.48 29.17 0
24556 -3.78 -87.25 29.73 0
24557 -4.29 -86.50 29.98 0
24563 -2.95 -89.81 27.13 0
24564 -2.90 -89.51 27.76 0
24567 -2.56 -90.74 26.03 0
24568 -2.70 -90.32 26.62 0
24571 -2.38 -91.15 25.54 0
24573 -1.97 -91.78 25.08 0
24574 -1.53 -92.26 25.05 0
24580 -1.70 -92.22 24.74 0
24581 -1.28 -92.71 24.63 0
24582 -0.69 -93.40 24.53 0
24583 -0.17 -93.99 24.45 0
24584 0.28 -94.51 24.38 0
24592 -1.00 -93.22 24.14 0
24593 -0.54 -93.77 24.01 0
24594 0.04 -94.44 23.92 0
24595 0.56 -94.95 24.04 0
24607 0.54 -95.34 22.86 0
24608 0.42 -95.01 23.46 0
24609 0.78 -95.28 23.78 0
24623 0.66 -96.33 20.41 0
24624 0.39 -95.84 21.04 0
24625 0.33 -95.51 21.78 0
24626 0.39 -95.36 22.37 0
24643 0.18 -96.45 18.81 0
24644 0.40 -96.34 19.69 0
24645 0.16 -95.84 20.44 0
24667 0.05 -96.57 18.13 0
24690 -0.14 -96.62 17.49 0
24706 -0.40 -96.62 16.84 0
24720 -0.37 -96.90 16.12 0
24721 -0.16 -97.27 15.58 0
24722 -15.63 -94.60 4.11 0
24723 -16.10 -94.31 4.01 0
24737 -0.63 -96.83 15.69 0
24738 -0.48 -97.16 15.16 0
24739 -0.01 -97.70 14.74 0
24740 -15.34 -94.20 4.69 0
24741 -16.53 -93.45 4.50 0
24759 -0.47 -97.41 14.47 0
24760 0.12 -98.01 14.19 0
24761 -14.19 -94.23 5.45 0
24780 0.71 -99.15 12.40 0
24781 0.32 -98.69 12.79 0
24782 -0.25 -97.94 13.55 0
24783 0.19 -98.20 13.82 0
24784 -13.19 -94.30 6.03 0
24785 -12.77 -94.00 6.56 0
24805 0.32 -99.00 12.02 0
24806 -0.31 -98.24 12.64 0
24807 -0.71 -97.77 13.02 0
24808 -12.22 -94.48 6.44 0
24809 -12.43 -93.98 6.78 0
24825 -0.04 -99.09 11.15 0
24826 -11.42 -94.82 6.62 0
24839 -0.44 -99.16 10.30 0
24840 -10.90 -94.94 6.83 0
24855 -1.10 -98.84 9.90 0
24856 -9.64 -95.64 6.97 0
24857 -10.35 -95.27 6.86 0
24869 -1.60 -98.61 9.61 0
24870 -2.24 -98.32 9.29 0
24871 -2.43 -98.46 8.85 0
24872 -8.92 -96.10 6.96 0
24873 -8.96 -96.41 6.64 0
24884 -2.86 -97.75 9.50 0
24885 -2.94 -98.05 8.94 0
24886 -3.52 -97.85 8.65 0
24887 -8.16 -96.61 6.91 0
24888 -8.70 -96.58 6.62 0
24896 -3.96 -97.70 8.44 0
24897 -4.39 -97.59 8.24 0
24898 -6.99 -96.96 7.23 0
24899 -7.53 -96.96 6.92 0
24906 -4.83 -97.46 8.06 0
24907 -5.38 -97.35 7.81 0
24908 -5.99 -97.27 7.50 0
24909 -6.43 -97.26 7.25 0
25743 -5.47 -83.45 31.87 0
25744 -5.75 -83.08 31.93 0
25758 -5.11 -84.25 31.47 0
25759 -5.56 -83.66 31.57 0
25760 -6.00 -83.17 31.60 0
25774 -4.53 -85.72 30.59 0
25775 -4.98 -85.17 30.67 0
25776 -5.34 -84.41 31.06 0
25777 -5.95 -83.74 31.08 0
25796 -3.66 -88.27 28.52 0
25797 -4.18 -87.48 28.88 0
25798 -4.64 -86.56 29.46 0
25799 -4.85 -85.78 30.13 0
25800 -5.28 -85.16 30.33 0
25811 -3.55 -89.17 27.23 0
25812 -3.77 -88.58 27.87 0
25813 -4.20 -87.90 28.27 0
25820 -3.19 -90.08 26.12 0
25821 -3.38 -89.63 26.66 0
25828 -2.99 -90.54 25.56 0
25832 -2.76 -91.30 24.38 0
25833 -2.69 -91.13 24.91 0
25839 -2.73 -91.48 24.06 0
25840 -2.03 -92.13 24.18 0
25841 -1.36 -92.86 24.10 0
25849 -1.80 -92.65 23.53 0
25850 -1.14 -93.37 23.45 0
25851 -0.29 -94.23 23.54 0
25852 0.04 -94.57 23.57 0
25857 -0.79 -94.14 22.38 0
25858 -0.13 -94.62 22.95 0
25859 0.01 -94.61 23.38 0
25867 -0.18 -95.37 20.80 0
25868 -0.43 -94.87 21.45 0
25869 -0.13 -94.90 22.19 0
25883 -0.36 -96.02 18.63 0
25884 -0.57 -95.57 19.29 0
25885 -0.45 -95.32 20.24 0
25886 -0.56 -94.98 20.83 0
25900 -0.65 -95.91 18.19 0
25901 -0.79 -95.57 18.73 0
25925 -0.85 -95.95 17.55 0
25949 -1.05 -95.95 17.05 0
25968 -0.90 -96.27 16.57 0
25982 -1.06 -96.31 16.08 0
25983 -1.07 -96.52 15.51 0
25984 -14.98 -93.28 5.82 0
25985 -16.14 -92.84 5.41 0
25986 -17.25 -92.42 4.95 0
25999 -1.08 -96.72 14.94 0
26000 -14.00 -93.51 6.25 0
26021 -1.16 -96.93 14.22 0
26022 -13.27 -93.60 6.64 0
26023 -12.75 -93.64 6.92 0
26049 -0.58 -98.33 11.90 0
26050 -1.01 -97.71 12.58 0
26051 -1.27 -97.19 13.32 0
26052 -12.14 -94.05 6.89 0
26053 -12.31 -93.74 7.08 0
26074 -0.92 -98.40 11.12 0
26075 -1.55 -97.56 11.91 0
26076 -1.64 -97.16 12.66 0
26077 -11.73 -94.16 7.05 0
26078 -12.02 -93.89 7.11 0
26094 -1.18 -98.49 10.50 0
26095 -1.77 -97.80 10.99 0
26096 -11.21 -94.50 7.05 0
26111 -1.67 -98.25 10.22 0
26112 -2.29 -97.67 10.43 0
26113 -10.01 -94.91 7.43 0
26114 -10.71 -94.62 7.26 0
26128 -2.08 -98.10 9.89 0
26129 -2.66 -97.65 9.94 0
26130 -9.21 -95.31 7.56 0
26146 -3.10 -97.38 9.83 0
26147 -3.40 -97.37 9.49 0
26148 -3.51 -97.55 9.08 0
26149 -7.79 -95.66 8.10 0
26150 -8.22 -95.82 7.68 0
26163 -3.75 -97.24 9.31 0
26164 -3.99 -97.28 9.00 0
26165 -4.43 -97.19 8.70 0
26166 -6.66 -96.20 8.25 0
26167 -7.15 -96.14 8.00 0
26168 -7.61 -96.50 7.35 0
26180 -4.83 -97.08 8.52 0
26181 -5.37 -96.88 8.36 0
26182 -6.19 -96.56 8.16 0
26183 -6.55 -96.84 7.63 0
27052 -6.36 -83.14 31.25 0
27053 -6.30 -82.80 31.64 0
27066 -5.57 -84.69 30.49 0
27067 -6.14 -83.99 30.60 0
27068 -6.32 -83.51 30.90 0
27087 -4.70 -87.37 28.31 0
27088 -5.25 -86.57 28.65 0
27089 -5.48 -85.75 29.38 0
27090 -5.70 -85.00 29.99 0
27091 -5.97 -84.47 30.27 0
27111 -4.03 -88.98 26.69 0
27112 -4.26 -88.49 27.21 0
27113 -4.64 -87.80 27.74 0
27114 -5.18 -87.08 28.02 0
27123 -3.65 -89.85 25.64 0
27124 -3.84 -89.42 26.17 0
27135 -3.45 -90.31 25.08 0
27136 -14.36 -77.71 28.70 0
27137 -14.76 -77.34 28.59 0
27142 -3.10 -91.05 24.19 0
27143 -3.25 -90.74 24.55 0
27144 -15.09 -77.16 28.34 0
27145 -15.48 -76.76 28.26 0
27150 -3.07 -91.21 23.87 0
27151 -2.66 -91.70 23.69 0
27157 -2.25 -92.26 23.36 0
27158 -1.79 -92.83 23.13 0
27161 -2.13 -92.60 22.79 0
27162 -1.62 -93.24 22.50 0
27166 -1.29 -93.87 21.75 0
27178 -1.01 -95.11 19.38 0
27179 -1.15 -94.80 19.80 0
27180 -1.19 -94.35 20.82 0
27195 -1.03 -95.41 18.55 0
27196 -1.31 -94.95 19.04 0
27197 -1.61 -94.42 19.60 0
27208 -1.36 -95.21 18.25 0
27209 -1.65 -94.77 18.66 0
27232 -1.47 -95.38 17.53 0
27255 -1.60 -95.55 16.78 0
27274 -1.75 -95.79 15.84 0
27275 -1.44 -96.27 15.32 0
27276 -15.65 -92.13 6.51 0
27277 -17.09 -91.55 6.01 0
27278 -18.11 -91.49 5.19 0
27294 -2.18 -95.53 15.54 0
27295 -1.87 -96.03 14.99 0
27296 -14.61 -92.77 6.58 0
27297 -17.63 -90.87 6.31 0
27298 -18.17 -90.78 5.94 0
27312 -2.00 -96.29 14.03 0
27313 -13.79 -92.91 6.99 0
27314 -13.13 -93.26 7.06 0
27333 -2.17 -96.52 13.17 0
27334 -13.22 -92.89 7.38 0
27335 -12.64 -93.26 7.36 0
27356 -2.00 -97.16 11.99 0
27357 -2.21 -96.84 12.35 0
27358 -11.64 -93.92 7.32 0
27359 -11.91 -93.63 7.44 0
27379 -2.27 -97.08 11.71 0
27380 -2.81 -96.46 12.13 0
27381 -11.30 -93.99 7.49 0
27382 -11.53 -93.52 7.80 0
27400 -2.57 -97.15 11.04 0
27401 -9.67 -94.53 8.04 0
27402 -10.51 -94.13 7.87 0
27415 -3.01 -97.08 10.51 0
27416 -3.47 -96.71 10.56 0
27417 -8.25 -94.94 8.58 0
27418 -8.79 -94.91 8.24 0
27431 -3.07 -97.25 10.11 0
27432 -3.53 -96.89 10.14 0
27433 -7.67 -95.38 8.49 0
27434 -8.14 -95.33 8.22 0
27448 -4.11 -96.77 9.64 0
27449 -4.67 -96.68 9.17 0
27450 -4.77 -96.86 8.83 0
27451 -6.66 -95.91 8.57 0
27452 -7.17 -95.66 8.52 0
27467 -5.03 -96.40 9.20 0
27468 -5.19 -96.52 8.92 0
27469 -5.82 -96.31 8.69 0
27470 -6.21 -96.18 8.58 0
28401 -6.90 -82.77 31.05 0
28402 -6.98 -82.30 31.42 0
28417 -6.65 -83.72 30.32 0
28418 -6.84 -83.20 30.66 0
28429 -5.85 -86.15 28.40 0
28430 -6.07 -85.69 28.71 0
28431 -6.30 -84.94 29.32 0
28432 -6.45 -84.23 29.98 0
28453 -4.56 -88.47 26.71 0
28454 -4.95 -87.93 26.99 0
28455 -5.40 -87.23 27.44 0
28456 -5.84 -86.46 27.96 0
28457 -6.20 -85.90 28.25 0
28473 -4.19 -89.29 25.74 0
28474 -4.57 -88.73 26.14 0
28475 -4.95 -88.20 26.49 0
28476 -13.71 -78.63 28.36 0
28477 -13.88 -78.17 28.75 0
28487 -4.25 -89.50 25.14 0
28488 -4.60 -88.96 25.59 0
28489 -13.40 -79.41 27.75 0
28490 -13.87 -78.80 27.92 0
28491 -14.39 -78.00 28.25 0
28492 -14.85 -77.49 28.27 0
28497 -3.67 -90.53 24.06 0
28498 -3.84 -90.12 24.64 0
28499 -13.49 -79.52 27.46 0
28500 -13.83 -79.15 27.51 0
28501 -14.50 -78.45 27.50 0
28502 -15.13 -77.44 27.90 0
28503 -15.78 -76.72 27.87 0
28504 -16.27 -76.15 27.82 0
28507 -3.21 -91.30 23.32 0
28508 -2.69 -91.83 23.32 0
28509 -14.87 -78.35 27.10 0
28510 -15.20 -77.85 27.28 0
28511 -15.75 -77.09 27.44 0
28512 -16.09 -76.60 27.56 0
28516 -3.02 -91.82 22.48 0
28517 -2.62 -92.07 22.89 0
28520 -2.89 -92.12 22.06 0
28521 -2.40 -92.62 22.07 0
28522 -1.81 -93.27 21.93 0
28526 -2.35 -92.88 21.52 0
28527 -1.92 -93.37 21.40 0
28531 -1.90 -93.86 20.25 0
28532 -1.81 -93.71 20.85 0
28545 -1.79 -94.54 18.88 0
28546 -2.05 -94.09 19.33 0
28563 -1.77 -94.92 17.97 0
28564 -2.12 -94.37 18.50 0
28565 -2.40 -93.87 19.02 0
28582 -2.14 -94.73 17.60 0
28583 -2.46 -94.22 18.06 0
28587 -21.84 -83.61 11.55 0
28608 -2.18 -94.93 17.01 0
28612 -21.78 -83.39 11.86 0
28613 -21.89 -83.10 12.11 0
28614 -22.20 -82.60 12.42 0
28615 -22.73 -82.00 12.63 0
28616 -22.99 -81.29 13.22 0
28617 -23.15 -80.80 13.65 0
28632 -2.27 -95.04 16.53 0
28633 -15.56 -91.42 7.32 0
28634 -16.50 -91.01 7.07 0
28635 -17.40 -90.21 7.25 0
28636 -18.36 -89.55 7.21 0
28653 -2.48 -95.10 15.94 0
28654 -2.61 -95.21 15.38 0
28655 -14.65 -92.03 7.32 0
28656 -17.31 -90.80 6.65 0
28657 -17.96 -90.35 6.62 0
28669 -2.71 -95.43 14.66 0
28670 -13.66 -92.33 7.68 0
28680 -2.86 -95.66 13.80 0
28681 -12.92 -92.67 7.80 0
28682 -12.30 -93.02 7.82 0
28701 -3.03 -95.94 12.87 0
28702 -11.81 -93.23 7.92 0
28722 -2.99 -96.57 11.57 0
28723 -3.54 -95.86 12.15 0
28724 -11.15 -93.44 8.14 0
28725 -11.52 -93.32 8.01 0
28746 -3.13 -96.71 11.07 0
28747 -3.65 -96.16 11.36 0
28748 -10.12 -93.83 8.45 0
28749 -10.61 -93.63 8.31 0
28768 -3.43 -96.59 10.85 0
28769 -3.91 -96.29 10.74 0
28770 -8.66 -94.39 8.90 0
28771 -9.39 -94.12 8.67 0
28786 -4.23 -96.30 10.26 0
28787 -7.97 -94.73 9.01 0
28801 -4.54 -96.21 10.03 0
28802 -4.84 -96.19 9.70 0
28803 -5.19 -96.02 9.57 0
28804 -6.21 -95.40 9.52 0
28805 -6.52 -95.45 9.21 0
28806 -7.22 -95.22 8.98 0
28822 -5.00 -96.28 9.39 0
28823 -5.27 -96.15 9.32 0
28824 -5.81 -95.84 9.28 0
28825 -6.20 -95.93 8.87 0
29770 -7.41 -82.43 30.85 0
29771 -7.84 -81.74 31.10 0
29788 -7.15 -83.48 30.01 0
29789 -7.80 -82.62 30.24 0
29790 -8.09 -81.97 30.63 0
29802 -6.48 -85.55 28.35 0
29803 -6.86 -84.96 28.58 0
29804 -7.23 -84.03 29.28 0
29805 -7.92 -83.08 29.58 0
29822 -5.23 -87.89 26.56 0
29823 -5.56 -87.47 26.76 0
29824 -6.19 -86.63 27.13 0
29825 -6.74 -85.64 27.83 0
29826 -7.45 -84.78 28.05 0
29827 -12.78 -78.99 29.08 0
29828 -13.15 -78.48 29.27 0
29844 -4.92 -88.59 25.73 0
29845 -5.43 -87.98 26.00 0
29846 -6.08 -87.16 26.40 0
29847 -6.63 -86.56 26.54 0
29848 -12.61 -79.61 28.50 0
29849 -13.05 -79.04 28.69 0
29850 -13.46 -78.43 28.97 0
29860 -4.63 -89.24 24.90 0
29861 -5.06 -88.71 25.18 0
29862 -5.60 -88.09 25.43 0
29863 -12.31 -80.44 27.79 0
29864 -12.73 -79.84 28.05 0
29865 -13.36 -79.14 28.16 0
29873 -4.14 -90.10 23.99 0
29874 -4.56 -89.54 24.36 0
29875 -5.19 -88.83 24.64 0
29876 -12.52 -80.40 27.56 0
29877 -13.09 -79.98 27.37 0
29878 -13.64 -79.55 27.21 0
29879 -14.09 -79.12 27.17 0
29881 -16.88 -75.39 27.78 0
29884 -4.19 -90.23 23.55 0
29885 -4.69 -89.65 23.79 0
29886 -13.41 -79.95 26.95 0
29887 -13.88 -79.57 26.81 0
29888 -14.56 -78.89 26.79 0
29889 -15.18 -78.22 26.82 0
29890 -15.76 -77.50 26.90 0
29891 -16.53 -76.43 27.09 0
29894 -3.74 -91.02 22.66 0
29895 -15.06 -78.62 26.43 0
29896 -15.58 -78.09 26.38 0
29897 -16.27 -77.33 26.35 0
29898 -16.87 -76.68 26.31 0
29901 -3.30 -91.79 21.85 0
29902 -2.84 -92.26 21.82 0
29903 -16.77 -77.03 26.01 0
29904 -16.97 -76.76 26.06 0
29907 -3.25 -92.03 21.35 0
29908 -2.77 -92.54 21.31 0
29909 -2.31 -93.01 21.29 0
29912 -2.55 -93.05 20.62 0
29913 -2.21 -93.25 20.95 0
29920 -2.60 -93.26 20.00 0
29921 -20.19 -86.04 9.98 0
29935 -2.74 -93.59 18.88 0
29936 -2.69 -93.43 19.39 0
29937 -19.02 -87.22 9.48 0
29938 -19.72 -86.66 9.59 0
29939 -20.43 -85.40 10.60 0
29940 -20.71 -85.06 10.78 0
29941 -21.46 -84.56 10.75 0
29950 -2.78 -94.03 17.79 0
29951 -2.79 -93.77 18.34 0
29952 -18.58 -87.81 9.11 0
29953 -19.57 -87.40 8.80 0
29955 -20.57 -84.85 11.15 0
29956 -20.87 -84.46 11.36 0
29957 -21.53 -84.07 11.28 0
29958 -23.45 -80.27 13.98 0
29972 -2.69 -94.40 17.14 0
29973 -17.08 -89.29 8.57 0
29974 -17.95 -88.61 8.67 0
29975 -18.91 -88.17 8.41 0
29977 -20.72 -84.21 11.80 0
29978 -21.19 -83.68 12.03 0
29979 -21.64 -82.90 12.56 0
29980 -22.04 -82.29 12.93 0
29981 -22.39 -81.70 13.31 0
29982 -22.62 -81.12 13.80 0
29983 -22.95 -80.63 14.05 0
29999 -2.92 -94.46 16.49 0
30000 -15.90 -90.82 7.74 0
30001 -16.62 -90.12 7.97 0
30002 -17.67 -89.43 7.93 0
30003 -18.62 -88.80 7.89 0
30005 -20.80 -83.54 12.52 0
30006 -21.05 -83.17 12.75 0
30007 -21.47 -82.55 13.13 0
30008 -21.83 -81.99 13.48 0
30009 -22.12 -81.53 13.78 0
30023 -3.12 -94.53 15.89 0
30024 -3.30 -94.65 15.25 0
30025 -15.14 -91.13 7.95 0
30035 -3.59 -94.73 14.49 0
30036 -14.21 -91.52 8.18 0
30040 -3.70 -95.05 13.61 0
30041 -13.18 -91.98 8.38 0
30042 -12.54 -92.55 8.18 0
30052 -3.92 -95.21 12.88 0
30053 -12.34 -92.25 8.64 0
30054 -12.01 -92.81 8.24 0
30072 -4.19 -95.22 12.40 0
30073 -11.54 -92.73 8.66 0
30074 -11.60 -93.10 8.19 0
30095 -4.21 -95.47 11.87 0
30096 -9.91 -93.43 9.05 0
30097 -10.68 -93.17 8.78 0
30118 -4.39 -95.63 11.29 0
30119 -8.41 -93.98 9.57 0
30120 -9.20 -93.69 9.30 0
30137 -4.71 -95.69 10.70 0
30138 -5.14 -95.45 10.56 0
30139 -7.20 -94.46 9.94 0
30140 -7.61 -94.53 9.53 0
30153 -4.61 -95.99 10.30 0
30154 -4.95 -95.78 10.23 0
30155 -5.42 -95.66 9.89 0
30156 -5.97 -95.35 9.79 0
30157 -6.58 -94.97 9.78 0
30158 -7.02 -94.92 9.49 0
30173 -5.47 -95.86 9.54 0
30174 -5.66 -95.67 9.63 0
31028 -8.65 -81.24 30.78 0
31048 -8.44 -82.42 29.76 0
31049 -8.69 -81.80 30.16 0
31067 -7.73 -84.14 28.53 0
31068 -8.16 -83.38 28.95 0
31069 -8.75 -82.59 29.22 0
31070 -9.01 -82.00 29.61 0
31071 -12.18 -79.14 29.54 0
31082 -7.06 -85.90 26.95 0
31083 -7.74 -84.98 27.37 0
31084 -8.15 -84.19 27.92 0
31085 -8.51 -83.51 28.37 0
31086 -8.80 -82.95 28.72 0
31087 -11.95 -79.94 28.86 0
31088 -12.27 -79.51 29.02 0
31089 -12.62 -78.94 29.32 0
31105 -6.08 -87.40 25.94 0
31106 -6.54 -86.93 26.01 0
31107 -7.22 -86.18 26.20 0
31108 -7.82 -85.38 26.62 0
31109 -12.12 -80.01 28.56 0
31110 -12.52 -79.54 28.70 0
31124 -5.66 -88.15 25.18 0
31125 -6.22 -87.54 25.35 0
31126 -6.97 -86.73 25.61 0
31127 -7.52 -86.19 25.68 0
31128 -11.57 -81.51 27.27 0
31129 -11.96 -80.97 27.52 0
31130 -12.02 -80.53 28.03 0
31139 -5.37 -88.80 24.26 0
31140 -5.73 -88.27 24.75 0
31141 -6.29 -87.73 24.77 0
31142 -11.83 -81.44 27.00 0
31143 -12.48 -80.78 27.07 0
31144 -13.03 -80.38 26.87 0
31147 -17.42 -74.78 27.68 0
31152 -4.89 -89.61 23.40 0
31153 -5.12 -89.22 23.83 0
31154 -12.18 -81.34 26.63 0
31155 -12.72 -80.91 26.51 0
31156 -13.41 -80.27 26.46 0
31157 -14.16 -79.65 26.26 0
31158 -14.73 -79.08 26.25 0
31160 -17.86 -74.40 27.45 0
31161 -17.45 -75.21 27.16 0
31167 -4.58 -90.15 22.78 0
31168 -14.62 -79.42 25.89 0
31169 -15.22 -78.81 25.88 0
31170 -15.92 -78.05 25.89 0
31171 -16.42 -77.54 25.85 0
31172 -17.36 -75.92 26.48 0
31180 -4.17 -90.87 21.99 0
31181 -15.72 -78.54 25.48 0
31182 -16.29 -77.99 25.40 0
31183 -16.81 -77.28 25.60 0
31184 -17.25 -76.59 25.83 0
31193 -3.70 -91.66 21.16 0
31194 -3.25 -92.14 21.10 0
31195 -16.85 -77.57 25.12 0
31196 -17.24 -76.96 25.37 0
31197 -17.42 -76.68 25.48 0
31206 -3.69 -91.87 20.70 0
31207 -3.26 -92.35 20.58 0
31216 -3.15 -92.78 19.84 0
31217 -20.13 -85.75 10.40 0
31218 -20.31 -85.54 10.52 0
31226 -3.27 -93.13 18.74 0
31227 -3.18 -92.98 19.28 0
31228 -19.01 -86.82 9.97 0
31229 -19.47 -86.16 10.42 0
31230 -20.05 -85.43 10.86 0
31231 -20.40 -85.05 11.05 0
31240 -3.18 -93.77 17.51 0
31241 -3.39 -93.30 18.09 0
31242 -17.45 -87.94 9.85 0
31243 -18.23 -87.38 9.92 0
31244 -18.64 -86.67 10.44 0
31245 -19.73 -85.25 11.33 0
31246 -20.27 -84.84 11.41 0
31247 -20.54 -84.44 11.67 0
31248 -23.48 -79.84 14.47 0
31249 -23.83 -79.33 14.73 0
31257 -3.33 -93.84 17.01 0
31258 -3.70 -93.27 17.51 0
31259 -17.01 -88.66 9.36 0
31260 -17.84 -88.09 9.38 0
31261 -19.43 -85.26 11.55 0
31262 -19.70 -84.93 11.74 0
31263 -20.27 -84.24 12.12 0
31264 -20.64 -83.76 12.39 0
31265 -22.61 -80.75 14.26 0
31266 -22.96 -80.22 14.55 0
31267 -23.33 -79.67 14.84 0
31281 -3.62 -93.83 16.43 0
31282 -3.85 -93.35 17.00 0
31283 -15.69 -90.40 8.36 0
31284 -16.15 -89.63 8.89 0
31285 -19.97 -84.08 12.56 0
31286 -20.32 -83.56 12.90 0
31287 -20.92 -82.77 13.35 0
31288 -21.34 -82.21 13.67 0
31289 -21.64 -81.68 14.04 0
31290 -22.13 -81.13 14.25 0
31291 -22.40 -80.63 14.60 0
31308 -3.79 -93.94 15.83 0
31309 -3.99 -94.03 15.24 0
31310 -14.87 -90.58 8.76 0
31311 -15.51 -90.10 8.83 0
31312 -19.97 -83.30 13.53 0
31313 -20.41 -82.87 13.68 0
31314 -20.92 -82.29 13.94 0
31315 -21.26 -81.95 14.06 0
31329 -4.26 -94.02 14.74 0
31330 -13.81 -91.05 8.98 0
31335 -4.31 -94.26 14.15 0
31336 -12.83 -91.52 9.14 0
31340 -4.46 -94.47 13.45 0
31341 -11.95 -91.96 9.26 0
31349 -4.59 -94.68 12.82 0
31350 -11.10 -92.41 9.36 0
31367 -4.69 -94.88 12.27 0
31368 -9.74 -93.03 9.66 0
31369 -10.35 -92.79 9.46 0
31391 -4.80 -95.05 11.78 0
31392 -8.51 -93.42 10.19 0
31393 -9.10 -93.23 9.93 0
31410 -5.06 -95.08 11.33 0
31411 -5.45 -95.03 10.89 0
31412 -5.83 -94.89 10.64 0
31413 -7.34 -94.02 10.40 0
31414 -7.86 -93.88 10.14 0
31430 -5.44 -95.32 10.41 0
31431 -5.86 -95.12 10.25 0
31432 -6.33 -94.82 10.21 0
31433 -6.84 -94.44 10.26 0
32304 -9.31 -81.03 30.34 0
32327 -9.52 -81.35 29.78 0
32328 -10.10 -80.54 30.06 0
32348 -9.26 -82.46 28.78 0
32349 -9.61 -81.84 29.14 0
32350 -10.37 -80.92 29.38 0
32351 -11.00 -80.08 29.67 0
32367 -8.35 -84.72 26.89 0
32368 -8.58 -84.19 27.35 0
32369 -8.89 -83.56 27.83 0
32370 -9.32 -82.83 28.26 0
32371 -9.81 -82.12 28.57 0
32372 -10.52 -81.42 28.63 0
32373 -11.43 -80.30 28.99 0
32374 -11.70 -79.68 29.42 0
32385 -7.97 -85.61 25.98 0
32386 -8.52 -84.90 26.34 0
32387 -9.05 -84.15 26.76 0
32388 -9.29 -83.55 27.33 0
32389 -9.45 -83.10 27.74 0
32390 -10.86 -81.97 27.54 0
32391 -10.92 -81.56 27.99 0
32392 -11.43 -80.82 28.35 0
32405 -6.89 -86.99 25.20 0
32406 -7.38 -86.53 25.22 0
32407 -8.01 -85.88 25.40 0
32408 -8.69 -85.12 25.66 0
32409 -9.20 -84.39 26.12 0
32410 -10.55 -83.00 26.43 0
32411 -10.69 -82.78 26.58 0
32412 -11.11 -82.10 27.01 0
32413 -11.33 -81.53 27.54 0
32414 -11.54 -81.08 27.89 0
32429 -5.80 -88.41 24.26 0
32430 -6.22 -87.98 24.33 0
32431 -6.98 -87.16 24.63 0
32432 -7.89 -86.26 24.81 0
32433 -8.55 -85.56 25.03 0
32434 -9.08 -84.99 25.20 0
32435 -10.67 -82.97 26.28 0
32436 -11.10 -82.52 26.37 0
32437 -11.66 -81.92 26.49 0
32451 -5.33 -89.16 23.47 0
32452 -5.84 -88.59 23.70 0
32453 -6.68 -87.74 23.88 0
32454 -7.31 -87.16 23.91 0
32455 -10.94 -82.90 25.96 0
32456 -11.48 -82.43 25.89 0
32457 -12.21 -81.65 26.07 0
32458 -12.96 -81.00 25.94 0
32459 -13.66 -80.38 25.84 0
32460 -14.23 -79.90 25.73 0
32463 -18.38 -73.92 27.23 0
32464 -18.06 -74.55 27.02 0
32478 -5.45 -89.25 22.95 0
32479 -6.05 -88.64 23.05 0
32480 -11.92 -82.21 25.55 0
32481 -12.49 -81.72 25.44 0
32482 -13.24 -81.06 25.35 0
32483 -13.96 -80.40 25.30 0
32484 -14.71 -79.65 25.34 0
32485 -15.34 -79.04 25.32 0
32486 -18.85 -73.50 27.01 0
32487 -18.59 -74.17 26.68 0
32488 -18.01 -75.02 26.58 0
32501 -5.04 -89.95 22.15 0
32502 -15.19 -79.40 24.95 0
32503 -15.81 -78.80 24.91 0
32504 -16.45 -78.16 24.88 0
32505 -18.51 -74.72 26.20 0
32506 -18.04 -75.58 25.89 0
32519 -4.64 -90.68 21.32 0
32520 -16.31 -78.57 24.46 0
32521 -16.95 -77.87 24.52 0
32522 -17.35 -77.17 24.92 0
32523 -17.74 -76.48 25.23 0
32538 -4.09 -91.61 20.38 0
32539 -3.53 -92.27 20.12 0
32540 -17.32 -77.67 24.24 0
32541 -17.54 -77.26 24.49 0
32542 -17.72 -76.87 24.77 0
32556 -4.16 -91.97 19.40 0
32557 -3.62 -92.37 19.70 0
32569 -3.88 -92.54 18.70 0
32570 -3.62 -92.60 19.16 0
32571 -19.42 -85.75 10.97 0
32572 -19.63 -85.49 11.12 0
32575 -26.81 -75.99 15.69 0
32580 -4.14 -92.59 18.06 0
32581 -17.48 -87.53 10.32 0
32582 -17.88 -86.89 10.77 0
32583 -18.63 -86.11 11.13 0
32584 -19.30 -85.53 11.32 0
32585 -24.00 -78.83 15.16 0
32586 -24.45 -78.25 15.39 0
32587 -25.11 -77.63 15.44 0
32588 -25.63 -76.95 15.72 0
32589 -26.13 -76.38 15.88 0
32593 -4.29 -92.75 17.38 0
32594 -16.74 -88.05 10.27 0
32595 -17.13 -87.35 10.80 0
32596 -18.21 -85.85 11.75 0
32597 -18.97 -85.34 11.80 0
32598 -19.51 -84.65 12.22 0
32599 -19.81 -84.30 12.42 0
32600 -23.00 -79.77 15.05 0
32601 -23.42 -79.20 15.32 0
32602 -23.89 -78.59 15.58 0
32614 -4.03 -93.57 16.15 0
32615 -4.31 -93.08 16.65 0
32616 -15.15 -89.46 9.84 0
32617 -15.88 -88.99 9.83 0
32618 -17.86 -85.83 12.03 0
32619 -18.19 -85.47 12.23 0
32620 -18.83 -84.89 12.45 0
32621 -19.48 -84.22 12.78 0
32622 -19.67 -83.70 13.27 0
32623 -21.69 -81.33 14.42 0
32624 -21.86 -80.88 14.81 0
32625 -22.47 -80.16 15.11 0
32626 -22.87 -79.59 15.40 0
32642 -4.06 -93.63 15.96 0
32643 -4.37 -93.37 15.90 0
32644 -14.47 -90.05 9.66 0
32645 -15.33 -89.80 9.31 0
32646 -18.23 -85.09 12.68 0
32647 -18.62 -84.59 13.00 0
32648 -19.10 -83.97 13.39 0
32649 -19.50 -83.43 13.75 0
32650 -19.93 -82.93 14.02 0
32651 -20.43 -82.35 14.31 0
32652 -21.16 -81.61 14.57 0
32653 -21.42 -80.96 15.15 0
32669 -4.62 -93.46 15.22 0
32670 -13.35 -90.67 9.75 0
32678 -4.80 -93.59 14.63 0
32679 -12.39 -91.20 9.83 0
32685 -5.04 -93.68 14.00 0
32686 -11.51 -91.68 9.91 0
32691 -5.17 -93.95 13.26 0
32692 -5.54 -93.84 12.89 0
32693 -10.28 -92.01 10.47 0
32694 -10.60 -92.14 10.06 0
32700 -5.13 -94.32 12.64 0
32701 -5.59 -94.03 12.46 0
32702 -9.79 -92.47 10.32 0
32703 -10.11 -92.60 9.88 0
32721 -5.19 -94.53 12.15 0
32722 -5.64 -94.24 12.02 0
32723 -8.26 -93.19 10.71 0
32724 -8.97 -92.83 10.55 0
32744 -5.28 -94.67 11.76 0
32745 -5.73 -94.44 11.55 0
32746 -6.26 -94.31 11.08 0
32747 -6.97 -93.86 11.01 0
32748 -7.40 -93.67 10.84 0
32749 -7.73 -93.61 10.62 0
32767 -6.17 -94.70 10.56 0
32768 -6.59 -94.36 10.62 0
32769 -7.02 -94.07 10.63 0
33652 -9.81 -82.66 27.88 0
33653 -9.98 -82.27 28.18 0
33654 -10.18 -81.92 28.40 0
33671 -9.64 -83.82 26.44 0
33672 -9.77 -83.41 26.89 0
33673 -9.95 -82.88 27.42 0
33674 -10.35 -82.23 27.79 0
33675 -10.39 -81.88 28.20 0
33687 -9.43 -84.49 25.57 0
33688 -9.86 -83.88 25.98 0
33689 -10.26 -83.25 26.43 0
33690 -10.39 -82.81 26.94 0
33691 -10.54 -82.40 27.34 0
33704 -7.85 -86.57 24.16 0
33705 -8.51 -85.87 24.43 0
33706 -9.10 -85.22 24.71 0
33707 -9.62 -84.59 25.03 0
33708 -10.11 -83.94 25.44 0
33709 -10.47 -83.36 25.91 0
33724 -6.54 -88.11 23.26 0
33725 -7.15 -87.49 23.42 0
33726 -7.85 -86.85 23.47 0
33727 -8.54 -86.14 23.73 0
33728 -9.10 -85.48 24.13 0
33729 -9.67 -84.82 24.45 0
33730 -10.27 -84.10 24.82 0
33731 -10.96 -83.20 25.36 0
33732 -11.55 -82.62 25.43 0
33749 -5.96 -88.85 22.73 0
33750 -6.46 -88.42 22.62 0
33751 -7.00 -87.82 22.92 0
33752 -7.49 -87.32 23.07 0
33753 -8.80 -86.00 23.52 0
33754 -9.07 -85.72 23.63 0
33755 -9.64 -85.12 23.86 0
33756 -10.26 -84.42 24.15 0
33757 -10.96 -83.62 24.50 0
33758 -11.83 -82.62 24.91 0
33759 -12.78 -81.79 24.80 0
33760 -13.59 -81.05 24.73 0
33761 -14.29 -80.34 24.82 0
33762 -14.82 -79.86 24.78 0
33764 -19.41 -72.78 26.96 0
33765 -19.12 -73.52 26.62 0
33777 -5.87 -89.11 22.29 0
33778 -6.37 -88.68 22.17 0
33779 -14.07 -80.78 24.40 0
33780 -14.59 -80.30 24.36 0
33781 -15.28 -79.62 24.40 0
33782 -15.85 -79.09 24.36 0
33783 -19.55 -73.16 26.40 0
33784 -19.18 -73.99 26.06 0
33785 -18.72 -74.86 25.75 0
33797 -5.55 -89.70 21.56 0
33798 -15.68 -79.43 24.05 0
33799 -16.15 -79.01 23.98 0
33800 -16.62 -78.46 24.12 0
33801 -19.17 -74.56 25.46 0
33802 -18.65 -75.46 25.16 0
33815 -5.27 -90.33 20.69 0
33816 -16.58 -78.73 23.74 0
33817 -17.11 -78.12 23.87 0
33818 -17.66 -77.42 24.08 0
33819 -18.23 -76.56 24.41 0
33830 -4.99 -91.00 19.74 0
33831 -17.63 -77.73 23.67 0
33832 -18.08 -77.19 23.77 0
33833 -18.54 -76.68 23.80 0
33845 -4.73 -91.69 18.76 0
33846 -27.08 -75.28 16.25 0
33847 -27.73 -74.49 16.54 0
33852 -4.83 -91.99 17.90 0
33853 -17.90 -86.49 11.22 0
33854 -17.92 -86.25 11.49 0
33855 -24.65 -77.74 15.80 0
33856 -25.01 -77.18 16.08 0
33857 -25.67 -76.45 16.26 0
33858 -26.38 -75.77 16.36 0
33863 -4.91 -92.24 17.19 0
33864 -16.42 -87.55 11.09 0
33865 -17.18 -86.71 11.51 0
33866 -17.70 -86.11 11.82 0
33867 -23.45 -78.61 16.00 0
33868 -24.14 -78.02 15.99 0
33869 -24.55 -77.58 16.08 0
33873 -5.08 -92.43 16.46 0
33874 -14.95 -88.99 10.53 0
33875 -15.88 -88.30 10.63 0
33876 -16.86 -86.47 12.03 0
33877 -17.36 -85.91 12.33 0
33878 -17.86 -85.39 12.59 0
33879 -21.79 -80.35 15.55 0
33880 -22.48 -79.64 15.74 0
33881 -23.01 -79.19 15.76 0
33894 -5.10 -92.78 15.71 0
33895 -13.82 -89.77 10.45 0
33896 -17.14 -85.64 12.83 0
33897 -17.66 -85.10 13.10 0
33898 -18.41 -84.27 13.58 0
33899 -18.94 -83.64 13.95 0
33900 -19.42 -83.08 14.28 0
33901 -19.88 -82.53 14.57 0
33902 -20.29 -81.88 15.04 0
33903 -20.96 -81.17 15.31 0
33904 -21.34 -80.76 15.48 0
33926 -5.21 -92.99 15.09 0
33927 -12.83 -90.42 10.44 0
33928 -17.38 -84.87 13.64 0
33929 -17.79 -84.46 13.84 0
33930 -18.34 -83.86 14.17 0
33931 -18.87 -83.25 14.52 0
33932 -19.41 -82.67 14.81 0
33933 -19.80 -82.30 14.95 0
33946 -5.37 -93.11 14.56 0
33947 -11.92 -90.97 10.46 0
33953 -5.57 -93.12 14.19 0
33954 -11.14 -91.45 10.49 0
33958 -5.61 -93.29 13.77 0
33959 -5.82 -93.37 13.29 0
33960 -10.17 -91.74 10.94 0
33961 -10.59 -91.73 10.58 0
33965 -5.99 -93.51 12.80 0
33966 -9.42 -92.19 11.02 0
33973 -6.08 -93.73 12.29 0
33974 -6.47 -93.41 12.31 0
33975 -7.90 -92.87 11.51 0
33976 -8.17 -92.81 11.34 0
33977 -8.80 -92.51 11.15 0
33996 -5.97 -94.03 11.93 0
33997 -6.43 -93.71 11.88 0
33998 -6.95 -93.55 11.50 0
33999 -7.58 -93.19 11.38 0
34000 -7.82 -93.29 10.98 0
34901 -29.46 -66.63 21.60 0
34902 -29.77 -66.61 21.41 0
34909 -29.31 -67.03 21.46 0
34910 -29.44 -67.68 20.97 0
34916 -8.06 -86.75 23.25 0
34917 -8.26 -86.55 23.32 0
34930 -6.95 -88.01 22.53 0
34931 -7.39 -87.59 22.61 0
34932 -8.05 -86.88 22.96 0
34933 -8.78 -86.14 23.21 0
34934 -9.50 -85.47 23.32 0
34935 -10.16 -84.80 23.53 0
34936 -10.83 -84.08 23.77 0
34937 -11.57 -83.29 24.02 0
34938 -12.36 -82.49 24.17 0
34939 -13.12 -81.77 24.20 0
34940 -13.69 -81.24 24.18 0
34942 -20.15 -71.76 26.96 0
34943 -19.93 -72.55 26.50 0
34953 -6.20 -88.97 21.82 0
34954 -6.93 -88.24 21.97 0
34955 -7.87 -87.31 22.23 0
34956 -8.61 -86.55 22.51 0
34957 -9.32 -85.85 22.74 0
34958 -10.00 -85.19 22.94 0
34959 -10.66 -84.52 23.13 0
34960 -11.34 -83.84 23.30 0
34961 -12.07 -83.10 23.47 0
34962 -12.81 -82.35 23.62 0
34963 -13.50 -81.68 23.70 0
34964 -14.19 -80.94 23.87 0
34965 -14.91 -80.26 23.86 0
34966 -15.38 -79.80 23.90 0
34967 -20.44 -72.06 26.30 0
34968 -20.10 -72.98 25.86 0
34969 -19.66 -73.92 25.47 0
34970 -28.76 -70.68 19.33 0
34980 -6.29 -89.18 21.11 0
34981 -7.10 -88.40 21.16 0
34982 -15.27 -80.08 23.58 0
34983 -15.75 -79.63 23.57 0
34984 -16.27 -79.14 23.54 0
34985 -20.23 -73.52 25.14 0
34986 -19.62 -74.57 24.83 0
34987 -19.02 -75.58 24.49 0
34988 -28.31 -71.45 19.03 0
34989 -28.42 -72.05 18.42 0
34990 -28.59 -72.57 17.80 0
35001 -6.07 -89.82 20.06 0
35002 -16.14 -79.45 23.23 0
35003 -16.74 -78.92 23.18 0
35004 -17.36 -78.18 23.39 0
35005 -19.54 -75.23 24.19 0
35006 -19.03 -76.08 23.88 0
35007 -27.78 -73.15 17.90 0
35008 -28.39 -73.14 17.41 0
35019 -5.64 -90.63 19.15 0
35020 -17.38 -78.43 22.96 0
35021 -17.91 -77.72 23.24 0
35022 -18.51 -77.01 23.39 0
35023 -18.82 -76.58 23.55 0
35024 -27.19 -74.11 17.43 0
35025 -27.86 -73.79 17.18 0
35034 -5.46 -91.15 18.35 0
35035 -26.09 -75.32 17.14 0
35036 -26.83 -74.93 16.89 0
35037 -27.40 -74.33 17.01 0
35043 -5.44 -91.50 17.67 0
35044 -25.05 -76.52 16.80 0
35045 -25.83 -75.89 16.76 0
35046 -26.28 -75.47 16.79 0
35051 -5.51 -91.72 17.07 0
35052 -16.13 -87.38 11.50 0
35053 -16.47 -87.14 11.53 0
35054 -23.27 -78.45 16.38 0
35055 -23.63 -77.95 16.60 0
35056 -24.40 -77.38 16.47 0
35059 -5.69 -91.77 16.63 0
35060 -14.83 -88.52 11.15 0
35061 -15.44 -87.92 11.39 0
35062 -16.20 -86.93 11.99 0
35063 -16.73 -86.33 12.29 0
35064 -21.62 -80.15 15.96 0
35065 -21.96 -79.66 16.23 0
35066 -22.83 -78.87 16.32 0
35067 -23.19 -78.35 16.58 0
35071 -5.64 -92.07 16.10 0
35072 -13.38 -89.12 11.57 0
35073 -14.18 -88.87 11.24 0
35074 -14.78 -88.31 11.43 0
35075 -15.97 -86.64 12.51 0
35076 -16.51 -86.05 12.81 0
35077 -17.04 -85.52 13.06 0
35078 -20.07 -81.73 15.45 0
35079 -20.38 -81.27 15.74 0
35080 -21.20 -80.53 15.89 0
35081 -21.53 -80.06 16.16 0
35097 -5.67 -92.36 15.47 0
35098 -12.72 -89.59 11.53 0
35099 -13.20 -89.66 11.05 0
35100 -16.34 -85.72 13.36 0
35101 -16.87 -85.30 13.48 0
35102 -17.20 -84.62 14.12 0
35103 -17.78 -84.06 14.40 0
35104 -18.30 -83.48 14.74 0
35105 -18.85 -82.80 15.16 0
35106 -19.65 -82.09 15.36 0
35107 -19.96 -81.65 15.65 0
35126 -5.67 -92.62 14.96 0
35127 -12.23 -89.90 11.54 0
35128 -12.28 -90.23 11.09 0
35129 -17.09 -84.48 14.42 0
35130 -17.30 -84.24 14.58 0
35131 -17.75 -83.72 14.91 0
35132 -18.20 -83.17 15.27 0
35145 -5.90 -92.62 14.54 0
35146 -6.19 -92.51 14.24 0
35147 -11.69 -90.25 11.56 0
35148 -11.42 -90.86 11.01 0
35155 -5.89 -92.86 14.10 0
35156 -6.18 -92.77 13.79 0
35157 -10.72 -90.93 11.52 0
35158 -10.80 -91.34 10.91 0
35165 -6.44 -92.89 13.22 0
35166 -6.82 -92.75 12.93 0
35167 -9.25 -91.62 11.95 0
35168 -9.62 -91.54 11.72 0
35176 -6.45 -93.21 12.66 0
35177 -6.93 -92.98 12.43 0
35178 -7.47 -92.75 12.17 0
35179 -7.96 -92.62 11.83 0
35180 -8.86 -92.00 11.80 0
35181 -9.17 -92.06 11.43 0
35191 -7.04 -93.21 11.94 0
35192 -7.44 -93.05 11.74 0
35193 -7.66 -92.95 11.65 0
36124 -29.82 -65.83 21.84 0
36125 -30.20 -65.79 21.62 0
36141 -27.26 -66.45 23.43 0
36142 -27.50 -66.47 23.22 0
36143 -28.15 -66.42 22.71 0
36144 -29.31 -66.27 21.93 0
36145 -29.75 -66.22 21.66 0
36151 -25.81 -67.14 24.31 0
36152 -26.06 -67.06 24.12 0
36153 -26.83 -66.82 23.57 0
36154 -27.23 -67.41 22.83 0
36155 -27.91 -67.65 22.11 0
36156 -28.59 -67.95 21.38 0
36157 -28.79 -68.61 20.80 0
36163 -21.26 -70.26 26.86 0
36164 -25.66 -67.46 24.23 0
36165 -25.85 -67.83 23.79 0
36166 -26.32 -68.21 23.09 0
36167 -26.68 -68.91 22.26 0
36168 -27.47 -68.98 21.55 0
36169 -27.90 -69.45 20.87 0
36170 -28.71 -69.43 20.30 0
36177 -20.73 -70.90 26.99 0
36178 -21.05 -71.09 26.41 0
36179 -26.44 -69.69 21.90 0
36180 -26.80 -69.53 21.71 0
36181 -27.50 -70.21 20.63 0
36182 -27.75 -70.48 20.22 0
36183 -28.60 -70.20 19.82 0
36195 -7.73 -87.70 21.51 0
36196 -8.46 -86.94 21.84 0
36197 -9.16 -86.23 22.12 0
36198 -9.83 -85.56 22.36 0
36199 -10.47 -84.92 22.56 0
36200 -11.09 -84.32 22.71 0
36201 -11.79 -83.71 22.69 0
36202 -12.56 -82.88 23.01 0
36203 -13.23 -82.20 23.16 0
36204 -13.95 -81.55 23.13 0
36205 -14.65 -80.75 23.40 0
36206 -15.02 -80.36 23.48 0
36207 -20.97 -71.93 25.75 0
36208 -20.76 -72.70 25.28 0
36209 -27.12 -71.70 19.75 0
36210 -28.00 -71.14 19.52 0
36223 -6.89 -88.85 20.52 0
36224 -7.66 -88.08 20.69 0
36225 -8.35 -87.28 21.18 0
36226 -9.02 -86.58 21.51 0
36227 -9.68 -85.91 21.79 0
36228 -10.31 -85.27 22.02 0
36229 -10.92 -84.67 22.22 0
36230 -11.33 -84.25 22.38 0
36231 -14.20 -81.53 22.74 0
36232 -14.58 -81.07 22.94 0
36233 -15.28 -80.35 23.07 0
36234 -15.82 -79.80 23.15 0
36235 -20.75 -73.14 24.85 0
36236 -20.46 -73.78 24.57 0
36237 -26.44 -72.79 19.37 0
36238 -27.45 -72.30 18.96 0
36239 -27.72 -72.65 18.43 0
36249 -6.95 -89.05 19.87 0
36250 -7.28 -88.58 20.25 0
36251 -15.57 -80.32 22.66 0
36252 -16.12 -79.78 22.71 0
36253 -16.62 -79.28 22.76 0
36254 -20.18 -74.53 24.13 0
36255 -19.83 -75.39 23.61 0
36256 -26.00 -73.42 19.17 0
36257 -26.41 -73.52 18.71 0
36258 -27.24 -73.09 18.42 0
36266 -6.44 -89.77 19.32 0
36267 -16.39 -79.81 22.24 0
36268 -17.01 -79.16 22.38 0
36269 -17.88 -78.16 22.63 0
36270 -18.50 -77.38 22.88 0
36271 -19.16 -76.52 23.11 0
36272 -26.07 -74.43 18.11 0
36273 -26.85 -73.82 18.03 0
36279 -6.15 -90.34 18.66 0
36280 -17.43 -79.11 21.85 0
36281 -17.88 -78.57 22.03 0
36282 -18.56 -77.73 22.30 0
36283 -18.94 -77.14 22.59 0
36284 -25.21 -75.37 17.94 0
36285 -25.67 -75.20 17.67 0
36286 -26.45 -74.63 17.55 0
36290 -6.01 -90.79 18.00 0
36291 -24.88 -75.96 17.60 0
36292 -25.51 -75.78 17.19 0
36296 -5.90 -91.15 17.47 0
36297 -23.48 -77.60 17.14 0
36298 -24.04 -77.02 17.24 0
36301 -6.06 -91.21 17.03 0
36302 -15.16 -87.80 11.75 0
36303 -15.38 -87.53 11.90 0
36304 -21.79 -79.42 16.70 0
36305 -22.28 -78.90 16.83 0
36306 -23.02 -78.12 17.02 0
36311 -6.14 -91.40 16.47 0
36312 -13.39 -88.88 11.84 0
36313 -13.79 -88.63 11.83 0
36314 -14.69 -87.94 11.94 0
36315 -15.41 -87.09 12.40 0
36316 -15.76 -86.51 12.83 0
36317 -20.18 -81.08 16.19 0
36318 -20.65 -80.60 16.35 0
36319 -21.36 -79.88 16.56 0
36326 -6.18 -91.67 15.85 0
36327 -13.01 -89.09 11.91 0
36328 -14.77 -87.33 12.63 0
36329 -15.16 -86.75 13.02 0
36330 -15.76 -86.05 13.41 0
36331 -16.26 -85.48 13.75 0
36332 -16.65 -85.03 14.03 0
36333 -18.51 -82.71 15.62 0
36334 -19.06 -82.19 15.80 0
36335 -19.75 -81.51 16.03 0
36347 -6.19 -92.03 15.14 0
36348 -12.25 -89.53 11.99 0
36349 -15.80 -85.63 13.94 0
36350 -16.16 -85.18 14.25 0
36351 -16.78 -84.57 14.56 0
36352 -17.22 -83.96 15.05 0
36353 -17.70 -83.40 15.43 0
36354 -18.10 -82.92 15.73 0
36369 -6.40 -92.11 14.60 0
36370 -6.57 -92.19 14.18 0
36371 -11.25 -90.06 12.18 0
36378 -6.77 -92.27 13.75 0
36379 -9.68 -90.92 12.48 0
36380 -10.10 -90.75 12.32 0
36385 -7.01 -92.33 13.34 0
36386 -7.30 -92.34 12.98 0
36387 -7.74 -92.08 12.86 0
36388 -8.90 -91.50 12.46 0
36389 -9.28 -91.34 12.31 0
36390 -9.66 -91.21 12.12 0
36396 -7.48 -92.47 12.58 0
36397 -7.97 -92.17 12.48 0
36398 -8.61 -91.80 12.34 0
36399 -8.91 -91.71 12.16 0
37326 -29.98 -65.43 21.96 0
37350 -27.46 -66.05 23.49 0
37351 -28.05 -65.70 23.22 0
37352 -28.90 -65.02 22.93 0
37353 -29.95 -64.60 22.42 0
37363 -25.70 -66.88 24.55 0
37364 -26.50 -66.23 24.23 0
37365 -27.23 -65.69 23.90 0
37366 -27.91 -65.22 23.60 0
37367 -28.37 -65.03 23.33 0
37372 -21.55 -69.38 27.21 0
37373 -22.18 -69.59 26.29 0
37374 -23.56 -68.80 25.34 0
37375 -24.85 -68.39 24.34 0
37376 -25.38 -69.02 23.38 0
37377 -25.91 -69.30 22.67 0
37378 -26.16 -69.41 22.36 0
37379 -27.01 -69.75 21.36 0
37380 -27.36 -69.63 21.16 0
37388 -21.58 -71.12 25.73 0
37389 -22.43 -70.54 25.22 0
37390 -23.45 -70.16 24.41 0
37391 -24.30 -70.14 23.56 0
37392 -25.03 -70.23 22.79 0
37393 -25.87 -70.04 22.14 0
37394 -26.38 -70.31 21.48 0
37395 -27.04 -70.34 20.90 0
37396 -27.30 -70.55 20.53 0
37408 -11.99 -83.74 22.26 0
37409 -12.42 -83.27 22.46 0
37410 -13.06 -82.61 22.66 0
37411 -13.49 -82.13 22.82 0
37412 -21.34 -71.66 25.54 0
37413 -21.47 -71.92 25.14 0
37414 -22.34 -71.64 24.37 0
37415 -23.20 -71.42 23.62 0
37416 -23.84 -71.61 22.80 0
37417 -24.83 -71.24 22.14 0
37418 -25.50 -71.21 21.55 0
37419 -25.92 -71.62 20.82 0
37420 -26.89 -71.16 20.37 0
37431 -7.96 -87.94 20.34 0
37432 -8.31 -87.52 20.61 0
37433 -8.90 -86.90 20.93 0
37434 -9.54 -86.24 21.22 0
37435 -10.17 -85.59 21.49 0
37436 -10.78 -84.98 21.73 0
37437 -11.51 -84.30 21.90 0
37438 -12.22 -83.66 21.99 0
37439 -12.88 -83.02 22.15 0
37440 -13.76 -82.15 22.33 0
37441 -14.52 -81.35 22.54 0
37442 -14.89 -80.89 22.74 0
37443 -21.06 -72.70 24.91 0
37444 -21.24 -73.02 24.36 0
37445 -22.23 -72.80 23.43 0
37446 -23.02 -72.19 23.14 0
37447 -25.35 -72.92 20.21 0
37448 -26.19 -72.29 20.02 0
37455 -7.27 -88.83 19.66 0
37456 -7.64 -88.39 19.92 0
37457 -8.23 -87.77 20.14 0
37458 -8.79 -87.20 20.39 0
37459 -9.40 -86.57 20.66 0
37460 -10.04 -85.91 20.95 0
37461 -10.68 -85.26 21.25 0
37462 -11.10 -84.81 21.51 0
37463 -14.06 -82.12 21.87 0
37464 -14.51 -81.65 22.01 0
37465 -15.18 -80.83 22.40 0
37466 -15.69 -80.34 22.44 0
37467 -20.70 -73.91 24.13 0
37468 -20.91 -74.30 23.44 0
37469 -25.13 -73.43 19.94 0
37470 -25.47 -73.50 19.58 0
37471 -25.71 -73.87 19.01 0
37479 -7.07 -89.14 19.36 0
37480 -7.42 -88.75 19.51 0
37481 -14.66 -81.74 21.62 0
37482 -15.08 -81.29 21.74 0
37483 -15.89 -80.45 21.96 0
37484 -16.55 -79.86 21.92 0
37485 -20.10 -75.68 22.89 0
37486 -25.11 -74.45 18.98 0
37487 -25.59 -74.43 18.55 0
37494 -6.77 -89.65 18.86 0
37495 -7.08 -89.50 18.54 0
37496 -16.42 -80.24 21.53 0
37497 -17.06 -79.68 21.50 0
37498 -17.78 -79.04 21.48 0
37499 -18.59 -78.24 21.55 0
37500 -19.55 -76.92 22.09 0
37501 -24.81 -75.35 18.33 0
37502 -25.47 -74.95 18.13 0
37507 -6.60 -90.08 18.28 0
37508 -7.10 -89.72 18.03 0
37509 -17.56 -79.55 21.03 0
37510 -18.16 -79.09 20.94 0
37511 -18.82 -78.56 20.84 0
37512 -23.49 -76.83 18.02 0
37513 -23.91 -76.50 17.97 0
37518 -6.49 -90.52 17.59 0
37519 -7.13 -90.00 17.38 0
37520 -22.80 -77.63 17.81 0
37521 -23.25 -77.32 17.71 0
37522 -23.73 -76.95 17.64 0
37527 -6.61 -90.72 16.92 0
37528 -7.18 -90.25 16.74 0
37529 -21.15 -79.47 17.28 0
37530 -21.58 -79.21 17.16 0
37531 -22.53 -78.08 17.55 0
37532 -22.93 -77.84 17.43 0
37539 -6.68 -90.96 16.29 0
37540 -7.21 -90.53 16.13 0
37541 -13.38 -88.71 12.06 0
37542 -13.77 -88.27 12.29 0
37543 -14.23 -87.72 12.59 0
37544 -19.48 -81.18 16.74 0
37545 -19.93 -80.92 16.64 0
37546 -20.87 -79.88 17.04 0
37547 -21.27 -79.66 16.92 0
37553 -6.77 -91.21 15.62 0
37554 -7.25 -90.71 15.67 0
37555 -12.95 -88.70 12.45 0
37556 -13.59 -87.91 12.89 0
37557 -14.35 -87.16 13.18 0
37558 -14.94 -86.40 13.66 0
37559 -15.39 -85.92 13.90 0
37560 -17.98 -82.67 16.21 0
37561 -18.35 -82.46 16.12 0
37562 -19.24 -81.55 16.49 0
37563 -19.64 -81.33 16.39 0
37571 -6.74 -91.57 14.98 0
37572 -11.93 -89.15 12.75 0
37573 -15.01 -86.01 14.12 0
37574 -15.47 -85.52 14.39 0
37575 -16.06 -84.85 14.83 0
37576 -16.63 -84.23 15.22 0
37577 -17.17 -83.63 15.59 0
37578 -17.75 -82.97 15.99 0
37579 -18.07 -82.79 15.95 0
37592 -6.83 -91.73 14.54 0
37593 -7.04 -91.75 14.20 0
37594 -10.19 -90.01 13.21 0
37595 -10.85 -89.76 12.94 0
37605 -7.42 -91.68 13.80 0
37606 -7.75 -91.49 13.69 0
37607 -9.19 -90.83 13.08 0
37608 -9.69 -90.69 12.80 0
37609 -10.20 -90.30 12.82 0
37616 -7.36 -92.03 13.36 0
37617 -7.73 -91.75 13.34 0
37618 -8.24 -91.65 12.93 0
37619 -8.83 -91.36 12.73 0
37620 -9.24 -91.06 12.73 0
37625 -8.33 -91.82 12.60 0
37626 -8.50 -91.66 12.65 0
38601 -29.14 -64.11 23.23 0
38602 -29.65 -63.85 23.00 0
38620 -25.65 -66.21 25.01 0
38621 -26.20 -65.77 24.76 0
38622 -26.96 -65.19 24.42 0
38623 -27.74 -64.64 24.05 0
38624 -28.61 -64.22 23.57 0
38625 -29.40 -63.39 23.40 0
38633 -22.37 -68.22 27.09 0
38634 -23.56 -67.27 26.41 0
38635 -24.88 -66.81 25.36 0
38636 -25.79 -65.36 25.36 0
38637 -26.63 -64.73 24.95 0
38638 -27.45 -64.08 24.58 0
38639 -28.31 -63.48 24.18 0
38640 -29.17 -62.91 23.79 0
38649 -24.14 -66.01 26.60 0
38650 -24.67 -65.90 26.13 0
38651 -25.24 -65.66 25.71 0
38662 -23.48 -72.50 22.38 0
38663 -24.01 -72.28 22.04 0
38664 -24.72 -72.09 21.53 0
38665 -25.23 -71.93 21.18 0
38670 -11.62 -84.36 21.53 0
38671 -11.94 -84.09 21.55 0
38672 -12.60 -83.50 21.63 0
38673 -13.20 -82.92 21.79 0
38674 -22.33 -73.16 22.98 0
38675 -22.81 -72.91 22.70 0
38676 -23.26 -73.17 21.98 0
38677 -23.93 -73.07 21.40 0
38678 -24.79 -72.79 20.84 0
38683 -7.83 -88.32 19.66 0
38684 -8.08 -88.07 19.72 0
38685 -8.64 -87.53 19.88 0
38686 -9.25 -86.92 20.11 0
38687 -9.90 -86.27 20.37 0
38688 -10.59 -85.57 20.68 0
38689 -11.41 -84.70 21.14 0
38690 -12.29 -84.01 21.06 0
38691 -13.04 -83.31 21.25 0
38692 -13.70 -82.60 21.56 0
38693 -14.29 -82.10 21.55 0
38694 -21.95 -73.76 22.80 0
38695 -22.34 -74.10 22.02 0
38696 -23.01 -74.12 21.31 0
38697 -23.78 -73.98 20.69 0
38698 -24.59 -73.87 20.02 0
38699 -24.72 -74.39 19.40 0
38704 -7.38 -88.87 19.30 0
38705 -7.77 -88.52 19.33 0
38706 -8.42 -87.92 19.39 0
38707 -9.06 -87.31 19.54 0
38708 -9.72 -86.66 19.78 0
38709 -10.39 -85.99 20.05 0
38710 -11.11 -85.29 20.32 0
38711 -11.84 -84.62 20.49 0
38712 -12.42 -84.14 20.54 0
38713 -13.52 -83.01 21.05 0
38714 -14.04 -82.56 21.07 0
38715 -14.77 -81.90 21.14 0
38716 -15.49 -81.19 21.28 0
38717 -16.04 -80.71 21.30 0
38718 -21.05 -75.29 22.19 0
38719 -21.93 -75.38 21.13 0
38720 -22.85 -75.01 20.59 0
38721 -23.51 -74.98 19.97 0
38722 -24.06 -74.96 19.46 0
38723 -24.38 -75.16 18.95 0
38729 -7.28 -89.11 18.99 0
38730 -7.64 -88.98 18.56 0
38731 -15.30 -81.65 20.78 0
38732 -15.87 -81.18 20.75 0
38733 -16.53 -80.49 20.96 0
38734 -17.13 -80.04 20.85 0
38735 -19.40 -77.82 21.13 0
38736 -20.55 -76.91 20.91 0
38737 -21.55 -76.38 20.45 0
38738 -23.49 -75.53 19.42 0
38739 -23.67 -75.82 18.95 0
38740 -23.97 -75.98 18.48 0
38748 -7.70 -89.25 17.83 0
38749 -16.29 -81.02 20.43 0
38750 -16.85 -80.60 20.37 0
38751 -17.66 -79.91 20.39 0
38752 -18.49 -79.23 20.34 0
38753 -19.46 -78.45 20.24 0
38754 -20.37 -77.85 20.01 0
38755 -22.91 -76.98 18.43 0
38756 -23.32 -76.67 18.37 0
38757 -23.73 -76.38 18.28 0
38763 -7.72 -89.54 17.18 0
38764 -18.12 -79.86 19.91 0
38765 -18.71 -79.51 19.72 0
38766 -19.34 -79.16 19.48 0
38767 -22.15 -77.85 18.21 0
38768 -22.62 -77.48 18.16 0
38769 -23.06 -77.16 18.08 0
38776 -7.77 -89.79 16.52 0
38777 -20.50 -79.49 17.90 0
38778 -21.00 -79.30 17.63 0
38779 -21.93 -78.28 17.92 0
38780 -22.36 -77.95 17.88 0
38787 -7.62 -90.23 15.93 0
38788 -18.57 -81.41 17.34 0
38789 -19.28 -81.06 17.10 0
38790 -20.23 -80.04 17.46 0
38791 -20.70 -79.74 17.38 0
38798 -7.15 -91.03 15.25 0
38799 -7.54 -90.55 15.45 0
38800 -12.72 -88.24 13.24 0
38801 -13.54 -87.39 13.60 0
38802 -14.28 -86.66 13.90 0
38803 -14.69 -86.26 14.06 0
38804 -16.62 -83.51 16.31 0
38805 -17.17 -83.01 16.50 0
38806 -17.83 -82.55 16.51 0
38807 -18.61 -81.78 16.79 0
38808 -19.04 -81.47 16.79 0
38816 -7.14 -91.30 14.78 0
38817 -7.49 -90.86 15.00 0
38818 -10.73 -88.98 14.10 0
38819 -11.60 -88.66 13.71 0
38820 -12.71 -87.63 14.05 0
38821 -13.61 -86.79 14.34 0
38822 -14.57 -85.98 14.57 0
38823 -15.33 -85.13 15.10 0
38824 -15.99 -84.46 15.47 0
38825 -16.59 -83.87 15.79 0
38826 -17.13 -83.33 16.08 0
38827 -17.47 -82.97 16.27 0
38835 -7.14 -91.48 14.49 0
38836 -7.56 -91.14 14.45 0
38837 -7.97 -90.80 14.42 0
38838 -9.52 -89.96 13.94 0
38839 -10.13 -89.64 13.77 0
38840 -10.70 -89.41 13.55 0
38849 -7.65 -91.31 14.08 0
38850 -7.98 -91.09 13.99 0
38851 -8.59 -90.79 13.75 0
38852 -9.10 -90.54 13.57 0
38853 -9.63 -90.28 13.40 0
38860 -7.91 -91.41 13.63 0
38861 -8.18 -91.30 13.49 0
38862 -8.68 -91.08 13.26 0
39936 -22.95 -67.04 27.23 0
39937 -25.89 -64.77 25.60 0
39938 -26.27 -64.38 25.45 0
39939 -27.08 -63.62 25.12 0
39940 -27.97 -62.88 24.73 0
39941 -28.92 -62.19 24.30 0
39952 -23.71 -65.77 27.17 0
39953 -24.61 -65.07 26.65 0
39954 -25.61 -64.55 25.97 0
39955 -26.63 -63.29 25.67 0
39956 -27.57 -62.37 25.30 0
39957 -28.51 -61.57 24.89 0
39973 -25.19 -63.63 26.82 0
39974 -26.17 -62.90 26.27 0
39975 -27.11 -61.97 25.87 0
39976 -28.11 -60.97 25.46 0
39994 -12.77 -83.74 20.81 0
39995 -13.18 -83.41 20.80 0
39999 -8.20 -88.32 18.90 0
40000 -8.81 -87.78 18.94 0
40001 -9.52 -87.09 19.16 0
40002 -10.20 -86.40 19.45 0
40003 -10.87 -85.74 19.70 0
40004 -11.57 -85.11 19.86 0
40005 -12.27 -84.50 19.97 0
40006 -12.93 -83.82 20.35 0
40007 -13.63 -83.16 20.54 0
40008 -14.33 -82.59 20.52 0
40009 -14.91 -82.13 20.50 0
40010 -22.20 -75.82 20.39 0
40011 -22.71 -75.75 19.96 0
40012 -23.10 -75.75 19.58 0
40017 -8.38 -88.44 18.28 0
40018 -9.31 -87.60 18.37 0
40019 -10.04 -86.79 18.83 0
40020 -10.68 -86.14 19.14 0
40021 -11.27 -85.55 19.38 0
40022 -11.64 -85.21 19.51 0
40023 -12.82 -84.14 19.83 0
40024 -13.38 -83.65 19.95 0
40025 -13.99 -83.13 20.01 0
40026 -14.66 -82.67 19.86 0
40027 -15.46 -81.85 20.19 0
40028 -15.97 -81.38 20.29 0
40029 -21.12 -77.21 19.97 0
40030 -21.99 -76.58 19.79 0
40031 -22.66 -76.35 19.38 0
40032 -23.17 -76.14 19.10 0
40033 -23.32 -76.27 18.81 0
40039 -8.23 -88.88 17.58 0
40040 -8.77 -88.32 17.76 0
40041 -14.77 -82.83 19.40 0
40042 -15.26 -82.48 19.36 0
40043 -16.23 -81.47 19.78 0
40044 -17.23 -80.68 19.78 0
40045 -17.74 -80.22 19.84 0
40046 -19.99 -78.62 19.48 0
40047 -20.74 -78.05 19.39 0
40048 -21.50 -77.49 19.26 0
40049 -22.20 -77.05 19.06 0
40050 -22.80 -76.80 18.75 0
40051 -23.15 -76.47 18.77 0
40059 -8.31 -89.06 17.02 0
40060 -8.54 -88.68 17.39 0
40061 -15.36 -82.68 18.89 0
40062 -15.88 -82.36 18.79 0
40063 -16.91 -81.44 19.02 0
40064 -17.95 -80.45 19.27 0
40065 -18.89 -79.88 19.04 0
40066 -19.64 -79.37 18.91 0
40067 -20.37 -78.82 18.84 0
40068 -21.09 -78.28 18.76 0
40069 -21.90 -77.78 18.53 0
40070 -22.38 -77.28 18.63 0
40079 -8.32 -89.27 16.55 0
40080 -8.52 -89.12 16.46 0
40081 -15.94 -82.65 18.26 0
40082 -16.56 -82.29 18.13 0
40083 -17.56 -81.38 18.39 0
40084 -18.44 -80.67 18.45 0
40085 -19.23 -80.11 18.37 0
40086 -20.03 -79.60 18.22 0
40087 -20.72 -79.01 18.26 0
40088 -21.33 -78.53 18.22 0
40094 -8.06 -89.71 16.13 0
40095 -8.42 -89.32 16.24 0
40096 -16.15 -83.26 17.13 0
40097 -16.71 -82.70 17.39 0
40098 -17.37 -82.05 17.65 0
40099 -18.13 -81.38 17.81 0
40100 -18.87 -80.83 17.81 0
40101 -19.53 -80.33 17.79 0
40107 -7.93 -90.08 15.66 0
40108 -8.33 -89.61 15.87 0
40109 -14.78 -84.74 16.23 0
40110 -15.49 -84.16 16.41 0
40111 -16.11 -83.64 16.61 0
40112 -16.67 -83.12 16.83 0
40113 -17.29 -82.57 17.01 0
40114 -17.97 -81.96 17.19 0
40120 -7.84 -90.42 15.20 0
40121 -8.26 -89.95 15.41 0
40122 -10.71 -88.59 14.66 0
40123 -11.25 -88.35 14.46 0
40124 -11.98 -87.74 14.60 0
40125 -12.87 -86.96 14.83 0
40126 -13.73 -86.17 15.11 0
40127 -14.54 -85.35 15.54 0
40128 -15.36 -84.65 15.80 0
40129 -16.02 -84.05 16.07 0
40135 -7.74 -90.71 14.87 0
40136 -8.12 -90.42 14.83 0
40137 -8.68 -90.07 14.69 0
40138 -9.25 -89.80 14.45 0
40139 -10.04 -89.22 14.45 0
40146 -8.27 -90.56 14.43 0
40147 -8.62 -90.44 14.21 0
40148 -9.01 -90.31 13.98 0
41303 -11.98 -84.90 19.60 0
41304 -12.22 -84.68 19.67 0
41309 -9.64 -87.47 18.02 0
41310 -9.99 -87.07 18.26 0
41311 -10.56 -86.47 18.58 0
41312 -11.15 -85.88 18.86 0
41313 -11.76 -85.27 19.17 0
41314 -12.40 -84.65 19.43 0
41315 -13.12 -84.10 19.42 0
41316 -13.75 -83.56 19.52 0
41317 -14.19 -83.15 19.65 0
41322 -9.33 -87.86 17.72 0
41323 -9.94 -87.37 17.70 0
41324 -10.49 -86.78 18.04 0
41325 -11.04 -86.22 18.32 0
41326 -11.63 -85.64 18.58 0
41327 -12.23 -85.07 18.81 0
41328 -12.83 -84.55 18.94 0
41329 -13.50 -84.09 18.85 0
41330 -14.34 -83.27 19.21 0
41331 -14.82 -82.91 19.18 0
41343 -8.58 -88.85 16.92 0
41344 -8.86 -88.49 17.20 0
41345 -9.49 -87.94 17.26 0
41346 -13.61 -84.22 18.44 0
41347 -14.07 -83.89 18.42 0
41348 -14.91 -83.09 18.76 0
41349 -15.38 -82.80 18.66 0
41362 -8.47 -89.01 16.79 0
41363 -8.69 -88.87 16.69 0
41364 -9.19 -88.40 16.83 0
41365 -14.22 -84.09 17.87 0
41366 -14.66 -83.63 18.15 0
41367 -15.37 -83.10 18.19 0
41368 -15.93 -82.87 17.93 0
41383 -8.66 -89.06 16.37 0
41384 -9.01 -88.78 16.37 0
41385 -14.02 -84.50 17.42 0
41386 -14.70 -83.98 17.52 0
41387 -15.58 -83.43 17.45 0
41388 -16.19 -82.91 17.60 0
41402 -8.68 -89.20 16.08 0
41403 -9.00 -89.01 15.97 0
41404 -11.40 -87.46 15.60 0
41405 -11.72 -87.16 15.71 0
41406 -12.44 -86.51 15.94 0
41407 -13.20 -85.80 16.22 0
41408 -14.02 -84.95 16.70 0
41409 -15.04 -84.16 16.87 0
41410 -15.67 -83.73 16.89 0
41419 -8.69 -89.43 15.68 0
41420 -9.20 -89.10 15.58 0
41421 -9.72 -88.87 15.31 0
41422 -10.30 -88.61 15.06 0
41423 -11.26 -87.81 15.24 0
41424 -12.21 -87.09 15.31 0
41425 -13.03 -86.35 15.54 0
41426 -13.79 -85.63 15.87 0
41427 -14.28 -85.16 16.08 0
41435 -8.68 -89.73 15.20 0
41436 -9.21 -89.45 15.01 0
41437 -9.75 -89.16 14.84 0
41438 -10.02 -88.99 14.78 0
42567 -10.17 -87.31 17.45 0
42568 -10.45 -87.02 17.59 0
42569 -10.95 -86.55 17.78 0
42570 -11.51 -86.01 18.01 0
42571 -12.09 -85.45 18.26 0
42572 -12.67 -84.91 18.48 0
42573 -13.06 -84.53 18.63 0
42586 -9.95 -87.58 17.24 0
42587 -10.35 -87.28 17.24 0
42588 -10.85 -86.88 17.29 0
42589 -11.37 -86.41 17.43 0
42590 -11.96 -85.83 17.71 0
42591 -12.57 -85.25 17.95 0
42592 -13.22 -84.61 18.26 0
42593 -13.65 -84.30 18.24 0
42608 -9.67 -87.99 16.88 0
42609 -10.12 -87.64 16.89 0
42610 -10.56 -87.28 16.93 0
42611 -11.50 -86.46 17.16 0
42612 -11.83 -86.20 17.19 0
42613 -12.41 -85.66 17.40 0
42614 -13.04 -85.09 17.62 0
42615 -13.67 -84.49 17.86 0
42629 -9.43 -88.36 16.54 0
42630 -9.84 -88.06 16.51 0
42631 -10.37 -87.66 16.51 0
42632 -11.77 -86.46 16.80 0
42633 -12.22 -86.09 16.88 0
42634 -12.85 -85.54 17.06 0
42635 -13.50 -85.01 17.18 0
42650 -9.46 -88.58 16.12 0
42651 -10.03 -88.16 16.10 0
42652 -10.61 -87.75 16.07 0
42653 -11.23 -87.42 15.86 0
42654 -11.85 -86.68 16.33 0
42655 -12.64 -86.00 16.53 0
42656 -13.30 -85.40 16.76 0
42657 -13.60 -85.11 16.88 0
42669 -9.71 -88.60 15.75 0
42670 -10.18 -88.32 15.64 0
42671 -10.77 -87.94 15.57 0
42672 -11.08 -87.72 15.55 0
43861 -11.04 -86.81 17.13 0
43862 -11.13 -86.70 17.22 0
43877 -10.92 -86.99 16.97 0
43878 -11.25 -86.71 17.04 0
43879 -11.55 -86.52 16.97 0
43892 -10.77 -87.28 16.66 0
43893 -11.08 -87.00 16.74 0
43894 -11.41 -86.81 16.65 0
43905 -10.69 -87.48 16.41 0
43906 -11.02 -87.25 16.39 0
43907 -11.37 -87.04 16.31 0
