# Label from mne_analyze
1222
44569 -4.76 -57.39 -73.45 0
44585 -5.42 -57.36 -73.60 0
44593 -5.96 -57.88 -73.81 0
45928 -4.86 -56.00 -73.21 0
45929 -4.30 -56.38 -73.13 0
45942 -5.37 -56.21 -73.38 0
45952 -5.96 -56.48 -73.57 0
45962 -6.62 -56.79 -73.76 0
47169 -4.60 -55.14 -72.97 0
47170 -3.97 -55.44 -72.85 0
47177 -5.28 -54.85 -73.10 0
47188 -5.90 -55.19 -73.32 0
47200 -6.50 -55.44 -73.50 0
47201 -7.15 -55.62 -73.66 0
47202 -7.86 -55.66 -73.80 0
48339 -4.89 -53.90 -72.82 0
48340 -4.27 -54.24 -72.71 0
48341 -3.68 -54.56 -72.59 0
48347 -5.42 -53.60 -72.90 0
48358 -5.87 -53.92 -73.08 0
48371 -6.41 -54.20 -73.25 0
48372 -6.98 -54.36 -73.41 0
48373 -7.59 -54.40 -73.54 0
48374 -8.23 -54.28 -73.64 0
49462 -2.41 -53.62 -71.99 0
49474 -3.49 -52.88 -72.21 0
49475 -3.01 -53.69 -72.21 0
49480 -4.54 -52.95 -72.53 0
49481 -3.92 -53.44 -72.45 0
49482 -3.44 -53.86 -72.38 0
49489 -5.21 -52.63 -72.66 0
49502 -5.85 -52.67 -72.83 0
49503 -8.49 -53.02 -73.49 0
49504 -9.04 -52.70 -73.55 0
49517 -6.37 -53.02 -73.03 0
49518 -6.83 -53.23 -73.17 0
49519 -7.36 -53.26 -73.30 0
49520 -7.93 -53.25 -73.42 0
50785 -1.20 -53.07 -71.43 0
50796 -2.40 -52.23 -71.71 0
50797 -1.83 -53.20 -71.69 0
50808 -4.16 -50.69 -71.98 0
50809 -3.53 -51.61 -71.97 0
50810 -2.97 -52.54 -71.97 0
50815 -4.85 -51.34 -72.31 0
50816 -4.08 -52.15 -72.24 0
50824 -5.70 -51.29 -72.53 0
50825 -9.80 -51.03 -73.48 0
50839 -6.53 -51.59 -72.80 0
50840 -7.01 -51.29 -72.87 0
50841 -8.09 -51.29 -73.14 0
50842 -8.68 -51.69 -73.33 0
50843 -9.25 -51.67 -73.45 0
50854 -6.71 -52.48 -73.01 0
50855 -7.11 -52.06 -73.03 0
50856 -7.70 -52.23 -73.20 0
50857 -8.18 -52.29 -73.32 0
52180 -1.03 -51.82 -71.12 0
52191 -2.42 -51.05 -71.49 0
52192 -1.80 -51.73 -71.40 0
52204 -4.75 -48.67 -71.77 0
52205 -4.20 -49.13 -71.70 0
52206 -3.54 -50.17 -71.69 0
52207 -2.94 -51.21 -71.70 0
52213 -5.23 -48.76 -71.92 0
52214 -4.77 -49.75 -71.98 0
52224 -5.80 -48.71 -72.08 0
52225 -5.44 -49.91 -72.20 0
52226 -9.01 -49.22 -73.08 0
52227 -9.63 -49.53 -73.27 0
52228 -10.28 -49.80 -73.45 0
52241 -6.17 -48.52 -72.16 0
52242 -6.30 -49.60 -72.39 0
52243 -7.16 -50.28 -72.74 0
52244 -7.90 -50.10 -72.91 0
52245 -8.53 -50.27 -73.10 0
52246 -9.15 -50.57 -73.28 0
52254 -7.21 -51.21 -72.90 0
52255 -7.53 -51.20 -72.99 0
53507 -0.78 -50.64 -70.79 0
53520 -2.15 -50.42 -71.27 0
53521 -1.55 -50.32 -71.03 0
53529 -4.51 -47.92 -71.57 0
53530 -4.07 -48.04 -71.46 0
53531 -3.58 -48.69 -71.43 0
53532 -2.81 -49.65 -71.35 0
53542 -5.02 -47.77 -71.69 0
53556 -5.56 -47.74 -71.84 0
53557 -8.90 -48.03 -72.91 0
53558 -9.45 -48.18 -73.07 0
53559 -10.09 -48.39 -73.25 0
53560 -10.76 -48.66 -73.43 0
53570 -6.06 -47.75 -71.99 0
53571 -6.51 -48.02 -72.18 0
53572 -7.08 -48.48 -72.43 0
53573 -7.72 -48.79 -72.67 0
53574 -8.37 -48.77 -72.85 0
53575 -11.44 -49.04 -73.59 0
54800 -0.53 -49.50 -70.47 0
54811 -1.20 -49.30 -70.70 0
54821 -2.16 -49.32 -71.07 0
54822 -1.73 -49.02 -70.85 0
54827 -4.27 -47.13 -71.36 0
54828 -3.78 -47.30 -71.24 0
54829 -3.11 -47.87 -71.12 0
54830 -2.57 -48.47 -71.05 0
54843 -4.74 -46.81 -71.44 0
54853 -5.33 -46.74 -71.60 0
54854 -8.13 -46.43 -72.47 0
54855 -8.47 -47.07 -72.66 0
54856 -9.21 -46.93 -72.86 0
54857 -9.87 -47.00 -73.05 0
54858 -10.55 -47.19 -73.23 0
54865 -5.89 -46.71 -71.77 0
54866 -6.43 -46.79 -71.96 0
54867 -7.00 -47.01 -72.18 0
54868 -7.73 -47.17 -72.44 0
54869 -8.08 -47.95 -72.66 0
54870 -11.24 -47.50 -73.42 0
54876 -11.96 -47.90 -73.59 0
56047 -0.30 -48.33 -70.13 0
56055 -1.00 -48.17 -70.40 0
56066 -3.78 -45.08 -70.86 0
56067 -3.61 -45.58 -70.88 0
56068 -2.13 -48.04 -70.81 0
56069 -1.59 -48.12 -70.63 0
56080 -4.61 -44.44 -71.04 0
56081 -4.23 -45.59 -71.09 0
56082 -3.41 -46.50 -70.97 0
56083 -2.96 -47.01 -70.91 0
56084 -2.64 -47.46 -70.88 0
56096 -4.96 -44.59 -71.17 0
56097 -5.08 -45.70 -71.36 0
56104 -5.51 -44.75 -71.35 0
56105 -5.67 -45.72 -71.54 0
56106 -8.39 -45.69 -72.46 0
56107 -8.96 -45.66 -72.64 0
56108 -9.63 -45.66 -72.83 0
56109 -10.31 -45.70 -73.02 0
56110 -11.01 -45.91 -73.22 0
56119 -5.92 -44.87 -71.49 0
56120 -6.25 -45.54 -71.70 0
56121 -6.84 -45.75 -71.93 0
56122 -7.41 -45.87 -72.15 0
56123 -7.93 -45.80 -72.32 0
56124 -11.74 -46.29 -73.42 0
56131 -12.53 -46.67 -73.59 0
57266 -0.07 -47.10 -69.78 0
57274 -0.80 -46.97 -70.08 0
57283 -1.93 -46.08 -70.38 0
57284 -1.57 -46.82 -70.37 0
57293 -3.89 -44.21 -70.77 0
57294 -3.39 -44.94 -70.71 0
57295 -2.89 -45.57 -70.64 0
57296 -2.33 -46.51 -70.60 0
57297 -1.91 -47.37 -70.60 0
57306 -4.85 -43.46 -70.98 0
57307 -4.39 -44.15 -70.93 0
57308 -3.25 -45.79 -70.79 0
57309 -2.93 -46.37 -70.78 0
57310 -2.71 -46.84 -70.79 0
57318 -5.45 -43.64 -71.18 0
57319 -9.76 -43.12 -72.59 0
57320 -10.36 -43.18 -72.78 0
57321 -10.69 -43.19 -72.87 0
57329 -5.91 -44.01 -71.37 0
57330 -8.66 -44.33 -72.38 0
57331 -9.36 -44.35 -72.61 0
57332 -10.03 -44.35 -72.80 0
57333 -10.76 -44.13 -72.99 0
57334 -11.50 -44.68 -73.23 0
57343 -6.25 -44.37 -71.53 0
57344 -6.68 -44.59 -71.71 0
57345 -7.21 -44.71 -71.92 0
57346 -7.73 -44.80 -72.12 0
57347 -8.17 -44.89 -72.28 0
57348 -12.18 -45.13 -73.42 0
57356 -12.74 -45.34 -73.55 0
57365 -13.26 -46.11 -73.68 0
58462 0.10 -45.81 -69.44 0
58469 -0.57 -45.79 -69.75 0
58475 -1.25 -45.59 -70.02 0
58481 -2.46 -44.29 -70.28 0
58482 -2.09 -45.25 -70.30 0
58483 -1.71 -45.74 -70.23 0
58489 -4.20 -41.78 -70.55 0
58490 -3.77 -42.87 -70.55 0
58491 -3.34 -43.80 -70.53 0
58492 -2.91 -44.56 -70.49 0
58493 -2.54 -45.24 -70.46 0
58501 -4.79 -42.02 -70.77 0
58502 -4.32 -43.08 -70.76 0
58509 -5.39 -42.33 -71.00 0
58510 -9.54 -41.84 -72.38 0
58511 -10.15 -42.00 -72.59 0
58512 -10.76 -42.32 -72.81 0
58513 -11.15 -42.03 -72.90 0
58521 -6.07 -42.76 -71.26 0
58522 -6.77 -42.49 -71.46 0
58523 -7.36 -42.52 -71.68 0
58524 -7.94 -42.65 -71.91 0
58525 -8.52 -42.86 -72.15 0
58526 -9.13 -43.03 -72.38 0
58527 -10.88 -43.15 -72.92 0
58528 -11.31 -42.98 -73.03 0
58537 -6.19 -43.68 -71.41 0
58538 -6.50 -43.58 -71.51 0
58539 -7.02 -43.59 -71.69 0
58540 -7.56 -43.69 -71.91 0
58541 -8.10 -43.86 -72.13 0
58542 -12.00 -43.66 -73.27 0
58549 -12.60 -44.16 -73.45 0
58560 -13.13 -44.65 -73.59 0
58561 -13.61 -45.11 -73.68 0
59632 0.74 -44.15 -68.79 0
59633 0.15 -44.49 -69.16 0
59644 -0.40 -44.68 -69.46 0
59650 -0.96 -44.60 -69.71 0
59657 -1.66 -43.65 -69.87 0
59658 -1.47 -44.27 -69.89 0
59667 -2.41 -43.22 -70.10 0
59668 -1.95 -43.93 -70.03 0
59669 -1.69 -44.96 -70.09 0
59679 -4.03 -40.49 -70.32 0
59680 -3.61 -41.66 -70.33 0
59681 -3.23 -42.69 -70.33 0
59682 -2.85 -43.53 -70.32 0
59694 -4.69 -40.60 -70.55 0
59703 -5.29 -40.92 -70.79 0
59704 -8.72 -40.49 -71.92 0
59705 -9.31 -40.56 -72.15 0
59706 -9.93 -40.69 -72.38 0
59707 -10.53 -40.92 -72.60 0
59708 -11.05 -41.20 -72.79 0
59716 -5.84 -41.19 -70.99 0
59717 -6.49 -41.23 -71.21 0
59718 -7.14 -41.30 -71.44 0
59719 -7.75 -41.43 -71.68 0
59720 -8.33 -41.59 -71.92 0
59721 -8.93 -41.72 -72.15 0
59722 -11.48 -41.63 -72.96 0
59729 -11.95 -42.25 -73.15 0
59739 -12.50 -42.82 -73.34 0
59751 -13.03 -43.36 -73.51 0
59752 -13.55 -43.89 -73.63 0
59761 -14.05 -44.48 -73.71 0
60769 1.27 -42.09 -68.10 0
60770 0.66 -42.56 -68.52 0
60783 0.04 -42.99 -68.93 0
60784 -0.32 -43.71 -69.25 0
60794 -0.60 -42.72 -69.22 0
60795 -0.78 -43.67 -69.47 0
60801 -1.14 -42.71 -69.48 0
60802 -1.26 -43.61 -69.68 0
60809 -1.92 -41.99 -69.72 0
60810 -1.71 -42.82 -69.76 0
60811 -1.52 -43.58 -69.80 0
60818 -3.51 -37.75 -69.74 0
60819 -3.41 -38.41 -69.80 0
60820 -3.17 -39.46 -69.85 0
60821 -2.81 -40.62 -69.88 0
60822 -2.33 -41.97 -69.89 0
60823 -2.10 -42.98 -69.94 0
60829 -3.77 -37.88 -69.87 0
60830 -3.79 -39.14 -70.05 0
60831 -3.40 -40.51 -70.09 0
60832 -3.03 -41.67 -70.12 0
60833 -2.77 -42.61 -70.15 0
60840 -4.27 -38.02 -70.07 0
60841 -4.49 -39.25 -70.31 0
60842 -9.24 -38.39 -71.86 0
60843 -9.53 -38.52 -71.98 0
60844 -9.96 -38.65 -72.16 0
60852 -4.81 -38.11 -70.27 0
60853 -5.36 -39.16 -70.58 0
60854 -6.03 -38.62 -70.72 0
60855 -8.50 -39.54 -71.72 0
60856 -9.07 -39.19 -71.89 0
60857 -9.69 -39.49 -72.16 0
60858 -10.35 -39.38 -72.37 0
60859 -10.94 -39.94 -72.63 0
60867 -5.66 -40.24 -70.82 0
60868 -6.17 -39.70 -70.91 0
60869 -6.92 -39.95 -71.19 0
60870 -7.57 -40.18 -71.45 0
60871 -8.15 -40.40 -71.70 0
60872 -11.46 -40.42 -72.85 0
60877 -11.95 -40.95 -73.05 0
60887 -12.45 -41.50 -73.24 0
60897 -12.97 -42.05 -73.42 0
60898 -13.48 -42.60 -73.56 0
60905 -14.01 -43.18 -73.67 0
60906 -14.55 -43.84 -73.73 0
62015 1.60 -39.40 -67.39 0
62016 1.20 -40.62 -67.86 0
62024 0.75 -39.38 -67.88 0
62025 0.47 -40.72 -68.29 0
62026 0.11 -41.70 -68.67 0
62036 -0.20 -40.63 -68.64 0
62037 -0.42 -41.65 -68.94 0
62047 -1.08 -39.37 -68.90 0
62048 -0.85 -40.27 -68.93 0
62049 -0.99 -41.64 -69.23 0
62057 -1.39 -39.48 -69.07 0
62058 -1.43 -40.67 -69.29 0
62059 -1.48 -41.83 -69.50 0
62065 -3.54 -35.99 -69.50 0
62066 -3.19 -36.76 -69.47 0
62067 -2.85 -37.61 -69.46 0
62068 -2.50 -38.52 -69.44 0
62069 -2.00 -39.60 -69.39 0
62070 -1.89 -41.23 -69.59 0
62071 -1.75 -41.96 -69.64 0
62077 -3.94 -36.10 -69.67 0
62078 -3.61 -37.02 -69.68 0
62079 -3.25 -37.68 -69.63 0
62080 -2.97 -38.54 -69.64 0
62081 -2.63 -39.55 -69.65 0
62082 -2.33 -40.59 -69.68 0
62090 -4.35 -36.10 -69.83 0
62091 -4.10 -36.98 -69.86 0
62099 -4.60 -36.00 -69.91 0
62100 -4.68 -36.78 -70.04 0
62101 -8.85 -37.42 -71.59 0
62102 -9.33 -37.67 -71.81 0
62103 -9.84 -37.78 -72.01 0
62104 -10.38 -38.13 -72.24 0
62105 -10.70 -37.84 -72.33 0
62112 -5.28 -37.35 -70.32 0
62113 -5.87 -37.68 -70.55 0
62114 -6.43 -37.89 -70.76 0
62115 -6.75 -37.86 -70.86 0
62116 -7.98 -38.16 -71.34 0
62117 -8.53 -38.41 -71.59 0
62118 -9.01 -38.21 -71.75 0
62119 -10.52 -38.68 -72.36 0
62120 -10.83 -38.56 -72.45 0
62129 -6.34 -38.69 -70.83 0
62130 -6.75 -38.58 -70.95 0
62131 -7.42 -38.76 -71.21 0
62132 -8.02 -39.23 -71.50 0
62133 -11.40 -39.16 -72.71 0
62145 -11.92 -39.68 -72.93 0
62157 -12.42 -40.21 -73.14 0
62158 -17.70 -44.59 -73.73 0
62159 -16.92 -44.42 -73.75 0
62167 -12.93 -40.76 -73.33 0
62168 -13.43 -41.30 -73.49 0
62169 -16.32 -44.16 -73.77 0
62172 -13.95 -41.86 -73.62 0
62173 -14.48 -42.45 -73.71 0
62174 -15.06 -43.06 -73.76 0
62175 -15.70 -43.62 -73.78 0
63263 1.68 -36.90 -66.83 0
63282 -0.12 -36.28 -67.80 0
63283 0.51 -37.33 -67.62 0
63295 -1.60 -35.60 -68.54 0
63296 -1.21 -36.10 -68.40 0
63297 -0.52 -36.88 -68.14 0
63298 0.00 -38.87 -68.21 0
63299 -0.05 -39.93 -68.43 0
63304 -1.89 -35.72 -68.71 0
63305 -1.56 -36.45 -68.67 0
63306 -1.13 -37.30 -68.57 0
63307 -0.70 -38.38 -68.52 0
63308 -0.45 -39.54 -68.59 0
63315 -2.26 -35.70 -68.89 0
63316 -1.94 -36.57 -68.88 0
63317 -1.60 -37.46 -68.85 0
63318 -1.21 -38.52 -68.83 0
63319 -0.86 -39.21 -68.76 0
63327 -2.68 -35.65 -69.08 0
63328 -2.35 -36.59 -69.08 0
63329 -2.03 -37.49 -69.07 0
63330 -1.73 -38.48 -69.08 0
63336 -3.52 -35.20 -69.37 0
63337 -3.15 -35.65 -69.28 0
63338 -2.77 -36.63 -69.27 0
63339 -2.44 -37.53 -69.27 0
63340 -2.14 -38.32 -69.25 0
63347 -3.85 -35.23 -69.51 0
63354 -4.25 -35.30 -69.67 0
63361 -4.57 -35.45 -69.82 0
63362 -4.83 -35.68 -69.94 0
63363 -8.75 -36.53 -71.44 0
63364 -9.18 -36.64 -71.62 0
63365 -9.67 -36.77 -71.83 0
63366 -10.17 -36.98 -72.04 0
63367 -10.61 -37.19 -72.23 0
63373 -5.24 -36.01 -70.12 0
63374 -5.79 -36.38 -70.36 0
63375 -6.36 -36.70 -70.58 0
63376 -6.94 -37.14 -70.83 0
63377 -7.61 -37.33 -71.10 0
63378 -8.31 -37.13 -71.34 0
63379 -10.97 -37.47 -72.39 0
63380 -19.57 -43.14 -73.86 0
63385 -6.89 -37.87 -70.90 0
63386 -7.12 -37.93 -71.00 0
63387 -11.38 -37.93 -72.58 0
63388 -18.84 -43.00 -73.87 0
63396 -11.89 -38.43 -72.81 0
63397 -18.04 -42.99 -73.85 0
63402 -12.40 -38.94 -73.03 0
63403 -17.11 -42.89 -73.84 0
63404 -16.66 -43.52 -73.80 0
63408 -12.90 -39.48 -73.23 0
63409 -13.39 -40.03 -73.41 0
63410 -16.71 -42.06 -73.87 0
63411 -16.30 -42.62 -73.82 0
63415 -13.89 -40.56 -73.56 0
63416 -14.41 -41.11 -73.67 0
63417 -14.95 -41.66 -73.75 0
63418 -15.55 -42.16 -73.79 0
64529 0.71 -35.67 -67.17 0
64530 1.07 -34.64 -66.74 0
64531 1.29 -33.25 -66.31 0
64551 -0.47 -35.62 -67.88 0
64552 -0.02 -35.30 -67.54 0
64553 0.32 -34.18 -67.10 0
64554 0.53 -32.94 -66.70 0
64555 0.83 -32.05 -66.32 0
64566 -1.65 -35.11 -68.48 0
64567 -1.44 -35.16 -68.37 0
64568 -1.00 -35.20 -68.11 0
64569 -0.67 -34.46 -67.76 0
64570 -0.37 -33.56 -67.39 0
64571 -0.01 -32.99 -67.05 0
64573 -1.84 -35.05 -68.57 0
64574 -1.71 -34.63 -68.42 0
64575 -1.47 -34.33 -68.22 0
64576 -1.20 -33.88 -67.96 0
64577 -0.97 -33.21 -67.68 0
64584 -2.15 -34.93 -68.71 0
64585 -2.02 -34.32 -68.53 0
64586 -1.85 -33.80 -68.33 0
64587 -1.64 -33.33 -68.11 0
64588 -1.45 -32.76 -67.87 0
64598 -2.54 -34.76 -68.87 0
64599 -2.38 -34.05 -68.66 0
64600 -2.21 -33.46 -68.45 0
64601 -2.06 -32.76 -68.22 0
64602 -1.80 -32.47 -68.01 0
64608 -3.36 -34.75 -69.23 0
64609 -3.01 -34.57 -69.05 0
64610 -2.80 -33.65 -68.78 0
64611 -2.55 -33.19 -68.57 0
64612 -2.40 -32.66 -68.39 0
64618 -3.72 -34.37 -69.32 0
64619 -3.41 -33.97 -69.12 0
64620 -3.17 -33.55 -68.94 0
64626 -4.17 -34.41 -69.49 0
64627 -9.32 -35.13 -71.50 0
64628 -9.69 -35.12 -71.65 0
64629 -9.96 -35.04 -71.75 0
64636 -4.66 -34.52 -69.70 0
64637 -4.80 -35.10 -69.84 0
64638 -8.05 -35.43 -71.02 0
64639 -8.46 -35.81 -71.23 0
64640 -8.98 -35.66 -71.42 0
64641 -9.48 -35.84 -71.65 0
64642 -10.02 -35.77 -71.85 0
64643 -10.50 -36.25 -72.08 0
64645 -19.97 -41.97 -73.99 0
64648 -4.99 -34.12 -69.76 0
64649 -5.15 -34.78 -69.91 0
64650 -5.73 -35.14 -70.16 0
64651 -6.30 -35.44 -70.39 0
64652 -6.87 -35.72 -70.63 0
64653 -7.51 -35.90 -70.88 0
64654 -7.99 -36.31 -71.11 0
64655 -10.92 -36.53 -72.27 0
64656 -19.23 -41.61 -74.01 0
64662 -11.36 -36.81 -72.46 0
64663 -18.41 -41.54 -73.99 0
64670 -11.85 -37.20 -72.67 0
64671 -17.62 -41.53 -73.96 0
64675 -12.37 -37.67 -72.90 0
64676 -16.97 -41.40 -73.93 0
64679 -12.89 -38.20 -73.13 0
64680 -13.38 -38.80 -73.33 0
64681 -16.47 -41.32 -73.89 0
64682 -15.94 -41.21 -73.85 0
64687 -13.84 -39.32 -73.49 0
64688 -14.34 -39.81 -73.62 0
64689 -14.86 -40.34 -73.72 0
64690 -15.39 -40.83 -73.80 0
65932 0.36 -31.67 -66.53 0
65939 -0.41 -32.44 -67.17 0
65940 -0.12 -31.82 -66.86 0
65941 -0.02 -30.72 -66.55 0
65944 -0.83 -32.36 -67.41 0
65945 -0.72 -31.45 -67.14 0
65946 -0.55 -30.56 -66.83 0
65947 -0.41 -29.79 -66.57 0
65951 -1.26 -32.22 -67.64 0
65952 -1.24 -31.31 -67.42 0
65953 -1.14 -30.18 -67.11 0
65954 -0.88 -29.38 -66.77 0
65963 -2.03 -32.05 -68.05 0
65964 -1.82 -31.46 -67.79 0
65965 -1.67 -30.23 -67.43 0
65966 -1.61 -29.33 -67.19 0
65974 -2.80 -32.94 -68.65 0
65975 -2.73 -32.38 -68.49 0
65976 -2.46 -31.55 -68.17 0
65977 -2.34 -30.48 -67.87 0
65985 -3.72 -33.54 -69.17 0
65986 -3.51 -33.06 -68.99 0
65987 -3.15 -32.54 -68.72 0
65988 -3.03 -31.47 -68.43 0
65989 -2.97 -30.65 -68.22 0
65997 -4.06 -33.54 -69.30 0
65998 -8.76 -34.33 -71.17 0
65999 -8.98 -34.60 -71.29 0
66000 -9.49 -34.46 -71.49 0
66001 -9.88 -34.52 -71.65 0
66003 -20.56 -40.31 -74.20 0
66009 -4.49 -33.54 -69.47 0
66010 -7.83 -34.68 -70.84 0
66011 -8.47 -34.51 -71.07 0
66012 -8.72 -35.14 -71.25 0
66013 -10.24 -34.78 -71.82 0
66014 -10.45 -35.44 -71.98 0
66015 -20.40 -41.22 -74.08 0
66016 -19.80 -40.03 -74.20 0
66020 -4.91 -33.53 -69.63 0
66021 -5.28 -33.68 -69.79 0
66022 -5.71 -33.99 -69.98 0
66023 -6.24 -34.25 -70.21 0
66024 -6.80 -34.48 -70.44 0
66025 -7.34 -34.71 -70.66 0
66026 -10.69 -34.80 -72.00 0
66027 -10.82 -35.63 -72.14 0
66028 -18.77 -40.01 -74.15 0
66035 -11.11 -34.98 -72.18 0
66036 -11.24 -35.83 -72.32 0
66037 -17.95 -40.12 -74.09 0
66043 -11.49 -35.16 -72.34 0
66044 -11.77 -35.94 -72.52 0
66045 -17.24 -40.25 -74.02 0
66049 -12.31 -36.42 -72.76 0
66050 -16.69 -40.35 -73.96 0
66053 -12.86 -36.87 -73.00 0
66054 -13.46 -37.47 -73.25 0
66055 -13.96 -37.59 -73.42 0
66056 -16.23 -40.29 -73.91 0
66057 -15.76 -40.02 -73.86 0
66062 -13.78 -38.32 -73.41 0
66063 -14.27 -38.45 -73.55 0
66064 -14.79 -39.08 -73.69 0
66065 -15.27 -39.60 -73.78 0
67224 -0.59 -28.62 -66.42 0
67229 -1.34 -29.04 -66.97 0
67230 -1.27 -28.09 -66.71 0
67240 -2.10 -30.08 -67.64 0
67241 -2.09 -29.01 -67.40 0
67242 -1.79 -28.21 -67.05 0
67243 -1.73 -27.32 -66.82 0
67257 -2.78 -30.09 -68.00 0
67258 -2.56 -29.26 -67.71 0
67259 -2.55 -28.25 -67.49 0
67261 -22.05 -39.49 -74.30 0
67270 -3.93 -32.75 -69.10 0
67271 -3.72 -32.04 -68.86 0
67272 -3.51 -31.26 -68.61 0
67273 -3.36 -30.45 -68.36 0
67274 -3.23 -29.71 -68.14 0
67275 -21.58 -40.50 -74.18 0
67276 -21.33 -39.11 -74.35 0
67284 -4.37 -32.63 -69.25 0
67285 -8.85 -33.89 -71.15 0
67286 -9.29 -33.73 -71.31 0
67287 -9.80 -33.69 -71.52 0
67288 -10.13 -34.07 -71.70 0
67289 -21.01 -40.03 -74.24 0
67290 -20.56 -38.90 -74.37 0
67296 -4.83 -32.62 -69.43 0
67297 -7.73 -32.92 -70.56 0
67298 -7.99 -33.47 -70.74 0
67299 -8.59 -33.25 -70.96 0
67300 -10.20 -33.48 -71.65 0
67301 -10.52 -33.91 -71.83 0
67302 -19.81 -37.96 -74.44 0
67309 -5.27 -32.74 -69.62 0
67310 -5.70 -32.96 -69.82 0
67311 -6.18 -33.17 -70.02 0
67312 -6.72 -33.33 -70.24 0
67313 -7.37 -33.45 -70.50 0
67314 -7.63 -34.07 -70.68 0
67315 -11.00 -34.12 -72.04 0
67316 -19.04 -38.28 -74.35 0
67323 -11.43 -34.35 -72.23 0
67324 -18.19 -38.51 -74.25 0
67328 -11.90 -34.73 -72.45 0
67329 -12.23 -35.45 -72.64 0
67330 -17.44 -38.90 -74.13 0
67334 -12.38 -34.72 -72.63 0
67335 -12.75 -35.46 -72.83 0
67336 -16.81 -39.20 -74.04 0
67337 -16.41 -38.97 -73.99 0
67342 -13.37 -36.02 -73.11 0
67343 -13.93 -36.54 -73.34 0
67344 -14.38 -37.18 -73.51 0
67345 -16.44 -39.61 -73.97 0
67346 -16.08 -39.24 -73.93 0
67352 -14.78 -37.86 -73.65 0
67353 -15.23 -38.43 -73.77 0
67354 -15.65 -38.93 -73.85 0
68492 -1.02 -27.31 -66.38 0
68497 -1.54 -26.74 -66.58 0
68498 -1.28 -26.36 -66.34 0
68510 -2.34 -27.70 -67.25 0
68511 -2.13 -27.03 -66.99 0
68512 -1.93 -26.56 -66.77 0
68513 -22.48 -38.32 -74.44 0
68524 -3.11 -28.91 -67.90 0
68525 -2.97 -28.02 -67.65 0
68526 -2.79 -27.30 -67.41 0
68527 -21.73 -38.01 -74.49 0
68534 -4.22 -31.73 -69.01 0
68535 -4.02 -30.91 -68.75 0
68536 -3.81 -30.18 -68.50 0
68537 -3.64 -29.47 -68.28 0
68538 -3.53 -28.75 -68.07 0
68539 -21.03 -37.71 -74.52 0
68547 -4.74 -31.61 -69.20 0
68548 -9.05 -32.96 -71.12 0
68549 -9.55 -32.82 -71.30 0
68550 -10.06 -32.82 -71.51 0
68551 -20.36 -37.12 -74.57 0
68552 -20.05 -36.06 -74.67 0
68562 -5.24 -31.72 -69.42 0
68563 -7.94 -32.52 -70.59 0
68564 -8.36 -32.41 -70.75 0
68565 -8.83 -32.28 -70.94 0
68566 -10.50 -32.96 -71.70 0
68567 -10.91 -33.24 -71.90 0
68568 -19.81 -36.71 -74.59 0
68569 -19.58 -35.69 -74.68 0
68582 -5.69 -31.97 -69.64 0
68583 -6.11 -32.21 -69.84 0
68584 -6.60 -32.31 -70.04 0
68585 -7.15 -32.35 -70.25 0
68586 -7.64 -32.27 -70.43 0
68587 -11.32 -33.49 -72.09 0
68588 -19.26 -36.74 -74.54 0
68589 -18.94 -35.36 -74.66 0
68593 -11.76 -33.69 -72.29 0
68594 -18.39 -36.45 -74.46 0
68595 -18.52 -35.24 -74.61 0
68598 -12.25 -33.87 -72.49 0
68599 -17.54 -37.34 -74.25 0
68604 -12.76 -34.13 -72.72 0
68605 -13.31 -34.64 -72.97 0
68606 -16.94 -37.98 -74.12 0
68607 -16.52 -38.34 -74.04 0
68613 -13.89 -35.18 -73.23 0
68614 -14.53 -35.84 -73.49 0
68615 -14.80 -36.85 -73.62 0
68616 -16.21 -38.48 -73.97 0
68622 -15.06 -36.18 -73.67 0
68623 -15.25 -37.18 -73.75 0
68624 -15.63 -37.92 -73.86 0
68625 -15.93 -38.39 -73.92 0
69759 -1.63 -25.72 -66.42 0
69771 -3.09 -26.18 -67.32 0
69772 -2.68 -26.43 -67.17 0
69773 -2.29 -25.94 -66.85 0
69774 -1.93 -25.81 -66.62 0
69775 -22.11 -36.81 -74.63 0
69776 -22.52 -35.45 -74.79 0
69787 -4.70 -29.37 -68.72 0
69788 -4.50 -28.83 -68.52 0
69789 -4.29 -28.22 -68.30 0
69790 -4.03 -27.75 -68.08 0
69791 -3.57 -27.64 -67.86 0
69792 -3.23 -26.78 -67.52 0
69793 -2.95 -26.67 -67.36 0
69794 -21.38 -36.61 -74.65 0
69795 -21.71 -35.36 -74.79 0
69802 -4.62 -30.45 -68.91 0
69803 -4.28 -29.82 -68.63 0
69804 -4.07 -29.18 -68.40 0
69805 -3.88 -28.59 -68.19 0
69806 -3.75 -28.18 -68.05 0
69807 -20.82 -36.53 -74.65 0
69808 -20.89 -35.25 -74.78 0
69813 -5.21 -30.56 -69.19 0
69814 -9.10 -31.39 -70.93 0
69815 -9.24 -31.83 -71.05 0
69816 -9.89 -31.94 -71.33 0
69817 -10.40 -32.11 -71.55 0
69818 -20.44 -35.96 -74.70 0
69819 -20.06 -34.85 -74.79 0
69827 -5.78 -30.82 -69.47 0
69828 -6.31 -30.70 -69.66 0
69829 -6.72 -30.74 -69.83 0
69830 -7.77 -31.16 -70.32 0
69831 -8.00 -31.53 -70.48 0
69832 -8.81 -31.42 -70.81 0
69833 -8.95 -31.84 -70.93 0
69834 -10.89 -32.27 -71.77 0
69835 -11.22 -32.77 -71.97 0
69836 -19.35 -34.46 -74.78 0
69849 -6.06 -31.43 -69.69 0
69850 -6.46 -31.45 -69.85 0
69851 -7.01 -31.34 -70.04 0
69852 -7.56 -31.42 -70.27 0
69853 -7.73 -31.74 -70.39 0
69854 -11.39 -32.07 -71.95 0
69855 -11.60 -32.82 -72.13 0
69856 -17.75 -31.75 -74.67 0
69857 -17.89 -32.17 -74.69 0
69858 -18.89 -34.35 -74.76 0
69862 -11.86 -32.06 -72.14 0
69863 -12.07 -32.93 -72.33 0
69864 -17.57 -32.17 -74.60 0
69865 -17.83 -33.09 -74.62 0
69866 -18.12 -34.55 -74.58 0
69867 -18.61 -34.61 -74.69 0
69872 -12.35 -32.13 -72.35 0
69873 -12.59 -33.05 -72.55 0
69874 -17.36 -32.81 -74.50 0
69875 -17.32 -33.96 -74.42 0
69876 -17.49 -35.63 -74.36 0
69883 -12.82 -32.23 -72.55 0
69884 -13.28 -33.08 -72.83 0
69885 -13.77 -34.01 -73.10 0
69886 -16.79 -34.97 -74.21 0
69887 -16.80 -36.57 -74.15 0
69888 -16.54 -37.55 -74.07 0
69895 -13.94 -33.11 -73.10 0
69896 -14.42 -34.07 -73.35 0
69897 -15.23 -34.89 -73.69 0
69898 -16.08 -35.54 -73.98 0
69899 -16.23 -37.02 -74.01 0
69900 -16.26 -37.86 -74.00 0
69908 -15.47 -36.14 -73.80 0
69909 -15.77 -36.91 -73.89 0
69910 -15.98 -37.70 -73.94 0
69911 -16.09 -38.11 -73.96 0
71114 -2.12 -24.30 -66.42 0
71115 -1.80 -24.62 -66.30 0
71126 -3.07 -25.52 -67.19 0
71127 -2.76 -25.15 -66.95 0
71128 -2.28 -24.71 -66.59 0
71129 -1.91 -25.21 -66.48 0
71130 -22.02 -34.17 -74.91 0
71142 -4.91 -28.56 -68.65 0
71143 -4.78 -27.84 -68.44 0
71144 -4.50 -27.19 -68.19 0
71145 -4.15 -26.68 -67.93 0
71146 -3.78 -26.15 -67.66 0
71147 -3.45 -25.51 -67.38 0
71148 -21.33 -33.86 -74.92 0
71153 -5.20 -29.19 -68.91 0
71154 -20.52 -33.58 -74.91 0
71158 -5.75 -29.57 -69.22 0
71159 -9.26 -30.93 -70.94 0
71160 -9.76 -30.96 -71.14 0
71161 -10.34 -31.15 -71.40 0
71162 -10.70 -31.55 -71.60 0
71163 -18.62 -30.44 -74.91 0
71164 -18.76 -30.82 -74.92 0
71165 -19.10 -31.68 -74.93 0
71166 -19.63 -32.94 -74.91 0
71179 -6.22 -29.82 -69.47 0
71180 -6.68 -29.96 -69.68 0
71181 -7.17 -30.25 -69.93 0
71182 -7.76 -30.54 -70.23 0
71183 -8.50 -30.35 -70.52 0
71184 -9.07 -30.23 -70.76 0
71185 -10.77 -30.95 -71.55 0
71186 -11.12 -31.29 -71.74 0
71187 -18.23 -30.19 -74.82 0
71188 -18.40 -30.50 -74.86 0
71189 -18.57 -31.58 -74.86 0
71190 -18.87 -32.61 -74.86 0
71191 -19.02 -33.60 -74.83 0
71202 -7.41 -30.90 -70.13 0
71203 -7.58 -30.95 -70.20 0
71204 -11.63 -31.26 -71.95 0
71205 -18.06 -30.38 -74.76 0
71206 -18.02 -31.36 -74.75 0
71207 -18.29 -32.52 -74.77 0
71208 -18.62 -33.35 -74.79 0
71209 -18.75 -33.90 -74.78 0
71214 -12.13 -31.21 -72.15 0
71215 -17.73 -30.66 -74.66 0
71216 -17.52 -31.32 -74.60 0
71217 -18.27 -33.50 -74.71 0
71218 -18.51 -34.01 -74.73 0
71219 -18.69 -34.21 -74.75 0
71225 -12.65 -31.31 -72.39 0
71226 -17.08 -31.91 -74.43 0
71227 -17.00 -32.97 -74.36 0
71233 -13.20 -31.59 -72.65 0
71234 -13.81 -31.96 -72.95 0
71235 -16.57 -32.51 -74.21 0
71236 -16.67 -33.71 -74.22 0
71243 -14.44 -32.46 -73.26 0
71244 -15.11 -33.04 -73.58 0
71245 -15.97 -33.46 -73.95 0
71246 -16.38 -34.41 -74.10 0
72360 -2.77 -23.07 -66.57 0
72361 -2.26 -23.59 -66.37 0
72376 -3.88 -24.09 -67.32 0
72377 -3.36 -24.35 -67.11 0
72378 -2.84 -23.96 -66.77 0
72379 -2.54 -23.82 -66.57 0
72380 -21.89 -32.44 -75.06 0
72392 -5.39 -27.58 -68.68 0
72393 -5.05 -26.69 -68.35 0
72394 -4.70 -25.98 -68.06 0
72395 -4.31 -25.37 -67.76 0
72396 -3.92 -24.95 -67.49 0
72397 -3.66 -24.72 -67.33 0
72398 -20.96 -32.34 -75.02 0
72402 -5.83 -28.30 -69.02 0
72403 -19.24 -29.66 -74.96 0
72404 -19.70 -30.37 -75.01 0
72405 -20.06 -31.22 -75.03 0
72406 -20.27 -32.22 -75.00 0
72416 -6.27 -28.76 -69.30 0
72417 -9.56 -28.75 -70.77 0
72418 -9.60 -29.75 -70.92 0
72419 -10.23 -30.17 -71.23 0
72420 -10.63 -30.44 -71.43 0
72421 -18.59 -29.08 -74.82 0
72422 -18.71 -30.01 -74.90 0
72423 -19.18 -30.67 -74.97 0
72424 -19.59 -31.48 -74.99 0
72425 -19.88 -31.97 -74.99 0
72438 -6.61 -29.16 -69.52 0
72439 -7.05 -29.11 -69.70 0
72440 -7.62 -29.16 -69.95 0
72441 -8.30 -29.17 -70.26 0
72442 -9.06 -29.22 -70.61 0
72443 -9.24 -29.73 -70.77 0
72444 -11.05 -30.34 -71.59 0
72445 -11.42 -30.63 -71.79 0
72446 -18.24 -29.70 -74.78 0
72447 -18.45 -30.07 -74.86 0
72452 -11.46 -30.00 -71.72 0
72453 -11.85 -30.32 -71.93 0
72454 -17.73 -29.89 -74.63 0
72460 -12.50 -29.62 -72.13 0
72461 -12.43 -30.23 -72.17 0
72462 -17.33 -30.40 -74.51 0
72463 -17.17 -31.07 -74.47 0
72470 -12.78 -29.64 -72.25 0
72471 -12.99 -30.49 -72.45 0
72472 -17.01 -30.64 -74.40 0
72473 -16.92 -31.12 -74.37 0
72479 -13.24 -29.71 -72.47 0
72480 -13.66 -30.50 -72.75 0
72481 -14.35 -31.05 -73.12 0
72482 -16.76 -30.68 -74.29 0
72483 -16.59 -31.34 -74.22 0
72491 -14.98 -31.55 -73.45 0
72492 -15.60 -31.87 -73.76 0
72493 -16.15 -31.74 -74.02 0
73452 -2.98 -22.33 -66.56 0
73470 -4.10 -23.49 -67.32 0
73471 -3.84 -23.21 -67.15 0
73472 -3.34 -22.68 -66.81 0
73482 -5.78 -26.74 -68.69 0
73483 -5.60 -26.19 -68.51 0
73484 -5.30 -25.37 -68.22 0
73485 -4.88 -24.63 -67.90 0
73486 -4.39 -23.87 -67.53 0
73487 -20.85 -29.96 -75.11 0
73488 -21.20 -30.64 -75.12 0
73493 -6.01 -27.12 -68.87 0
73494 -19.09 -28.14 -74.85 0
73495 -19.24 -28.57 -74.90 0
73496 -19.74 -29.22 -75.00 0
73497 -20.41 -29.96 -75.07 0
73498 -20.57 -31.28 -75.06 0
73510 -6.41 -27.62 -69.15 0
73511 -9.74 -28.26 -70.78 0
73512 -9.93 -28.63 -70.92 0
73513 -10.29 -29.15 -71.13 0
73514 -10.75 -29.61 -71.38 0
73515 -18.85 -28.31 -74.81 0
73516 -18.92 -29.13 -74.89 0
73524 -6.85 -28.15 -69.44 0
73525 -7.41 -28.04 -69.68 0
73526 -8.06 -27.89 -69.94 0
73527 -8.79 -27.89 -70.28 0
73528 -9.48 -27.90 -70.60 0
73529 -11.22 -29.48 -71.56 0
73530 -18.03 -27.90 -74.56 0
73531 -18.26 -28.26 -74.66 0
73535 -11.76 -29.25 -71.76 0
73536 -12.16 -29.68 -71.99 0
73537 -17.83 -28.09 -74.51 0
73538 -17.80 -28.94 -74.57 0
73543 -12.42 -29.00 -72.02 0
73544 -12.38 -29.63 -72.07 0
73545 -17.46 -28.45 -74.40 0
73546 -17.29 -29.30 -74.41 0
73551 -13.08 -28.82 -72.30 0
73552 -16.88 -29.95 -74.30 0
73558 -13.69 -29.12 -72.62 0
73559 -14.30 -29.65 -72.98 0
73560 -14.93 -30.22 -73.33 0
73561 -16.42 -30.39 -74.10 0
73562 -16.24 -31.08 -74.05 0
73570 -15.45 -30.71 -73.63 0
73571 -15.95 -30.79 -73.89 0
73572 -16.11 -31.20 -73.99 0
74599 -3.17 -21.57 -66.54 0
74618 -4.26 -22.81 -67.29 0
74619 -4.08 -21.85 -67.05 0
74620 -3.64 -21.19 -66.72 0
74627 -6.09 -26.07 -68.72 0
74628 -6.01 -24.75 -68.45 0
74629 -5.51 -24.00 -68.08 0
74630 -5.07 -23.23 -67.75 0
74631 -4.69 -22.46 -67.44 0
74632 -4.43 -22.03 -67.25 0
74633 -20.12 -27.62 -74.98 0
74634 -20.57 -28.24 -75.06 0
74635 -20.95 -29.27 -75.12 0
74640 -6.53 -26.44 -68.99 0
74641 -6.59 -25.21 -68.79 0
74642 -19.18 -27.52 -74.81 0
74643 -19.70 -28.03 -74.93 0
74644 -20.17 -28.68 -75.03 0
74645 -20.52 -29.04 -75.08 0
74658 -6.97 -26.97 -69.29 0
74659 -7.11 -25.70 -69.13 0
74660 -10.00 -27.79 -70.82 0
74661 -10.44 -28.11 -71.05 0
74662 -10.82 -28.66 -71.29 0
74663 -11.02 -29.08 -71.43 0
74664 -18.66 -27.47 -74.69 0
74671 -7.23 -27.42 -69.49 0
74672 -7.69 -26.54 -69.55 0
74673 -8.58 -26.54 -69.96 0
74674 -9.30 -26.64 -70.31 0
74675 -9.93 -26.78 -70.63 0
74676 -10.48 -27.04 -70.91 0
74677 -11.11 -27.42 -71.25 0
74678 -11.31 -28.60 -71.49 0
74679 -18.02 -27.37 -74.49 0
74680 -18.34 -27.51 -74.61 0
74685 -11.59 -26.91 -71.39 0
74686 -11.92 -27.70 -71.64 0
74687 -17.48 -27.61 -74.31 0
74692 -12.81 -27.65 -72.04 0
74693 -16.94 -28.33 -74.16 0
74694 -16.90 -29.18 -74.24 0
74700 -13.56 -27.82 -72.42 0
74701 -16.53 -28.39 -73.99 0
74702 -16.51 -29.15 -74.05 0
74712 -14.26 -28.25 -72.81 0
74713 -14.92 -28.83 -73.20 0
74714 -15.56 -29.58 -73.61 0
74715 -16.05 -29.79 -73.88 0
74723 -15.69 -30.29 -73.73 0
74724 -15.81 -30.10 -73.78 0
75787 -4.31 -21.20 -67.06 0
75788 -4.15 -20.74 -66.91 0
75799 -6.32 -23.77 -68.42 0
75800 -6.07 -23.38 -68.24 0
75801 -5.69 -22.64 -67.94 0
75802 -5.27 -21.83 -67.62 0
75803 -4.69 -21.02 -67.22 0
75804 -4.50 -19.57 -66.92 0
75806 -20.10 -27.09 -74.95 0
75807 -20.44 -27.08 -75.00 0
75808 -21.25 -27.74 -75.14 0
75813 -6.62 -24.00 -68.60 0
75814 -19.29 -26.80 -74.77 0
75815 -19.76 -26.59 -74.84 0
75816 -20.39 -26.10 -74.93 0
75830 -7.15 -24.32 -68.90 0
75831 -18.55 -25.65 -74.45 0
75832 -18.93 -26.29 -74.63 0
75833 -19.39 -25.67 -74.68 0
75842 -7.75 -24.73 -69.26 0
75843 -8.44 -25.05 -69.64 0
75844 -9.17 -25.26 -70.02 0
75845 -9.84 -25.52 -70.38 0
75846 -10.49 -25.81 -70.73 0
75847 -10.91 -26.37 -71.00 0
75848 -18.24 -26.16 -74.41 0
75849 -18.43 -26.96 -74.57 0
75853 -11.00 -25.57 -70.93 0
75854 -11.46 -26.01 -71.20 0
75855 -11.89 -26.52 -71.47 0
75856 -17.62 -26.52 -74.22 0
75862 -12.03 -25.69 -71.42 0
75863 -12.49 -26.29 -71.72 0
75864 -17.03 -26.97 -74.03 0
75874 -13.37 -26.31 -72.14 0
75875 -16.35 -27.64 -73.79 0
75876 -16.36 -28.48 -73.91 0
75887 -14.17 -26.81 -72.59 0
75888 -14.91 -27.30 -73.03 0
75889 -15.58 -28.04 -73.46 0
75890 -16.07 -28.77 -73.79 0
77031 -6.57 -22.98 -68.40 0
77032 -6.30 -22.13 -68.14 0
77033 -5.93 -21.30 -67.85 0
77034 -5.55 -20.34 -67.53 0
77035 -5.22 -19.20 -67.22 0
77036 -4.89 -18.30 -66.95 0
77040 -20.95 -26.24 -75.03 0
77047 -7.11 -23.02 -68.66 0
77048 -5.35 -18.11 -67.15 0
77051 -20.17 -25.42 -74.84 0
77052 -20.66 -25.16 -74.91 0
77064 -7.71 -23.28 -68.99 0
77065 -18.72 -25.15 -74.44 0
77066 -19.13 -24.92 -74.53 0
77067 -19.73 -24.89 -74.69 0
77076 -8.37 -23.54 -69.35 0
77077 -9.09 -23.76 -69.73 0
77078 -9.79 -24.10 -70.12 0
77079 -10.39 -24.56 -70.48 0
77080 -10.87 -24.83 -70.75 0
77081 -18.33 -25.04 -74.30 0
77087 -11.30 -24.86 -70.96 0
77088 -11.82 -24.79 -71.19 0
77089 -17.79 -25.33 -74.13 0
77097 -12.48 -24.84 -71.52 0
77098 -12.97 -25.36 -71.82 0
77099 -17.21 -25.71 -73.94 0
77108 -13.04 -24.48 -71.74 0
77109 -13.50 -24.89 -72.02 0
77110 -16.58 -26.05 -73.70 0
77123 -14.10 -25.39 -72.38 0
77124 -14.82 -25.81 -72.79 0
77125 -15.71 -26.14 -73.29 0
78236 -7.00 -21.63 -68.39 0
78237 -6.55 -20.89 -68.07 0
78238 -6.23 -20.00 -67.80 0
78239 -5.98 -18.73 -67.52 0
78240 -5.59 -18.37 -67.30 0
78253 -7.63 -21.93 -68.73 0
78254 -6.21 -17.74 -67.51 0
78255 -5.82 -17.46 -67.30 0
78260 -20.32 -24.39 -74.78 0
78261 -20.87 -23.79 -74.84 0
78278 -8.27 -22.14 -69.07 0
78281 -18.67 -23.88 -74.26 0
78282 -19.36 -23.70 -74.45 0
78283 -20.02 -23.57 -74.62 0
78284 -20.45 -23.55 -74.73 0
78293 -8.96 -22.31 -69.43 0
78294 -9.82 -22.31 -69.85 0
78295 -10.43 -23.24 -70.29 0
78296 -10.90 -23.88 -70.62 0
78297 -11.15 -24.31 -70.80 0
78298 -18.00 -24.09 -74.03 0
78304 -10.27 -21.39 -69.92 0
78305 -10.59 -21.91 -70.16 0
78306 -11.08 -22.69 -70.52 0
78307 -11.52 -23.69 -70.88 0
78308 -12.19 -23.69 -71.21 0
78309 -17.37 -24.49 -73.83 0
78315 -12.83 -23.60 -71.51 0
78316 -16.86 -24.97 -73.68 0
78327 -13.45 -23.74 -71.84 0
78328 -14.06 -24.08 -72.19 0
78329 -16.32 -24.90 -73.41 0
78343 -14.69 -24.46 -72.55 0
78344 -15.32 -24.77 -72.91 0
78345 -15.83 -24.71 -73.15 0
79490 -7.20 -20.93 -68.37 0
79491 -7.08 -20.56 -68.26 0
79492 -6.80 -19.77 -68.02 0
79493 -6.55 -18.98 -67.81 0
79497 -7.55 -20.62 -68.49 0
79498 -7.36 -19.53 -68.25 0
79499 -7.06 -18.68 -68.00 0
79500 -6.70 -17.78 -67.74 0
79501 -6.36 -17.00 -67.50 0
79522 -8.12 -20.95 -68.81 0
79523 -6.81 -16.63 -67.67 0
79527 -18.63 -23.02 -74.13 0
79528 -18.92 -22.52 -74.16 0
79529 -19.70 -22.45 -74.39 0
79530 -20.58 -22.46 -74.64 0
79540 -8.81 -20.89 -69.13 0
79541 -9.41 -21.24 -69.48 0
79542 -18.29 -22.69 -73.94 0
79543 -18.58 -21.94 -73.96 0
79552 -9.44 -20.10 -69.33 0
79553 -10.03 -20.61 -69.69 0
79554 -10.66 -20.75 -70.02 0
79555 -11.31 -21.13 -70.40 0
79556 -11.73 -22.32 -70.79 0
79557 -11.98 -22.99 -71.01 0
79558 -17.01 -22.34 -73.35 0
79559 -17.52 -23.13 -73.69 0
79569 -11.77 -20.50 -70.55 0
79570 -12.02 -21.15 -70.77 0
79571 -12.50 -22.28 -71.17 0
79572 -16.38 -22.70 -73.12 0
79573 -16.80 -23.76 -73.47 0
79587 -13.32 -22.57 -71.62 0
79588 -13.99 -22.86 -71.99 0
79589 -15.76 -22.98 -72.87 0
79590 -16.13 -23.83 -73.17 0
79604 -14.62 -23.17 -72.35 0
79605 -15.21 -23.57 -72.69 0
79606 -15.66 -23.96 -72.96 0
80809 -8.03 -20.20 -68.65 0
80810 -8.00 -19.30 -68.53 0
80811 -7.66 -18.28 -68.24 0
80812 -7.30 -17.76 -68.01 0
80826 -8.45 -19.93 -68.82 0
80827 -8.70 -18.71 -68.79 0
80828 -7.70 -17.35 -68.15 0
80829 -7.36 -16.72 -67.94 0
80830 -7.08 -15.67 -67.71 0
80834 -19.34 -21.44 -74.15 0
80835 -19.96 -21.05 -74.30 0
80845 -9.03 -19.57 -69.06 0
80846 -9.36 -18.52 -69.09 0
80847 -18.30 -21.48 -73.78 0
80848 -18.79 -21.11 -73.92 0
80860 -9.44 -19.31 -69.22 0
80861 -9.95 -19.05 -69.45 0
80862 -10.66 -19.47 -69.85 0
80863 -11.08 -20.05 -70.13 0
80864 -17.06 -21.44 -73.24 0
80865 -17.63 -21.49 -73.50 0
80877 -11.17 -19.24 -70.07 0
80878 -11.59 -19.71 -70.35 0
80879 -12.16 -20.03 -70.69 0
80880 -12.68 -20.67 -71.04 0
80881 -16.61 -21.56 -73.06 0
80892 -13.27 -21.29 -71.43 0
80893 -13.92 -21.66 -71.80 0
80894 -15.95 -21.79 -72.79 0
80905 -14.55 -21.97 -72.15 0
80906 -15.22 -22.10 -72.49 0
82081 -8.27 -17.89 -68.49 0
82082 -7.96 -17.50 -68.29 0
82096 -9.11 -17.04 -68.82 0
82097 -8.21 -16.51 -68.32 0
82098 -7.76 -15.34 -68.00 0
82099 -7.35 -14.44 -67.74 0
82103 -19.31 -20.10 -73.97 0
82104 -20.09 -19.38 -74.15 0
82113 -9.94 -17.49 -69.27 0
82114 -18.22 -20.22 -73.57 0
82115 -18.80 -20.12 -73.79 0
82126 -10.76 -17.91 -69.73 0
82127 -11.02 -18.72 -69.94 0
82128 -16.98 -20.40 -73.07 0
82129 -17.60 -20.30 -73.32 0
82138 -11.28 -17.41 -69.93 0
82139 -11.48 -18.28 -70.13 0
82140 -12.17 -18.81 -70.54 0
82141 -12.77 -19.35 -70.92 0
82142 -13.35 -19.97 -71.30 0
82143 -16.25 -20.74 -72.78 0
82152 -13.84 -20.58 -71.62 0
82153 -14.56 -20.70 -71.99 0
82154 -15.44 -20.67 -72.41 0
82162 -15.00 -21.36 -72.29 0
82163 -15.23 -21.37 -72.40 0
83340 -9.46 -15.76 -68.87 0
83341 -9.04 -15.46 -68.63 0
83342 -8.49 -14.79 -68.31 0
83343 -8.04 -13.91 -68.02 0
83346 -19.20 -19.46 -73.86 0
83347 -19.42 -19.23 -73.91 0
83355 -9.90 -16.04 -69.11 0
83356 -18.22 -19.12 -73.43 0
83357 -18.88 -19.08 -73.69 0
83368 -10.56 -16.41 -69.48 0
83369 -16.91 -19.28 -72.89 0
83370 -17.56 -19.12 -73.15 0
83382 -11.20 -16.52 -69.81 0
83383 -11.68 -16.97 -70.09 0
83384 -12.20 -17.49 -70.41 0
83385 -12.82 -18.02 -70.79 0
83386 -13.44 -18.65 -71.18 0
83387 -16.22 -19.34 -72.59 0
83397 -14.14 -19.32 -71.61 0
83398 -14.99 -19.36 -72.03 0
83399 -15.55 -19.37 -72.29 0
84570 -9.82 -14.49 -68.93 0
84571 -9.14 -14.18 -68.57 0
84572 -8.78 -13.36 -68.33 0
84582 -10.50 -15.08 -69.33 0
84583 -18.20 -18.11 -73.31 0
84596 -11.06 -15.46 -69.64 0
84597 -16.85 -18.31 -72.75 0
84598 -17.48 -17.27 -72.92 0
84615 -11.39 -15.66 -69.82 0
84616 -11.71 -15.88 -70.00 0
84617 -12.22 -16.24 -70.29 0
84618 -12.81 -16.68 -70.64 0
84619 -13.55 -17.18 -71.07 0
84620 -14.28 -17.15 -71.42 0
84621 -16.25 -17.86 -72.43 0
84622 -16.68 -17.00 -72.54 0
84640 -14.03 -18.05 -71.40 0
84641 -14.73 -17.99 -71.74 0
84642 -15.53 -18.13 -72.14 0
85873 -10.30 -12.87 -69.03 0
85874 -9.59 -12.84 -68.68 0
85890 -10.62 -13.75 -69.26 0
85907 -11.09 -14.32 -69.55 0
85928 -11.60 -14.82 -69.85 0
85929 -12.18 -15.07 -70.16 0
85930 -12.73 -15.41 -70.47 0
85931 -13.38 -15.73 -70.82 0
85932 -14.11 -16.03 -71.22 0
85933 -14.97 -16.50 -71.69 0
85934 -15.93 -16.57 -72.16 0
85952 -15.16 -17.44 -71.88 0
85953 -15.40 -17.15 -71.97 0
