# Label from mne_analyze
1512
43434 1.15 -66.42 -74.55 0
43435 1.84 -66.07 -74.68 0
44832 0.72 -65.58 -74.22 0
44833 1.46 -65.07 -74.33 0
44834 1.98 -64.28 -74.31 0
44845 2.08 -65.09 -74.53 0
44846 2.59 -64.34 -74.50 0
46230 -0.38 -65.15 -73.73 0
46231 0.30 -64.82 -73.89 0
46238 0.90 -64.37 -73.98 0
46239 1.53 -63.67 -74.01 0
46240 2.22 -63.25 -74.12 0
46249 2.98 -62.82 -74.24 0
46250 3.15 -62.04 -74.10 0
47567 -0.78 -64.48 -73.41 0
47568 -0.48 -63.60 -73.29 0
47574 -0.39 -64.47 -73.56 0
47575 -0.02 -63.79 -73.51 0
47576 0.35 -62.85 -73.40 0
47582 0.51 -64.01 -73.76 0
47583 0.83 -63.06 -73.62 0
47584 1.79 -61.99 -73.65 0
47585 2.27 -60.77 -73.48 0
47591 2.45 -62.38 -73.97 0
47592 2.79 -61.45 -73.83 0
47601 4.83 -60.49 -74.16 0
47602 4.09 -61.04 -74.10 0
47603 3.46 -61.62 -74.08 0
48798 -8.01 -56.84 -67.65 0
48799 -7.18 -57.39 -68.29 0
48820 -7.06 -59.09 -68.88 0
48839 -2.87 -64.43 -72.54 0
48840 -3.62 -63.85 -72.03 0
48841 -4.35 -63.15 -71.48 0
48842 -5.11 -62.25 -70.84 0
48843 -5.84 -61.11 -70.13 0
48844 -6.30 -59.93 -69.53 0
48862 -1.97 -64.24 -72.87 0
48877 -1.32 -64.10 -73.10 0
48887 -0.84 -63.43 -73.11 0
48888 -0.31 -62.69 -73.11 0
48889 -0.17 -61.69 -72.88 0
48899 0.12 -62.78 -73.30 0
48900 0.45 -61.78 -73.13 0
48901 0.95 -60.41 -72.93 0
48902 1.18 -59.54 -72.76 0
48907 1.07 -62.02 -73.42 0
48908 1.20 -61.25 -73.25 0
48909 1.73 -60.03 -73.10 0
48915 3.62 -58.88 -73.40 0
48916 2.77 -59.60 -73.32 0
48925 5.81 -58.65 -73.98 0
48926 5.08 -59.12 -73.89 0
48927 4.32 -59.42 -73.75 0
48928 3.51 -60.34 -73.75 0
50022 -7.54 -54.66 -67.25 0
50023 -6.80 -55.61 -67.97 0
50039 -5.29 -57.42 -69.30 0
50040 -6.08 -56.86 -68.73 0
50057 -2.88 -63.14 -72.17 0
50058 -3.28 -62.19 -71.71 0
50059 -4.01 -61.39 -71.12 0
50060 -4.63 -60.32 -70.49 0
50061 -5.21 -58.98 -69.80 0
50062 -5.98 -58.46 -69.25 0
50077 -2.19 -63.14 -72.47 0
50078 -2.42 -62.08 -72.07 0
50094 -1.37 -63.04 -72.79 0
50095 -1.66 -61.94 -72.35 0
50106 -0.82 -62.72 -72.92 0
50107 -0.79 -61.72 -72.64 0
50108 -0.05 -60.57 -72.60 0
50109 0.06 -59.52 -72.33 0
50120 0.49 -60.52 -72.79 0
50121 0.61 -59.32 -72.48 0
50122 1.44 -58.39 -72.53 0
50123 2.00 -57.15 -72.39 0
50130 2.28 -58.25 -72.79 0
50131 2.56 -56.88 -72.52 0
50136 4.91 -56.98 -73.31 0
50137 4.36 -57.59 -73.29 0
50138 3.19 -57.45 -72.88 0
50139 2.89 -56.59 -72.55 0
50145 9.31 -55.02 -74.28 0
50146 8.60 -56.01 -74.23 0
50147 7.67 -56.36 -74.01 0
50148 6.87 -56.82 -73.86 0
50149 6.07 -57.28 -73.73 0
50150 5.21 -57.66 -73.57 0
50151 4.74 -58.45 -73.63 0
51228 -7.17 -52.65 -66.87 0
51229 -6.46 -53.53 -67.55 0
51230 -5.54 -54.38 -68.30 0
51231 -4.60 -54.10 -68.71 0
51246 -4.45 -57.14 -69.64 0
51247 -4.74 -55.67 -69.07 0
51248 -4.24 -54.51 -69.00 0
51264 -2.58 -61.06 -71.69 0
51265 -3.12 -60.69 -71.33 0
51266 -3.58 -59.74 -70.83 0
51267 -4.04 -58.44 -70.22 0
51280 -1.95 -61.00 -71.96 0
51290 -1.27 -60.64 -72.13 0
51291 -0.89 -59.84 -72.05 0
51302 -0.68 -60.46 -72.32 0
51303 -0.41 -59.55 -72.15 0
51304 0.07 -58.64 -72.06 0
51305 0.42 -57.62 -71.91 0
51306 0.80 -56.93 -71.86 0
51319 0.49 -58.36 -72.15 0
51320 0.86 -57.87 -72.15 0
51321 1.39 -56.57 -71.99 0
51322 1.72 -55.27 -71.76 0
51332 2.84 -55.08 -72.11 0
51333 2.33 -55.62 -72.08 0
51334 2.01 -54.84 -71.75 0
51343 8.52 -53.19 -73.63 0
51344 8.11 -53.59 -73.55 0
51345 7.42 -54.07 -73.40 0
51346 6.65 -54.47 -73.22 0
51347 5.83 -55.01 -73.08 0
51348 4.94 -55.92 -73.03 0
51349 3.96 -55.98 -72.73 0
51350 3.09 -55.78 -72.39 0
51351 2.72 -56.22 -72.39 0
51360 9.53 -54.02 -74.18 0
51361 8.79 -54.06 -73.91 0
51362 7.96 -54.93 -73.79 0
51363 7.15 -55.43 -73.63 0
51364 6.36 -55.91 -73.48 0
51365 5.59 -56.42 -73.37 0
51366 5.16 -56.75 -73.32 0
52443 -6.83 -50.86 -66.57 0
52444 -6.23 -51.61 -67.14 0
52445 -5.49 -52.25 -67.74 0
52446 -4.59 -52.61 -68.32 0
52447 -3.91 -52.18 -68.55 0
52462 -4.06 -56.01 -69.50 0
52463 -3.71 -54.90 -69.37 0
52464 -3.90 -53.35 -68.86 0
52465 -3.62 -52.37 -68.74 0
52480 -2.62 -60.31 -71.46 0
52481 -2.66 -59.45 -71.17 0
52482 -3.04 -58.16 -70.61 0
52483 -3.36 -56.31 -69.93 0
52484 -3.30 -55.24 -69.66 0
52498 -2.10 -60.05 -71.60 0
52499 -1.96 -59.03 -71.35 0
52508 -1.65 -60.24 -71.85 0
52509 -1.31 -59.27 -71.70 0
52510 -1.03 -58.44 -71.57 0
52518 -0.81 -59.29 -71.91 0
52519 -0.63 -58.50 -71.75 0
52520 -0.10 -57.57 -71.68 0
52521 0.39 -56.34 -71.53 0
52522 0.45 -55.17 -71.23 0
52533 0.92 -56.23 -71.71 0
52534 1.08 -55.05 -71.45 0
52544 7.84 -51.80 -73.05 0
52545 7.31 -51.96 -72.85 0
52546 6.70 -52.18 -72.64 0
52547 6.33 -52.24 -72.51 0
52548 3.32 -53.95 -71.95 0
52549 2.79 -54.19 -71.84 0
52550 2.23 -54.19 -71.64 0
52551 1.78 -54.25 -71.49 0
52561 8.31 -52.40 -73.38 0
52562 7.66 -52.83 -73.20 0
52563 6.98 -53.13 -73.00 0
52564 6.17 -53.23 -72.72 0
52565 5.29 -54.08 -72.65 0
52566 4.48 -54.55 -72.50 0
52567 3.70 -54.55 -72.25 0
52568 3.15 -54.72 -72.11 0
52578 9.39 -53.00 -73.95 0
52579 8.86 -52.69 -73.68 0
52588 10.02 -53.14 -74.21 0
53687 -6.57 -49.33 -66.31 0
53688 -6.03 -49.91 -66.79 0
53689 -5.40 -50.47 -67.31 0
53690 -4.70 -50.90 -67.81 0
53691 -4.01 -51.13 -68.22 0
53709 -3.28 -53.59 -69.22 0
53710 -3.28 -52.50 -68.94 0
53711 -3.40 -51.43 -68.60 0
53725 -2.21 -58.14 -70.98 0
53726 -2.41 -56.86 -70.52 0
53727 -2.40 -55.55 -70.16 0
53728 -2.84 -54.49 -69.67 0
53729 -2.67 -52.71 -69.27 0
53730 -2.79 -51.57 -68.92 0
53739 -1.55 -58.26 -71.30 0
53740 -1.66 -57.09 -70.91 0
53741 -1.82 -55.91 -70.51 0
53742 -0.55 -52.24 -70.05 0
53743 -0.61 -51.71 -69.89 0
53753 -1.22 -58.39 -71.48 0
53754 -0.99 -57.60 -71.34 0
53755 -1.00 -55.80 -70.83 0
53756 -0.46 -54.29 -70.63 0
53757 -0.23 -52.85 -70.34 0
53758 -0.19 -51.61 -70.03 0
53766 -0.52 -57.60 -71.52 0
53767 -0.38 -56.71 -71.33 0
53768 -0.09 -55.37 -71.07 0
53769 0.42 -53.89 -70.87 0
53770 0.61 -51.84 -70.40 0
53779 7.48 -50.18 -72.50 0
53780 7.24 -50.25 -72.40 0
53781 6.80 -50.43 -72.25 0
53782 2.17 -52.25 -71.08 0
53783 1.59 -52.67 -70.99 0
53784 1.28 -51.22 -70.49 0
53794 8.28 -51.13 -73.11 0
53795 7.66 -50.65 -72.70 0
53796 7.02 -51.14 -72.52 0
53797 6.39 -51.33 -72.30 0
53798 5.88 -51.60 -72.18 0
53799 3.74 -53.32 -71.92 0
53800 3.22 -52.97 -71.65 0
53801 2.47 -52.73 -71.32 0
53802 2.02 -53.46 -71.37 0
53811 8.84 -51.52 -73.45 0
53812 6.05 -52.19 -72.40 0
53813 5.52 -52.52 -72.30 0
53814 4.82 -53.23 -72.25 0
53815 4.20 -53.51 -72.12 0
53824 9.78 -52.12 -73.96 0
53825 9.34 -51.91 -73.74 0
53832 10.28 -51.96 -74.14 0
54886 -6.42 -47.91 -66.04 0
54887 -5.87 -48.34 -66.48 0
54888 -5.29 -48.85 -66.95 0
54889 -4.69 -49.31 -67.41 0
54890 -4.02 -49.61 -67.84 0
54891 -3.45 -50.06 -68.23 0
54905 -2.76 -50.22 -68.59 0
54918 -1.94 -55.23 -70.28 0
54919 -2.02 -54.52 -70.05 0
54920 -1.98 -53.14 -69.69 0
54921 -1.86 -50.97 -69.18 0
54933 -1.54 -54.95 -70.37 0
54934 -1.41 -53.79 -70.11 0
54935 -1.06 -52.33 -69.86 0
54936 -0.63 -50.66 -69.61 0
54946 -1.04 -54.44 -70.44 0
54947 -0.81 -53.40 -70.25 0
54948 -0.66 -52.71 -70.13 0
54949 0.28 -50.34 -69.89 0
54956 6.84 -48.88 -71.91 0
54957 6.63 -49.10 -71.87 0
54958 1.54 -49.77 -70.22 0
54959 1.13 -50.26 -70.19 0
54968 7.53 -49.62 -72.41 0
54969 6.98 -49.43 -72.10 0
54970 6.36 -49.99 -71.97 0
54971 5.89 -50.23 -71.84 0
54972 2.97 -50.78 -70.98 0
54973 2.44 -51.32 -70.94 0
54974 1.69 -50.61 -70.49 0
54975 1.36 -50.70 -70.39 0
54984 8.27 -50.05 -72.88 0
54985 7.94 -49.65 -72.63 0
54986 5.99 -50.85 -72.03 0
54987 5.44 -51.08 -71.89 0
54988 4.69 -51.45 -71.73 0
54989 3.92 -52.01 -71.62 0
54990 3.10 -51.60 -71.24 0
54991 2.67 -51.89 -71.17 0
54999 8.79 -50.32 -73.21 0
55000 4.98 -52.17 -72.02 0
55001 4.44 -52.55 -71.94 0
55002 4.07 -52.85 -71.90 0
55011 9.65 -51.47 -73.81 0
55012 9.48 -50.64 -73.60 0
55019 10.00 -51.19 -73.91 0
55020 10.13 -50.16 -73.82 0
55029 10.69 -50.73 -74.13 0
55030 10.49 -49.89 -73.94 0
56129 -6.36 -46.77 -65.79 0
56139 -6.06 -45.79 -65.75 0
56140 -5.74 -46.70 -66.16 0
56141 -5.17 -47.33 -66.65 0
56142 -4.58 -47.73 -67.07 0
56143 -4.11 -48.33 -67.48 0
56144 -3.71 -48.52 -67.73 0
56145 -3.49 -49.04 -67.96 0
56158 -4.02 -47.32 -67.27 0
56159 -3.61 -47.50 -67.53 0
56160 -3.30 -48.13 -67.83 0
56161 -2.98 -48.90 -68.17 0
56176 -3.22 -47.32 -67.68 0
56177 -2.80 -47.52 -67.92 0
56178 -2.06 -48.41 -68.47 0
56193 -0.94 -48.74 -69.02 0
56205 -0.02 -48.89 -69.42 0
56213 7.12 -48.02 -71.86 0
56214 6.75 -48.35 -71.76 0
56215 6.21 -48.85 -71.65 0
56216 5.84 -48.65 -71.45 0
56217 2.06 -48.62 -70.12 0
56218 1.52 -48.76 -69.96 0
56219 0.79 -48.80 -69.70 0
56228 7.42 -48.48 -72.11 0
56229 7.02 -48.64 -71.94 0
56230 6.02 -49.66 -71.75 0
56231 5.63 -49.54 -71.58 0
56232 2.99 -49.88 -70.76 0
56233 2.37 -49.47 -70.44 0
56234 1.83 -49.45 -70.24 0
56242 8.27 -49.23 -72.72 0
56243 7.98 -48.66 -72.45 0
56244 4.99 -50.23 -71.53 0
56245 4.36 -50.60 -71.40 0
56246 3.77 -50.70 -71.23 0
56247 3.38 -50.31 -71.00 0
56254 8.67 -49.30 -72.95 0
56255 8.51 -48.49 -72.71 0
56265 9.25 -49.21 -73.25 0
56266 8.94 -48.49 -72.96 0
56273 9.81 -49.31 -73.55 0
56281 10.79 -49.46 -74.01 0
56282 10.34 -49.19 -73.78 0
56293 11.12 -49.86 -74.20 0
57447 -6.05 -44.40 -65.43 0
57448 -5.47 -45.11 -65.95 0
57449 -4.86 -45.64 -66.42 0
57450 -4.67 -46.73 -66.78 0
57462 -4.15 -44.71 -66.60 0
57463 -4.09 -46.23 -66.97 0
57464 -3.72 -46.79 -67.30 0
57478 -3.80 -44.18 -66.66 0
57479 -3.60 -44.82 -66.90 0
57480 -3.15 -46.11 -67.42 0
57481 -2.10 -46.24 -67.94 0
57482 -0.97 -46.30 -68.44 0
57483 -0.42 -45.18 -68.41 0
57499 -0.14 -47.21 -68.98 0
57500 -0.07 -45.62 -68.65 0
57513 6.89 -46.68 -71.48 0
57514 6.66 -46.89 -71.42 0
57515 6.34 -47.11 -71.32 0
57516 0.51 -47.59 -69.31 0
57517 0.64 -46.08 -69.01 0
57526 7.43 -47.40 -71.90 0
57527 6.98 -47.24 -71.64 0
57528 6.49 -47.71 -71.51 0
57529 6.01 -47.81 -71.33 0
57530 2.54 -47.93 -70.12 0
57531 2.02 -47.47 -69.83 0
57532 1.30 -46.96 -69.46 0
57533 1.17 -45.77 -69.14 0
57543 7.88 -47.56 -72.17 0
57544 5.50 -48.39 -71.27 0
57545 5.02 -48.47 -71.11 0
57546 4.47 -48.57 -70.95 0
57547 3.71 -48.96 -70.78 0
57548 3.06 -48.44 -70.43 0
57557 8.37 -47.60 -72.46 0
57558 5.16 -49.22 -71.34 0
57559 4.69 -49.47 -71.23 0
57560 4.12 -49.71 -71.10 0
57561 3.74 -49.93 -71.02 0
57568 8.86 -47.62 -72.75 0
57579 9.64 -48.59 -73.35 0
57580 9.44 -47.82 -73.11 0
57589 10.08 -48.01 -73.48 0
57590 9.84 -47.30 -73.25 0
57603 11.98 -48.85 -74.36 0
57604 11.36 -48.82 -74.15 0
57605 10.76 -48.27 -73.83 0
57616 11.64 -49.54 -74.34 0
57617 11.38 -49.58 -74.26 0
58845 -5.54 -42.93 -65.42 0
58846 -5.12 -43.59 -65.82 0
58847 -5.00 -44.53 -66.10 0
58859 -4.72 -43.19 -65.96 0
58860 -4.56 -43.80 -66.18 0
58872 -3.97 -43.60 -66.44 0
58873 -3.49 -43.61 -66.69 0
58874 -2.95 -44.09 -67.06 0
58875 -2.24 -44.49 -67.48 0
58876 -1.39 -44.59 -67.88 0
58877 -0.63 -44.43 -68.17 0
58888 -0.04 -44.35 -68.38 0
58900 6.83 -46.23 -71.36 0
58901 6.47 -46.38 -71.22 0
58902 6.08 -46.77 -71.14 0
58903 0.53 -44.59 -68.65 0
58915 7.40 -46.53 -71.70 0
58916 7.10 -46.35 -71.51 0
58917 5.61 -47.15 -71.03 0
58918 5.39 -46.65 -70.83 0
58919 2.63 -46.57 -69.83 0
58920 2.11 -45.97 -69.52 0
58921 1.63 -45.25 -69.19 0
58922 1.13 -44.79 -68.91 0
58933 7.81 -46.59 -71.93 0
58934 5.28 -47.84 -71.06 0
58935 5.00 -47.32 -70.84 0
58936 4.29 -47.47 -70.62 0
58937 3.67 -47.35 -70.38 0
58938 3.12 -47.01 -70.11 0
58946 8.26 -46.63 -72.20 0
58956 8.73 -46.65 -72.48 0
58968 9.23 -46.66 -72.79 0
58979 13.05 -48.24 -74.57 0
58980 13.57 -48.12 -74.67 0
58981 10.16 -46.72 -73.33 0
58982 9.71 -46.64 -73.07 0
58992 12.44 -48.17 -74.41 0
58993 11.96 -47.69 -74.21 0
58994 11.30 -47.27 -73.92 0
58995 10.69 -46.85 -73.61 0
60122 -5.16 -41.63 -65.36 0
60123 -5.08 -42.58 -65.62 0
60136 -4.71 -41.20 -65.53 0
60137 -4.49 -42.19 -65.87 0
60138 -4.17 -42.98 -66.21 0
60150 -3.89 -41.53 -66.05 0
60151 -3.67 -42.34 -66.33 0
60152 -2.94 -42.61 -66.75 0
60153 -2.28 -42.89 -67.12 0
60154 -1.57 -43.04 -67.47 0
60155 -0.83 -43.06 -67.79 0
60156 -0.14 -43.08 -68.07 0
60168 0.47 -43.23 -68.34 0
60179 7.49 -45.36 -71.50 0
60180 7.15 -45.54 -71.37 0
60181 6.72 -45.53 -71.17 0
60182 6.19 -45.71 -70.97 0
60183 5.91 -45.31 -70.77 0
60184 1.07 -43.43 -68.60 0
60193 7.72 -45.70 -71.70 0
60194 7.37 -45.90 -71.55 0
60195 5.89 -46.42 -70.98 0
60196 5.69 -46.03 -70.82 0
60197 3.18 -45.84 -69.86 0
60198 2.81 -45.16 -69.58 0
60199 2.30 -44.42 -69.24 0
60200 1.75 -43.60 -68.87 0
60208 8.16 -45.71 -71.95 0
60209 5.24 -46.10 -70.66 0
60210 4.72 -46.32 -70.52 0
60211 4.17 -46.28 -70.31 0
60212 3.67 -45.94 -70.05 0
60223 8.61 -45.69 -72.22 0
60235 14.93 -47.89 -74.88 0
60236 9.08 -45.67 -72.51 0
60250 14.11 -46.89 -74.69 0
60251 14.25 -47.56 -74.76 0
60252 9.58 -45.59 -72.81 0
60266 13.65 -47.14 -74.60 0
60267 13.84 -47.85 -74.70 0
60268 10.92 -45.22 -73.50 0
60269 10.60 -45.75 -73.41 0
60270 10.05 -45.74 -73.12 0
60279 12.73 -46.84 -74.34 0
60280 11.93 -46.17 -74.01 0
60281 11.15 -45.82 -73.67 0
60282 10.81 -46.14 -73.57 0
61341 -4.77 -40.40 -65.32 0
61354 -4.40 -40.59 -65.58 0
61355 -3.94 -40.70 -65.85 0
61376 -3.46 -40.91 -66.15 0
61377 -2.94 -41.26 -66.47 0
61378 -2.34 -41.50 -66.80 0
61379 -1.69 -41.62 -67.12 0
61380 -0.98 -41.61 -67.43 0
61381 -0.25 -41.59 -67.72 0
61382 0.41 -41.80 -68.01 0
61397 0.99 -42.11 -68.29 0
61409 7.73 -44.93 -71.55 0
61410 7.47 -44.73 -71.37 0
61411 7.08 -44.66 -71.17 0
61412 6.63 -44.64 -70.95 0
61413 6.16 -44.62 -70.74 0
61414 1.54 -42.28 -68.52 0
61422 8.07 -44.85 -71.72 0
61423 5.59 -44.86 -70.55 0
61424 5.03 -44.41 -70.23 0
61425 4.44 -44.28 -69.98 0
61426 3.67 -44.55 -69.75 0
61427 3.00 -43.61 -69.31 0
61428 2.47 -42.90 -68.97 0
61429 2.09 -42.14 -68.68 0
61437 8.49 -44.81 -71.97 0
61438 5.04 -45.40 -70.44 0
61439 4.58 -45.33 -70.25 0
61440 4.06 -45.27 -70.04 0
61441 3.80 -45.25 -69.94 0
61449 15.47 -47.08 -74.92 0
61450 8.96 -44.68 -72.24 0
61461 14.63 -45.85 -74.73 0
61462 14.77 -46.59 -74.79 0
61463 9.39 -44.77 -72.55 0
61474 14.21 -46.08 -74.65 0
61475 14.34 -46.78 -74.73 0
61476 9.70 -44.72 -72.74 0
61485 13.47 -45.58 -74.42 0
61486 10.76 -44.69 -73.35 0
61487 10.34 -44.83 -73.14 0
61488 9.94 -44.88 -72.92 0
61498 12.65 -44.91 -74.11 0
61499 11.82 -44.51 -73.79 0
61500 11.17 -44.61 -73.54 0
61511 12.34 -43.92 -73.92 0
61512 12.08 -43.68 -73.80 0
62568 -4.68 -38.92 -65.04 0
62569 -4.46 -39.80 -65.37 0
62582 -4.14 -38.46 -65.26 0
62583 -4.00 -39.29 -65.52 0
62584 -3.40 -39.68 -65.92 0
62585 0.12 -39.22 -67.39 0
62586 0.38 -39.11 -67.47 0
62610 -2.89 -39.98 -66.24 0
62611 -2.37 -40.25 -66.54 0
62612 -1.81 -40.37 -66.82 0
62613 -1.17 -40.30 -67.09 0
62614 -0.40 -40.04 -67.35 0
62615 0.42 -40.00 -67.65 0
62616 0.97 -40.77 -68.00 0
62630 1.45 -41.13 -68.24 0
62641 7.90 -44.01 -71.47 0
62642 7.46 -43.83 -71.20 0
62643 7.03 -43.70 -70.97 0
62644 6.57 -43.61 -70.73 0
62645 6.06 -43.56 -70.50 0
62646 1.91 -41.25 -68.43 0
62652 16.76 -46.63 -75.05 0
62653 8.38 -43.94 -71.73 0
62654 5.53 -43.41 -70.25 0
62655 4.97 -43.16 -69.97 0
62656 4.34 -42.95 -69.68 0
62657 3.68 -42.59 -69.36 0
62658 3.09 -42.06 -69.02 0
62659 2.60 -41.59 -68.74 0
62660 2.28 -41.20 -68.54 0
62668 16.04 -46.23 -74.96 0
62669 8.75 -43.97 -71.97 0
62680 15.40 -45.96 -74.86 0
62681 9.05 -43.83 -72.14 0
62693 14.61 -45.17 -74.67 0
62694 14.96 -45.58 -74.77 0
62695 9.32 -43.99 -72.36 0
62701 14.12 -44.66 -74.51 0
62702 9.97 -43.52 -72.72 0
62703 9.72 -43.97 -72.63 0
62710 13.53 -43.02 -74.20 0
62711 13.47 -43.86 -74.26 0
62712 10.57 -43.92 -73.15 0
62713 10.13 -43.98 -72.89 0
62714 9.87 -44.39 -72.79 0
62722 13.25 -42.88 -74.10 0
62723 12.81 -43.53 -74.03 0
62724 11.43 -43.64 -73.54 0
62725 10.98 -43.78 -73.35 0
62734 12.84 -42.59 -73.94 0
62735 12.35 -42.99 -73.82 0
62736 11.86 -43.31 -73.68 0
63851 -4.18 -37.87 -65.11 0
63867 -3.91 -37.04 -65.07 0
63868 -3.68 -37.79 -65.37 0
63869 -3.27 -38.42 -65.73 0
63870 -2.84 -38.77 -66.02 0
63871 0.34 -38.45 -67.32 0
63872 0.67 -38.77 -67.50 0
63889 -2.33 -39.01 -66.32 0
63890 -1.91 -39.39 -66.58 0
63891 -1.38 -39.20 -66.78 0
63892 -0.76 -39.00 -67.00 0
63893 -0.15 -38.54 -67.15 0
63894 0.85 -39.14 -67.64 0
63895 1.07 -39.55 -67.80 0
63907 1.46 -40.04 -68.03 0
63914 18.03 -45.27 -75.13 0
63915 17.39 -45.63 -75.09 0
63916 7.83 -43.06 -71.26 0
63917 7.46 -42.81 -71.02 0
63918 7.00 -42.63 -70.76 0
63919 6.51 -42.48 -70.51 0
63920 6.01 -42.36 -70.26 0
63921 1.86 -40.34 -68.22 0
63928 16.59 -44.50 -74.97 0
63929 16.63 -45.11 -75.00 0
63930 8.65 -42.35 -71.62 0
63931 8.38 -42.72 -71.52 0
63932 5.51 -42.13 -70.00 0
63933 4.95 -41.76 -69.70 0
63934 4.32 -41.39 -69.37 0
63935 3.68 -40.96 -69.04 0
63936 3.08 -40.68 -68.74 0
63937 2.59 -40.56 -68.53 0
63938 2.23 -40.43 -68.37 0
63947 16.26 -44.22 -74.90 0
63948 15.85 -45.14 -74.89 0
63949 8.83 -42.53 -71.76 0
63950 8.66 -43.28 -71.79 0
63960 15.46 -44.20 -74.77 0
63961 15.33 -45.14 -74.81 0
63962 9.22 -42.56 -72.04 0
63963 8.97 -43.24 -71.98 0
63971 14.75 -44.03 -74.61 0
63972 15.02 -44.82 -74.73 0
63973 9.56 -42.66 -72.30 0
63974 9.28 -43.28 -72.20 0
63984 14.06 -42.44 -74.29 0
63985 14.22 -43.27 -74.41 0
63986 9.88 -42.99 -72.57 0
63987 9.55 -43.38 -72.41 0
63999 13.63 -42.37 -74.17 0
64000 13.78 -42.99 -74.27 0
64001 10.44 -43.18 -72.97 0
64002 10.17 -43.14 -72.79 0
64011 13.07 -41.16 -73.86 0
64012 13.23 -41.88 -73.99 0
64013 11.50 -42.19 -73.39 0
64014 11.20 -42.79 -73.33 0
64015 10.79 -43.06 -73.15 0
64024 12.82 -40.99 -73.76 0
64025 12.60 -41.69 -73.76 0
64026 11.94 -42.22 -73.57 0
64027 11.58 -42.83 -73.51 0
65277 -3.84 -36.00 -64.87 0
65278 -3.39 -36.41 -65.22 0
65279 -2.87 -37.03 -65.64 0
65280 -2.83 -37.95 -65.86 0
65281 -0.15 -37.08 -66.87 0
65282 0.24 -37.44 -67.09 0
65283 0.76 -37.66 -67.32 0
65301 -2.38 -36.71 -65.82 0
65302 -2.31 -37.58 -66.03 0
65303 -1.65 -38.11 -66.44 0
65304 -0.98 -38.02 -66.72 0
65305 -0.46 -37.90 -66.91 0
65306 -0.13 -37.74 -67.01 0
65307 1.24 -38.26 -67.61 0
65308 1.52 -39.10 -67.87 0
65318 18.81 -43.77 -75.11 0
65319 18.50 -44.58 -75.14 0
65320 1.92 -38.26 -67.85 0
65321 1.91 -39.38 -68.06 0
65327 18.31 -43.66 -75.08 0
65328 17.68 -44.31 -75.06 0
65329 17.09 -44.78 -75.04 0
65330 7.96 -41.93 -71.14 0
65331 7.45 -41.70 -70.83 0
65332 6.97 -41.49 -70.55 0
65333 6.45 -41.22 -70.26 0
65334 5.95 -41.39 -70.05 0
65335 3.57 -38.35 -68.49 0
65336 3.22 -38.47 -68.38 0
65337 2.52 -38.74 -68.16 0
65338 2.21 -39.80 -68.24 0
65345 16.89 -44.18 -74.99 0
65346 16.87 -44.69 -75.02 0
65347 8.74 -41.79 -71.59 0
65348 8.41 -41.60 -71.35 0
65349 6.15 -40.54 -70.00 0
65350 5.61 -40.67 -69.78 0
65351 4.96 -40.25 -69.43 0
65352 4.32 -39.80 -69.07 0
65353 3.62 -39.28 -68.69 0
65354 2.91 -39.60 -68.46 0
65355 2.46 -39.86 -68.34 0
65356 2.30 -40.03 -68.31 0
65363 16.52 -43.41 -74.89 0
65364 9.16 -41.77 -71.87 0
65373 15.85 -42.23 -74.69 0
65374 15.92 -43.00 -74.76 0
65375 9.53 -41.87 -72.15 0
65386 15.47 -42.15 -74.60 0
65387 15.16 -43.05 -74.61 0
65388 10.12 -41.37 -72.48 0
65389 9.94 -41.86 -72.43 0
65402 14.63 -41.12 -74.31 0
65403 14.69 -41.88 -74.40 0
65404 14.70 -43.06 -74.51 0
65405 10.57 -40.96 -72.70 0
65406 10.36 -41.34 -72.63 0
65407 10.22 -42.39 -72.71 0
65417 14.33 -41.03 -74.23 0
65418 13.99 -41.70 -74.20 0
65419 10.74 -41.20 -72.84 0
65420 10.63 -42.24 -72.94 0
65421 10.36 -42.74 -72.86 0
65428 13.64 -40.25 -73.96 0
65429 13.66 -40.79 -74.01 0
65430 13.62 -41.68 -74.10 0
65431 11.65 -41.49 -73.35 0
65432 11.18 -41.61 -73.14 0
65433 10.95 -42.42 -73.15 0
65441 13.49 -40.15 -73.90 0
65442 13.08 -40.43 -73.79 0
65443 12.57 -40.67 -73.62 0
65444 12.06 -41.02 -73.46 0
66729 -3.72 -34.68 -64.63 0
66730 -3.24 -35.07 -64.99 0
66731 -2.76 -35.51 -65.36 0
66732 -0.63 -36.27 -66.51 0
66733 -0.23 -36.15 -66.65 0
66734 0.27 -36.21 -66.85 0
66735 0.78 -36.40 -67.08 0
66749 20.05 -40.58 -74.91 0
66750 19.49 -42.32 -75.04 0
66751 19.26 -43.34 -75.11 0
66752 -2.32 -35.92 -65.67 0
66753 -2.00 -36.32 -65.92 0
66754 -1.60 -36.72 -66.19 0
66755 -1.05 -36.87 -66.46 0
66756 -0.59 -37.04 -66.69 0
66757 1.31 -36.67 -67.33 0
66767 18.78 -40.24 -74.82 0
66768 18.79 -41.63 -74.94 0
66769 18.75 -42.91 -75.05 0
66770 1.88 -36.94 -67.60 0
66778 18.22 -40.06 -74.77 0
66779 17.87 -40.96 -74.82 0
66780 17.86 -42.77 -74.98 0
66781 17.36 -43.58 -75.00 0
66782 7.87 -40.76 -70.90 0
66783 7.42 -40.57 -70.63 0
66784 6.97 -40.33 -70.36 0
66785 6.58 -39.93 -70.10 0
66786 4.09 -37.42 -68.54 0
66787 3.63 -37.50 -68.37 0
66788 3.07 -37.37 -68.12 0
66789 2.48 -37.19 -67.86 0
66796 16.99 -40.98 -74.75 0
66797 17.12 -42.01 -74.85 0
66798 17.04 -43.08 -74.93 0
66799 8.68 -40.69 -71.36 0
66800 8.28 -40.84 -71.15 0
66801 6.16 -39.50 -69.82 0
66802 5.59 -39.15 -69.50 0
66803 4.98 -38.72 -69.16 0
66804 4.35 -38.20 -68.79 0
66805 3.85 -38.15 -68.57 0
66815 16.39 -40.85 -74.65 0
66816 16.51 -41.70 -74.75 0
66817 16.53 -42.57 -74.83 0
66818 9.42 -40.05 -71.76 0
66819 9.10 -40.87 -71.67 0
66831 15.84 -40.64 -74.53 0
66832 15.92 -41.57 -74.64 0
66833 16.14 -42.21 -74.74 0
66834 9.98 -39.32 -72.02 0
66835 9.82 -40.05 -72.04 0
66836 9.55 -40.99 -72.01 0
66849 15.43 -40.51 -74.43 0
66850 15.31 -41.20 -74.48 0
66851 10.20 -39.79 -72.26 0
66852 10.08 -40.89 -72.36 0
66853 9.77 -41.40 -72.24 0
66862 14.92 -39.41 -74.20 0
66863 14.89 -40.45 -74.30 0
66864 14.96 -41.17 -74.40 0
66865 10.94 -39.60 -72.69 0
66866 10.61 -40.32 -72.62 0
66867 10.35 -40.85 -72.54 0
66870 14.37 -38.59 -73.99 0
66871 14.48 -39.28 -74.09 0
66872 14.17 -40.27 -74.11 0
66873 11.14 -39.96 -72.86 0
66874 11.09 -40.75 -72.96 0
66876 14.07 -38.78 -73.92 0
66877 13.81 -39.81 -73.96 0
66878 13.87 -40.29 -74.03 0
66879 11.90 -39.78 -73.23 0
66880 11.60 -40.44 -73.17 0
66881 11.29 -40.93 -73.10 0
66882 13.66 -38.94 -73.82 0
66883 13.28 -39.49 -73.75 0
66884 12.73 -39.78 -73.58 0
66885 12.15 -40.10 -73.38 0
66886 11.93 -40.52 -73.34 0
68141 -3.12 -33.74 -64.75 0
68142 -2.63 -34.11 -65.10 0
68143 -2.08 -34.55 -65.48 0
68144 -1.48 -34.52 -65.77 0
68145 -0.98 -34.75 -66.04 0
68146 -0.47 -35.22 -66.36 0
68147 0.22 -35.08 -66.60 0
68148 0.77 -35.14 -66.83 0
68149 1.31 -35.28 -67.06 0
68163 21.47 -36.50 -74.57 0
68164 20.82 -38.01 -74.70 0
68165 20.14 -38.94 -74.76 0
68166 -1.87 -35.38 -65.77 0
68167 -1.50 -35.59 -65.99 0
68168 -1.07 -35.87 -66.24 0
68169 -0.81 -36.06 -66.39 0
68170 1.89 -35.49 -67.33 0
68179 20.53 -36.52 -74.52 0
68180 19.89 -37.81 -74.63 0
68181 19.36 -39.09 -74.73 0
68182 2.47 -35.78 -67.60 0
68188 19.59 -36.48 -74.46 0
68189 18.97 -37.81 -74.57 0
68190 18.40 -39.16 -74.68 0
68191 17.88 -39.88 -74.73 0
68192 8.52 -39.28 -71.02 0
68193 8.29 -39.82 -70.98 0
68194 7.85 -39.72 -70.72 0
68195 7.42 -39.41 -70.44 0
68196 7.00 -39.38 -70.21 0
68197 4.55 -36.79 -68.62 0
68198 4.09 -36.46 -68.37 0
68199 3.58 -36.27 -68.13 0
68200 3.03 -36.04 -67.87 0
68210 18.56 -36.38 -74.36 0
68211 18.03 -37.92 -74.51 0
68212 17.62 -39.12 -74.61 0
68213 17.34 -40.11 -74.70 0
68214 9.02 -39.21 -71.33 0
68215 8.70 -39.58 -71.19 0
68216 8.49 -40.23 -71.17 0
68217 7.23 -38.66 -70.22 0
68218 6.78 -38.59 -69.97 0
68219 6.21 -38.09 -69.61 0
68220 5.63 -37.68 -69.26 0
68221 5.06 -37.25 -68.93 0
68234 17.51 -36.83 -74.31 0
68235 17.17 -38.23 -74.45 0
68236 16.94 -39.43 -74.57 0
68237 16.79 -40.27 -74.65 0
68238 9.32 -39.21 -71.54 0
68239 9.04 -39.93 -71.47 0
68251 17.10 -36.42 -74.21 0
68252 16.56 -37.23 -74.23 0
68253 16.40 -38.86 -74.42 0
68254 16.33 -39.97 -74.54 0
68255 9.95 -38.59 -71.86 0
68256 9.69 -39.27 -71.80 0
68266 15.57 -37.38 -74.08 0
68267 15.75 -38.52 -74.26 0
68268 15.69 -39.76 -74.40 0
68269 10.55 -38.37 -72.22 0
68270 10.24 -38.89 -72.12 0
68277 14.87 -37.57 -73.97 0
68278 15.06 -38.56 -74.13 0
68279 15.26 -39.34 -74.27 0
68280 11.20 -38.22 -72.59 0
68281 10.83 -38.96 -72.51 0
68282 10.48 -39.27 -72.35 0
68285 14.31 -37.93 -73.88 0
68286 14.62 -38.38 -74.02 0
68287 11.86 -38.14 -72.93 0
68288 11.50 -38.64 -72.83 0
68289 11.17 -39.14 -72.74 0
68290 13.80 -38.16 -73.77 0
68291 12.16 -38.63 -73.17 0
68292 11.79 -39.21 -73.08 0
68293 11.43 -39.48 -72.94 0
68294 13.36 -38.49 -73.66 0
68295 12.90 -38.84 -73.52 0
68296 12.43 -39.16 -73.37 0
68297 12.08 -39.38 -73.25 0
69369 0.97 -33.69 -66.61 0
69370 1.06 -33.71 -66.65 0
69376 -2.53 -32.73 -64.83 0
69377 -2.01 -33.07 -65.19 0
69378 -1.48 -33.33 -65.51 0
69379 -0.95 -33.53 -65.80 0
69380 -0.43 -33.76 -66.07 0
69381 0.15 -33.89 -66.33 0
69382 0.81 -33.86 -66.58 0
69383 1.23 -34.05 -66.79 0
69396 21.17 -35.13 -74.40 0
69397 1.88 -33.94 -67.03 0
69402 20.24 -35.20 -74.35 0
69403 2.49 -34.33 -67.34 0
69413 19.37 -35.17 -74.28 0
69414 8.42 -39.17 -70.95 0
69415 8.23 -39.03 -70.82 0
69416 7.87 -38.76 -70.58 0
69417 7.57 -38.42 -70.36 0
69418 4.61 -35.52 -68.42 0
69419 4.09 -35.25 -68.16 0
69420 3.58 -34.99 -67.90 0
69421 3.05 -34.69 -67.63 0
69433 18.64 -34.93 -74.19 0
69434 18.21 -34.48 -74.09 0
69435 8.89 -38.93 -71.19 0
69436 8.67 -38.55 -70.99 0
69437 8.28 -38.18 -70.70 0
69438 7.93 -37.77 -70.44 0
69439 7.42 -37.53 -70.12 0
69440 6.86 -37.01 -69.73 0
69441 6.27 -36.63 -69.37 0
69442 5.70 -36.24 -69.03 0
69443 5.14 -35.86 -68.71 0
69454 17.84 -35.52 -74.19 0
69455 17.67 -34.43 -74.02 0
69456 9.16 -38.39 -71.27 0
69457 8.99 -37.96 -71.08 0
69466 17.35 -36.08 -74.20 0
69467 16.99 -35.54 -74.07 0
69468 9.95 -37.72 -71.68 0
69469 9.62 -38.39 -71.58 0
69476 16.02 -36.03 -73.97 0
69477 10.60 -37.39 -72.04 0
69478 10.26 -37.98 -71.95 0
69482 15.19 -36.39 -73.87 0
69483 11.27 -37.18 -72.42 0
69484 10.91 -37.76 -72.31 0
69488 14.50 -36.79 -73.77 0
69489 11.94 -37.13 -72.78 0
69490 11.57 -37.62 -72.68 0
69492 13.95 -37.22 -73.69 0
69493 12.26 -37.62 -73.04 0
69494 13.50 -37.59 -73.59 0
69495 13.05 -37.90 -73.45 0
69496 12.58 -38.23 -73.30 0
70548 1.04 -33.51 -66.60 0
70549 1.22 -33.42 -66.65 0
70560 -1.94 -31.67 -64.92 0
70561 -1.43 -32.02 -65.25 0
70562 -0.93 -32.30 -65.55 0
70563 -0.42 -32.51 -65.82 0
70564 0.12 -32.65 -66.07 0
70565 0.67 -32.76 -66.31 0
70566 1.15 -32.88 -66.52 0
70567 1.59 -32.97 -66.72 0
70578 20.85 -33.90 -74.23 0
70579 20.58 -32.68 -74.06 0
70580 20.13 -32.02 -73.95 0
70581 2.09 -32.70 -66.87 0
70589 19.99 -33.99 -74.18 0
70590 19.73 -32.98 -74.04 0
70591 19.47 -31.97 -73.89 0
70592 19.02 -31.43 -73.77 0
70593 2.58 -32.80 -67.09 0
70605 19.23 -34.04 -74.13 0
70606 19.00 -33.15 -74.00 0
70607 18.68 -32.36 -73.86 0
70608 18.38 -31.48 -73.71 0
70609 17.93 -31.07 -73.59 0
70610 4.62 -34.25 -68.20 0
70611 4.11 -34.02 -67.94 0
70612 3.62 -33.71 -67.68 0
70613 3.12 -33.29 -67.40 0
70624 18.66 -34.02 -74.08 0
70625 18.26 -33.51 -73.97 0
70626 17.99 -32.61 -73.81 0
70627 17.66 -31.91 -73.67 0
70628 17.39 -31.21 -73.52 0
70629 8.57 -37.79 -70.80 0
70630 8.41 -37.21 -70.61 0
70631 8.03 -36.55 -70.28 0
70632 7.57 -35.68 -69.87 0
70633 6.90 -35.54 -69.49 0
70634 6.33 -35.18 -69.14 0
70635 5.75 -34.85 -68.81 0
70636 5.18 -34.52 -68.49 0
70647 17.66 -33.50 -73.89 0
70648 17.33 -32.92 -73.76 0
70649 16.98 -32.16 -73.59 0
70650 16.75 -31.40 -73.43 0
70651 9.18 -37.69 -71.15 0
70652 8.95 -37.22 -70.92 0
70653 8.71 -35.76 -70.51 0
70654 8.20 -35.36 -70.15 0
70655 7.99 -34.83 -69.93 0
70664 17.09 -34.04 -73.88 0
70665 16.61 -33.27 -73.68 0
70666 16.17 -32.25 -73.44 0
70667 16.32 -31.40 -73.34 0
70668 9.96 -37.27 -71.58 0
70669 9.62 -37.19 -71.34 0
70670 9.43 -35.58 -70.89 0
70671 9.13 -35.06 -70.61 0
70678 16.33 -34.60 -73.83 0
70679 15.82 -33.67 -73.59 0
70680 15.44 -32.86 -73.37 0
70681 10.63 -36.91 -71.95 0
70682 10.30 -36.91 -71.73 0
70683 10.09 -35.55 -71.28 0
70684 9.83 -35.00 -71.00 0
70689 15.50 -35.04 -73.73 0
70690 14.92 -34.03 -73.43 0
70691 14.99 -32.99 -73.28 0
70692 11.31 -36.67 -72.33 0
70693 10.99 -36.44 -72.07 0
70694 10.59 -35.71 -71.64 0
70695 10.46 -35.08 -71.42 0
70701 14.72 -35.55 -73.63 0
70702 14.26 -35.00 -73.42 0
70703 11.97 -36.63 -72.70 0
70704 11.69 -36.39 -72.49 0
70705 11.42 -35.73 -72.18 0
70710 13.98 -36.10 -73.53 0
70711 13.89 -35.40 -73.38 0
70712 12.32 -36.37 -72.83 0
70713 12.04 -35.98 -72.61 0
70715 13.63 -36.77 -73.52 0
70716 13.24 -37.02 -73.40 0
70717 12.74 -37.24 -73.21 0
71850 -1.32 -30.62 -65.01 0
71851 -0.89 -31.11 -65.32 0
71852 -0.42 -31.33 -65.58 0
71853 0.08 -31.47 -65.83 0
71854 0.65 -31.50 -66.06 0
71855 1.12 -31.77 -66.30 0
71856 1.57 -31.89 -66.50 0
71857 2.00 -31.93 -66.68 0
71867 20.25 -30.89 -73.81 0
71868 19.83 -30.15 -73.68 0
71869 -0.82 -30.15 -65.16 0
71870 -0.42 -30.22 -65.37 0
71871 0.05 -30.37 -65.60 0
71872 0.51 -30.49 -65.82 0
71873 0.91 -30.48 -65.97 0
71874 2.42 -31.87 -66.84 0
71884 19.52 -30.96 -73.76 0
71885 19.06 -30.36 -73.63 0
71886 18.55 -29.87 -73.51 0
71887 2.81 -31.66 -66.96 0
71899 18.36 -30.59 -73.58 0
71900 17.88 -30.16 -73.45 0
71901 17.41 -29.80 -73.32 0
71902 4.60 -33.04 -67.97 0
71903 4.15 -32.86 -67.75 0
71904 3.72 -32.42 -67.49 0
71905 3.25 -31.81 -67.18 0
71916 17.14 -30.55 -73.38 0
71917 16.90 -29.96 -73.23 0
71918 7.33 -34.75 -69.57 0
71919 7.04 -33.97 -69.27 0
71920 6.36 -33.84 -68.91 0
71921 5.79 -33.47 -68.58 0
71922 5.17 -33.16 -68.24 0
71932 16.54 -30.78 -73.29 0
71933 16.33 -30.21 -73.14 0
71934 8.57 -34.93 -70.27 0
71935 8.35 -34.43 -70.06 0
71936 7.85 -33.83 -69.68 0
71937 7.48 -33.17 -69.36 0
71944 15.64 -32.10 -73.29 0
71945 15.83 -31.16 -73.18 0
71946 15.97 -30.32 -73.06 0
71947 9.34 -34.74 -70.67 0
71948 9.03 -34.16 -70.38 0
71949 8.52 -33.49 -69.97 0
71950 8.30 -33.06 -69.78 0
71955 15.14 -32.12 -73.17 0
71956 15.28 -31.38 -73.07 0
71957 10.03 -34.72 -71.06 0
71958 9.79 -34.14 -70.80 0
71959 9.56 -33.42 -70.53 0
71965 14.24 -34.13 -73.26 0
71966 14.48 -32.99 -73.13 0
71967 10.92 -35.44 -71.80 0
71968 10.77 -34.87 -71.56 0
71969 10.42 -34.18 -71.19 0
71970 10.19 -33.60 -70.92 0
71977 13.79 -34.82 -73.23 0
71978 13.77 -33.83 -73.04 0
71979 11.67 -35.37 -72.26 0
71980 11.34 -34.74 -71.91 0
71981 10.90 -34.03 -71.46 0
71982 10.72 -33.82 -71.29 0
71989 13.67 -36.13 -73.44 0
71990 13.56 -35.71 -73.31 0
71991 13.06 -34.90 -72.93 0
71992 12.15 -35.18 -72.51 0
71993 11.79 -34.80 -72.21 0
71995 13.69 -36.34 -73.48 0
71996 13.47 -36.37 -73.40 0
71997 13.06 -36.27 -73.19 0
73087 1.12 -30.88 -66.13 0
73088 1.57 -30.74 -66.29 0
73089 1.99 -31.02 -66.51 0
73090 2.34 -31.13 -66.68 0
73103 20.53 -29.52 -73.66 0
73104 19.79 -29.03 -73.53 0
73105 19.21 -28.49 -73.40 0
73108 -0.51 -29.16 -65.12 0
73109 0.04 -29.24 -65.39 0
73110 0.49 -29.44 -65.62 0
73111 0.91 -29.66 -65.83 0
73112 1.34 -29.88 -66.04 0
73113 1.78 -29.73 -66.20 0
73114 2.69 -31.00 -66.79 0
73127 19.01 -29.33 -73.49 0
73128 18.46 -28.90 -73.36 0
73129 17.92 -28.58 -73.22 0
73130 0.38 -28.81 -65.47 0
73131 0.63 -28.69 -65.55 0
73132 3.10 -30.80 -66.93 0
73142 17.80 -29.29 -73.31 0
73143 17.33 -29.03 -73.17 0
73144 4.52 -32.31 -67.81 0
73145 4.34 -31.68 -67.61 0
73146 3.88 -31.18 -67.32 0
73147 3.58 -30.55 -67.09 0
73156 16.64 -29.35 -73.06 0
73157 6.79 -33.13 -68.99 0
73158 6.49 -32.43 -68.72 0
73159 5.80 -32.00 -68.32 0
73160 5.02 -31.67 -67.91 0
73161 4.72 -30.77 -67.62 0
73170 16.11 -29.71 -72.99 0
73171 7.80 -32.57 -69.42 0
73172 7.27 -32.29 -69.09 0
73173 6.95 -31.28 -68.74 0
73181 15.33 -30.89 -72.99 0
73182 15.64 -30.19 -72.94 0
73183 8.97 -32.91 -70.11 0
73184 8.64 -32.53 -69.86 0
73185 8.23 -32.38 -69.61 0
73192 14.69 -32.11 -73.04 0
73193 14.85 -31.36 -72.95 0
73194 10.32 -32.24 -70.72 0
73195 10.00 -32.70 -70.63 0
73196 9.44 -32.68 -70.32 0
73204 14.31 -31.97 -72.90 0
73205 14.45 -31.32 -72.82 0
73206 10.46 -32.77 -70.91 0
73207 10.11 -33.30 -70.81 0
73216 13.84 -32.77 -72.88 0
73217 11.69 -33.45 -71.85 0
73218 11.29 -33.35 -71.57 0
73219 10.85 -33.24 -71.25 0
73225 13.25 -33.36 -72.75 0
73226 12.66 -33.70 -72.52 0
73227 12.02 -33.93 -72.17 0
73230 12.91 -33.16 -72.57 0
73231 12.78 -33.14 -72.50 0
74334 2.07 -30.05 -66.38 0
74335 2.40 -30.36 -66.56 0
74336 2.58 -30.61 -66.68 0
74351 21.08 -27.78 -73.47 0
74352 19.83 -27.54 -73.32 0
74353 18.98 -27.67 -73.25 0
74356 0.06 -28.10 -65.20 0
74357 0.25 -28.56 -65.36 0
74358 0.88 -28.86 -65.69 0
74359 1.30 -28.78 -65.85 0
74360 1.76 -28.89 -66.06 0
74361 2.16 -29.07 -66.26 0
74362 2.52 -29.40 -66.46 0
74363 2.88 -29.94 -66.70 0
74372 18.34 -27.78 -73.17 0
74373 17.68 -27.90 -73.05 0
74375 0.51 -28.11 -65.41 0
74376 0.87 -28.22 -65.58 0
74377 1.12 -28.34 -65.70 0
74378 3.41 -29.81 -66.89 0
74387 16.94 -28.32 -72.95 0
74388 4.35 -30.56 -67.41 0
74389 4.06 -30.04 -67.20 0
74390 3.79 -29.69 -67.03 0
74399 16.28 -28.84 -72.87 0
74400 6.45 -30.98 -68.45 0
74401 5.88 -30.30 -68.07 0
74402 5.19 -30.08 -67.71 0
74403 4.72 -29.88 -67.46 0
74404 4.40 -29.80 -67.30 0
74412 15.82 -29.36 -72.84 0
74413 9.85 -30.10 -70.06 0
74414 9.57 -30.31 -69.95 0
74415 8.96 -30.64 -69.69 0
74416 8.18 -31.19 -69.37 0
74417 7.51 -30.57 -68.91 0
74418 7.02 -30.15 -68.58 0
74419 6.60 -29.70 -68.29 0
74426 15.09 -30.38 -72.82 0
74427 15.38 -29.50 -72.73 0
74428 10.34 -30.58 -70.41 0
74429 10.00 -30.54 -70.22 0
74430 9.27 -31.68 -70.04 0
74431 8.59 -31.70 -69.68 0
74432 8.33 -31.75 -69.55 0
74441 14.57 -30.70 -72.73 0
74442 10.93 -30.93 -70.80 0
74443 10.53 -31.24 -70.64 0
74444 9.78 -31.81 -70.34 0
74445 9.49 -32.06 -70.23 0
74454 13.84 -32.03 -72.75 0
74455 14.08 -31.26 -72.67 0
74456 11.07 -31.21 -70.95 0
74457 10.85 -31.95 -70.97 0
74465 13.45 -32.46 -72.67 0
74466 11.69 -32.61 -71.65 0
74467 11.33 -32.05 -71.29 0
74468 10.87 -32.50 -71.10 0
74469 13.08 -32.75 -72.58 0
74470 12.45 -33.05 -72.26 0
74471 12.14 -32.63 -71.96 0
74472 12.85 -32.85 -72.50 0
74473 12.71 -32.87 -72.41 0
75624 20.58 -26.03 -73.18 0
75625 19.32 -26.24 -73.07 0
75626 18.80 -25.68 -72.90 0
75631 1.73 -27.83 -65.89 0
75632 2.21 -28.04 -66.13 0
75633 2.61 -28.32 -66.34 0
75634 2.99 -28.67 -66.55 0
75635 3.37 -28.90 -66.74 0
75646 18.73 -27.06 -73.12 0
75647 18.27 -26.58 -72.94 0
75649 0.91 -27.54 -65.50 0
75650 1.17 -27.78 -65.64 0
75651 1.36 -28.04 -65.76 0
75652 3.77 -28.95 -66.91 0
75661 17.27 -27.10 -72.80 0
75662 4.31 -29.42 -67.20 0
75663 4.13 -29.11 -67.08 0
75671 16.46 -27.74 -72.70 0
75672 9.28 -28.36 -69.47 0
75673 8.71 -28.38 -69.17 0
75674 8.40 -28.37 -69.00 0
75675 6.41 -28.74 -68.06 0
75676 5.70 -28.92 -67.76 0
75677 5.10 -28.98 -67.49 0
75678 4.61 -29.10 -67.28 0
75679 4.37 -29.04 -67.16 0
75685 15.75 -28.54 -72.65 0
75686 10.49 -29.07 -70.22 0
75687 9.98 -29.46 -70.02 0
75688 9.40 -29.44 -69.71 0
75689 8.78 -29.54 -69.40 0
75690 8.16 -29.25 -69.02 0
75691 7.53 -29.27 -68.69 0
75692 7.06 -29.10 -68.42 0
75693 6.76 -28.95 -68.25 0
75702 14.80 -29.65 -72.57 0
75703 15.21 -28.87 -72.55 0
75704 10.50 -29.95 -70.38 0
75705 10.24 -29.76 -70.20 0
75714 14.20 -30.27 -72.50 0
75715 11.19 -30.35 -70.84 0
75716 10.92 -29.87 -70.60 0
75723 13.56 -31.71 -72.56 0
75724 13.66 -30.87 -72.41 0
75725 11.94 -30.88 -71.42 0
75726 11.62 -30.74 -71.18 0
75732 13.15 -32.17 -72.48 0
75733 13.20 -31.48 -72.34 0
75734 12.00 -31.57 -71.61 0
75735 11.72 -31.31 -71.37 0
75736 12.89 -32.53 -72.44 0
75737 12.74 -32.16 -72.25 0
75738 12.44 -31.67 -71.93 0
75739 12.80 -32.70 -72.44 0
75740 12.78 -32.56 -72.39 0
76890 20.14 -24.58 -72.92 0
76891 19.19 -24.77 -72.81 0
76897 1.39 -26.15 -65.51 0
76898 1.76 -26.64 -65.75 0
76899 2.25 -26.91 -66.00 0
76900 2.70 -27.20 -66.23 0
76901 3.11 -27.54 -66.45 0
76902 3.44 -27.92 -66.64 0
76916 18.43 -25.17 -72.73 0
76919 1.28 -27.06 -65.59 0
76920 1.46 -27.47 -65.73 0
76921 3.75 -28.11 -66.79 0
76934 17.62 -25.77 -72.65 0
76935 4.18 -28.10 -66.96 0
76945 16.68 -26.31 -72.49 0
76946 10.21 -27.47 -69.81 0
76947 9.80 -27.21 -69.56 0
76948 9.17 -27.27 -69.24 0
76949 8.48 -27.52 -68.92 0
76950 7.92 -27.26 -68.59 0
76951 7.36 -27.25 -68.31 0
76952 6.78 -27.41 -68.05 0
76953 6.15 -27.62 -67.78 0
76954 5.49 -27.79 -67.51 0
76955 4.91 -28.11 -67.28 0
76956 4.47 -28.52 -67.14 0
76965 15.83 -27.35 -72.43 0
76966 10.71 -28.50 -70.23 0
76967 10.49 -28.15 -70.07 0
76968 9.86 -28.35 -69.77 0
76969 8.25 -28.36 -68.92 0
76970 7.97 -28.31 -68.77 0
76971 7.47 -28.24 -68.50 0
76972 6.97 -28.28 -68.26 0
76983 14.83 -28.54 -72.35 0
76984 15.31 -28.14 -72.43 0
76985 11.03 -28.64 -70.43 0
76986 10.86 -28.15 -70.25 0
76995 14.34 -29.27 -72.32 0
76996 11.90 -29.31 -71.05 0
76997 11.37 -29.19 -70.72 0
77003 13.79 -29.91 -72.24 0
77004 12.21 -30.72 -71.55 0
77005 12.19 -30.10 -71.39 0
77010 13.17 -30.60 -72.10 0
77011 12.56 -30.73 -71.77 0
77012 12.38 -30.36 -71.57 0
77013 12.97 -31.38 -72.19 0
77014 12.77 -31.30 -72.05 0
78118 18.76 -23.83 -72.58 0
78124 1.88 -25.37 -65.64 0
78125 2.33 -25.71 -65.88 0
78126 2.78 -26.03 -66.13 0
78127 3.21 -26.39 -66.36 0
78128 3.69 -26.76 -66.61 0
78129 3.72 -27.52 -66.71 0
78141 17.91 -24.39 -72.47 0
78142 4.28 -26.35 -66.80 0
78143 4.02 -27.31 -66.80 0
78152 17.18 -25.07 -72.40 0
78153 4.73 -26.15 -66.97 0
78154 4.50 -27.03 -66.97 0
78163 16.58 -25.13 -72.24 0
78164 10.28 -26.75 -69.74 0
78165 10.14 -26.21 -69.59 0
78166 9.69 -26.09 -69.34 0
78167 9.06 -26.10 -69.02 0
78168 8.42 -26.12 -68.70 0
78169 7.82 -26.11 -68.39 0
78170 7.21 -26.22 -68.10 0
78171 6.59 -26.37 -67.82 0
78172 5.94 -26.52 -67.54 0
78173 5.17 -26.60 -67.21 0
78174 4.64 -27.67 -67.11 0
78184 15.86 -26.00 -72.17 0
78185 10.65 -26.93 -69.95 0
78197 14.76 -28.09 -72.23 0
78198 14.96 -27.40 -72.14 0
78199 11.36 -27.92 -70.48 0
78200 11.20 -27.31 -70.31 0
78212 14.49 -28.35 -72.18 0
78213 14.15 -27.91 -71.93 0
78214 12.37 -28.24 -71.10 0
78215 11.85 -27.80 -70.73 0
78216 11.89 -26.44 -70.52 0
78226 13.94 -28.93 -72.07 0
78227 13.45 -28.59 -71.75 0
78228 12.73 -28.75 -71.41 0
78237 13.46 -29.54 -71.99 0
78238 12.99 -29.69 -71.77 0
78239 12.56 -29.92 -71.58 0
79474 2.39 -24.53 -65.77 0
79475 2.86 -24.80 -66.02 0
79476 3.33 -25.16 -66.27 0
79477 3.66 -25.64 -66.47 0
79478 4.12 -25.49 -66.65 0
79489 18.33 -22.71 -72.29 0
79490 4.62 -25.38 -66.85 0
79501 17.12 -23.79 -72.15 0
79502 9.29 -23.98 -68.86 0
79503 8.81 -24.02 -68.63 0
79504 8.53 -24.03 -68.49 0
79505 5.08 -25.40 -67.03 0
79515 16.08 -24.48 -71.96 0
79516 10.59 -25.97 -69.78 0
79517 10.34 -25.06 -69.53 0
79518 9.65 -24.69 -69.13 0
79519 8.93 -24.95 -68.80 0
79520 8.33 -24.79 -68.48 0
79521 7.67 -25.06 -68.18 0
79522 7.05 -25.15 -67.89 0
79523 6.42 -25.30 -67.61 0
79524 5.83 -25.46 -67.36 0
79525 5.46 -25.33 -67.18 0
79536 15.04 -25.35 -71.76 0
79537 14.46 -24.90 -71.44 0
79538 11.12 -25.95 -70.05 0
79539 10.99 -24.93 -69.83 0
79548 14.38 -26.83 -71.79 0
79549 14.06 -26.09 -71.50 0
79550 11.63 -25.88 -70.29 0
79551 11.66 -24.69 -70.13 0
79561 13.70 -27.41 -71.61 0
79562 13.02 -27.10 -71.21 0
79563 12.52 -26.14 -70.79 0
79564 12.25 -25.05 -70.47 0
79565 12.24 -23.96 -70.29 0
79576 13.17 -27.95 -71.47 0
79577 12.97 -27.93 -71.36 0
80797 3.27 -22.85 -66.00 0
80798 3.54 -22.89 -66.14 0
80810 2.87 -23.69 -65.90 0
80811 3.47 -23.71 -66.18 0
80812 3.96 -24.41 -66.47 0
80813 4.53 -24.43 -66.72 0
80820 5.02 -24.47 -66.91 0
80829 17.46 -22.03 -71.95 0
80830 9.80 -23.16 -69.01 0
80831 9.23 -23.10 -68.72 0
80832 8.57 -23.30 -68.42 0
80833 7.98 -23.12 -68.10 0
80834 7.42 -23.11 -67.82 0
80835 7.10 -23.11 -67.66 0
80836 5.45 -24.52 -67.09 0
80845 16.29 -22.72 -71.72 0
80846 15.80 -22.10 -71.46 0
80847 10.86 -24.09 -69.65 0
80848 10.44 -23.49 -69.36 0
80849 8.38 -24.04 -68.41 0
80850 8.07 -24.06 -68.26 0
80851 7.51 -24.07 -67.98 0
80852 6.88 -23.92 -67.66 0
80853 6.22 -24.38 -67.41 0
80854 5.78 -24.67 -67.24 0
80866 15.59 -23.93 -71.70 0
80867 14.97 -23.20 -71.34 0
80868 14.47 -22.28 -71.00 0
80869 11.38 -23.85 -69.87 0
80870 11.15 -23.12 -69.66 0
80885 13.76 -24.98 -71.16 0
80886 13.72 -23.10 -70.83 0
80887 13.23 -22.72 -70.56 0
80888 12.01 -23.21 -70.07 0
80889 11.56 -23.08 -69.84 0
80903 13.08 -25.74 -70.99 0
80904 13.02 -24.75 -70.79 0
80905 12.82 -23.53 -70.50 0
80906 12.44 -23.35 -70.29 0
82101 4.03 -22.30 -66.30 0
82111 3.76 -22.83 -66.23 0
82112 4.10 -23.04 -66.40 0
82113 4.50 -23.40 -66.61 0
82119 4.98 -23.49 -66.81 0
82127 9.95 -22.51 -69.00 0
82128 9.76 -22.14 -68.87 0
82129 9.12 -22.02 -68.54 0
82130 8.45 -22.06 -68.22 0
82131 7.82 -22.13 -67.91 0
82132 7.21 -22.37 -67.64 0
82133 6.76 -22.52 -67.44 0
82134 5.45 -23.61 -67.00 0
82143 16.99 -21.29 -71.70 0
82144 16.36 -20.95 -71.46 0
82145 15.84 -20.56 -71.24 0
82146 10.27 -22.25 -69.12 0
82147 10.20 -21.28 -68.97 0
82148 6.89 -23.03 -67.55 0
82149 6.46 -23.28 -67.39 0
82150 5.94 -23.67 -67.21 0
82160 15.60 -21.57 -71.31 0
82161 15.02 -21.09 -71.03 0
82162 14.27 -20.72 -70.69 0
82163 10.97 -22.11 -69.44 0
82175 14.17 -21.76 -70.80 0
82176 13.35 -21.61 -70.45 0
82177 12.43 -21.91 -70.08 0
82178 11.69 -22.15 -69.78 0
82184 13.02 -22.64 -70.45 0
82185 12.68 -22.70 -70.31 0
83292 4.49 -21.97 -66.47 0
83293 4.83 -21.75 -66.61 0
83303 4.50 -22.69 -66.55 0
83304 4.92 -22.36 -66.69 0
83311 5.44 -22.66 -66.92 0
83324 9.73 -20.69 -68.69 0
83325 8.96 -20.87 -68.34 0
83326 8.25 -20.98 -68.01 0
83327 7.57 -21.19 -67.70 0
83328 6.90 -21.55 -67.43 0
83329 6.31 -22.37 -67.24 0
83330 5.85 -22.89 -67.10 0
83341 15.96 -19.25 -71.08 0
83342 10.74 -21.11 -69.20 0
83343 10.48 -20.26 -68.99 0
83344 6.20 -23.07 -67.26 0
83345 6.08 -23.00 -67.20 0
83356 14.88 -19.39 -70.73 0
83357 13.97 -19.78 -70.45 0
83358 11.52 -20.55 -69.50 0
83359 10.96 -20.21 -69.21 0
83368 13.31 -20.11 -70.23 0
83369 12.74 -20.71 -70.06 0
83370 12.14 -21.08 -69.84 0
84570 5.10 -21.37 -66.68 0
84580 5.51 -20.55 -66.77 0
84581 5.53 -21.61 -66.87 0
84591 9.76 -19.92 -68.62 0
84592 9.45 -19.70 -68.45 0
84593 8.71 -19.78 -68.12 0
84594 7.99 -19.91 -67.79 0
84595 7.23 -20.22 -67.47 0
84596 6.30 -20.68 -67.11 0
84597 5.89 -22.04 -67.05 0
84609 10.10 -19.37 -68.73 0
84610 9.72 -18.61 -68.48 0
84621 15.64 -17.65 -70.76 0
84622 14.41 -17.86 -70.37 0
84623 13.31 -17.99 -69.97 0
84624 12.25 -18.75 -69.62 0
84625 11.10 -18.95 -69.14 0
84635 13.58 -19.04 -70.20 0
84636 12.92 -19.45 -69.98 0
84637 12.32 -20.10 -69.80 0
85774 5.87 -19.40 -66.82 0
85789 9.13 -18.74 -68.22 0
85790 8.49 -18.55 -67.91 0
85791 7.67 -18.74 -67.55 0
85792 6.95 -19.32 -67.27 0
85793 6.49 -19.11 -67.06 0
85812 11.43 -16.37 -69.05 0
85813 10.45 -17.53 -68.72 0
85814 9.45 -17.75 -68.29 0
85815 8.95 -18.07 -68.08 0
85834 15.60 -15.15 -70.46 0
85835 13.92 -16.04 -69.99 0
85836 12.77 -16.85 -69.64 0
85837 11.83 -17.40 -69.31 0
85838 11.21 -17.56 -69.05 0
87028 8.48 -17.94 -67.86 0
87029 8.24 -17.99 -67.75 0
87053 10.80 -15.37 -68.71 0
87054 9.75 -16.29 -68.32 0
87055 8.72 -17.29 -67.92 0
87078 13.08 -14.96 -69.59 0
87079 12.23 -15.99 -69.35 0
