# Label from mne_analyze
877
135804 -39.79 76.81 33.56 0
135817 -39.95 76.41 33.30 0
135831 -40.08 76.41 32.78 0
135832 -40.34 75.66 32.48 0
136532 -38.85 76.53 37.17 0
136543 -39.16 76.76 35.97 0
136544 -39.06 76.17 36.70 0
136557 -39.43 77.03 34.77 0
136558 -39.37 76.42 35.45 0
136574 -39.63 77.61 33.49 0
136575 -39.63 76.84 34.15 0
136592 -39.87 77.27 32.85 0
136602 -40.16 77.00 31.96 0
136603 -40.37 76.23 31.88 0
136619 -40.26 77.34 31.27 0
136620 -40.48 76.49 31.27 0
136621 -40.79 75.89 30.71 0
137329 -38.82 77.06 36.94 0
137330 -38.69 77.28 37.22 0
137331 -38.41 77.36 38.09 0
137332 -38.09 77.43 39.19 0
137346 -39.07 77.42 35.80 0
137347 -38.90 77.36 36.41 0
137348 -38.68 78.20 36.56 0
137363 -39.33 77.66 34.66 0
137364 -39.20 77.55 35.20 0
137380 -39.46 78.51 33.42 0
137381 -39.42 77.84 34.13 0
137393 -39.64 78.35 32.80 0
137400 -39.79 78.99 31.54 0
137401 -39.85 78.22 32.06 0
137413 -39.86 79.03 31.20 0
137414 -40.05 78.37 31.10 0
137415 -40.37 77.48 30.73 0
137416 -40.65 76.76 30.40 0
137417 -40.93 76.15 30.02 0
137418 -41.27 75.57 29.49 0
137430 -40.12 78.75 30.47 0
137431 -40.28 78.28 30.32 0
137432 -40.54 77.62 29.99 0
137433 -40.83 76.91 29.67 0
137434 -41.03 76.34 29.52 0
138075 -37.13 78.47 42.52 0
138076 -37.46 78.42 41.08 0
138090 -37.75 78.71 39.68 0
138104 -38.48 78.38 37.15 0
138105 -38.22 78.70 37.85 0
138106 -37.96 79.25 38.47 0
138114 -39.00 77.99 35.59 0
138115 -38.80 78.76 35.71 0
138116 -38.55 79.20 36.29 0
138125 -39.24 78.18 34.53 0
138126 -39.03 78.86 34.79 0
138127 -38.81 79.59 34.99 0
138139 -39.36 79.06 33.33 0
138140 -39.24 78.98 33.86 0
138141 -39.05 79.64 34.05 0
138150 -39.44 79.15 32.88 0
138156 -39.67 79.46 31.59 0
138157 -39.59 79.31 32.10 0
138163 -39.75 79.52 31.21 0
138164 -39.88 79.20 30.95 0
138165 -41.26 76.09 29.03 0
138166 -41.42 75.94 28.68 0
138176 -39.81 79.69 30.79 0
138177 -39.97 79.36 30.44 0
138178 -40.18 78.96 30.01 0
138179 -40.41 78.47 29.64 0
138180 -40.72 77.83 29.16 0
138181 -41.11 76.73 28.91 0
138182 -41.37 76.63 28.18 0
138193 -40.07 79.59 29.80 0
138194 -40.26 79.28 29.39 0
138195 -40.50 78.81 28.96 0
138196 -40.73 78.44 28.53 0
138867 -36.85 80.57 42.37 0
138868 -37.19 80.11 41.11 0
138869 -37.48 80.04 39.87 0
138878 -36.49 81.49 43.61 0
138879 -36.66 81.16 42.95 0
138880 -37.73 80.16 38.74 0
138893 -36.25 82.14 44.59 0
138894 -36.35 81.89 44.12 0
138895 -38.32 79.51 36.89 0
138896 -38.07 80.24 37.32 0
138897 -37.89 80.25 38.04 0
138907 -38.63 80.06 35.33 0
138908 -38.40 80.22 36.09 0
138909 -38.24 80.31 36.61 0
138914 -38.88 80.10 34.33 0
138915 -38.75 80.16 34.79 0
138922 -39.29 79.59 33.16 0
138923 -39.11 80.09 33.42 0
138924 -38.99 80.17 33.85 0
138930 -39.34 80.06 32.49 0
138931 -39.22 80.14 32.94 0
138936 -39.58 80.00 31.49 0
138937 -39.45 80.13 31.91 0
138943 -39.67 80.18 30.91 0
138944 -41.59 76.13 27.99 0
138945 -41.86 75.79 27.52 0
138953 -39.79 80.13 30.43 0
138954 -39.91 80.14 29.94 0
138955 -40.93 77.80 28.47 0
138956 -41.18 77.42 27.99 0
138957 -41.55 76.90 27.35 0
138958 -41.96 76.19 26.83 0
138968 -40.08 80.19 29.22 0
138969 -40.34 79.63 28.73 0
138970 -40.60 79.15 28.29 0
138971 -40.92 78.57 27.76 0
138972 -41.27 77.86 27.29 0
138973 -41.44 77.57 27.02 0
138985 -40.23 80.37 28.48 0
138986 -40.44 79.95 28.07 0
138987 -40.68 79.47 27.67 0
138988 -40.83 79.21 27.42 0
139538 -36.81 81.90 41.63 0
139539 -36.99 81.67 40.94 0
139540 -37.25 81.44 39.86 0
139550 -36.48 82.52 42.98 0
139551 -36.64 82.22 42.31 0
139552 -37.51 81.35 38.76 0
139564 -36.02 83.64 45.16 0
139565 -36.18 83.20 44.39 0
139566 -36.35 82.79 43.59 0
139567 -37.99 81.28 36.90 0
139568 -37.79 81.31 37.64 0
139579 -38.59 80.64 35.03 0
139580 -38.47 80.96 35.27 0
139581 -38.19 81.23 36.16 0
139586 -38.82 80.60 34.13 0
139587 -38.68 80.88 34.48 0
139588 -38.48 81.71 34.66 0
139593 -39.06 80.57 33.23 0
139594 -38.92 80.82 33.57 0
139595 -38.74 81.62 33.68 0
139601 -39.27 80.55 32.36 0
139602 -39.14 80.78 32.69 0
139603 -38.96 81.53 32.80 0
139607 -39.46 80.45 31.60 0
139608 -39.32 80.80 31.88 0
139609 -39.18 81.44 31.97 0
139613 -39.48 80.85 31.12 0
139614 -39.35 81.28 31.32 0
139618 -39.65 80.84 30.39 0
139619 -39.78 80.53 30.10 0
139620 -41.55 77.45 26.79 0
139621 -41.77 77.04 26.53 0
139628 -39.65 81.22 30.02 0
139629 -39.80 80.97 29.65 0
139630 -40.95 79.08 27.18 0
139631 -41.14 78.60 27.00 0
139632 -41.41 78.06 26.65 0
139633 -41.62 77.62 26.43 0
139642 -40.01 81.27 28.52 0
139643 -40.30 80.75 27.85 0
139644 -40.55 80.22 27.43 0
139645 -40.81 79.67 27.09 0
139646 -41.06 79.28 26.65 0
139647 -41.26 78.73 26.50 0
139657 -40.00 81.92 27.98 0
139658 -40.19 81.66 27.48 0
139659 -40.45 80.96 27.14 0
139660 -40.70 80.46 26.74 0
139661 -40.91 79.91 26.55 0
139669 -40.26 81.98 26.96 0
139670 -40.43 81.59 26.71 0
139671 -40.58 81.03 26.65 0
140223 -36.78 83.12 40.88 0
140224 -37.04 82.83 39.76 0
140225 -37.29 82.63 38.71 0
140239 -36.46 83.57 42.41 0
140240 -36.62 83.37 41.63 0
140241 -37.55 82.47 37.73 0
140257 -35.95 84.90 44.82 0
140258 -36.11 84.35 44.13 0
140259 -36.25 83.85 43.53 0
140260 -36.35 83.61 43.09 0
140261 -37.90 82.31 36.48 0
140262 -37.72 82.37 37.10 0
140274 -38.31 81.96 35.14 0
140275 -38.12 82.49 35.49 0
140286 -38.58 82.04 34.02 0
140287 -38.37 82.67 34.37 0
140288 -38.24 82.65 34.89 0
140298 -38.84 81.80 33.12 0
140299 -38.68 82.53 33.19 0
140300 -38.51 82.78 33.72 0
140311 -39.05 81.71 32.27 0
140312 -38.88 82.48 32.37 0
140313 -38.74 82.90 32.65 0
140321 -39.26 81.55 31.49 0
140322 -39.11 82.31 31.53 0
140323 -38.95 82.84 31.74 0
140327 -39.50 81.28 30.64 0
140328 -39.35 81.90 30.78 0
140329 -39.20 82.54 30.93 0
140333 -39.55 81.49 30.26 0
140334 -39.51 82.07 29.92 0
140340 -39.64 81.55 29.81 0
140341 -39.70 81.96 29.21 0
140342 -41.58 77.97 26.24 0
140343 -41.81 77.57 25.95 0
140347 -39.85 82.26 28.34 0
140348 -41.24 79.10 26.26 0
140349 -41.49 78.59 25.95 0
140350 -41.93 78.16 25.10 0
140354 -40.00 82.45 27.60 0
140355 -40.16 82.25 27.12 0
140356 -40.87 80.31 26.32 0
140357 -41.14 79.77 25.97 0
140358 -41.63 79.31 24.93 0
140359 -41.90 78.68 24.73 0
140363 -40.10 82.71 27.02 0
140364 -40.29 82.41 26.53 0
140365 -40.50 81.95 26.17 0
140366 -40.77 81.06 26.02 0
140367 -41.22 80.55 25.09 0
140368 -41.56 80.27 24.27 0
140373 -40.44 82.42 26.00 0
140374 -40.62 82.21 25.57 0
140375 -40.94 81.60 25.01 0
140376 -41.28 81.20 24.31 0
140377 -41.58 80.90 23.61 0
140384 -40.77 82.48 24.84 0
140385 -41.05 82.09 24.25 0
140386 -41.34 81.75 23.61 0
140396 -40.88 82.81 24.21 0
140397 -41.12 82.63 23.54 0
140398 -41.39 82.22 22.97 0
140408 -41.23 82.86 22.93 0
140939 -36.74 84.26 40.25 0
140940 -36.87 84.08 39.63 0
140941 -37.08 83.97 38.57 0
140942 -37.16 84.48 37.69 0
140950 -35.64 88.00 44.88 0
140951 -35.82 87.51 44.03 0
140952 -36.00 86.88 43.26 0
140953 -36.17 86.15 42.57 0
140954 -36.36 85.18 41.96 0
140955 -36.59 84.56 40.91 0
140956 -37.34 83.71 37.58 0
140957 -37.25 84.58 37.16 0
140965 -35.72 86.74 45.19 0
140966 -35.89 86.19 44.43 0
140967 -36.06 85.57 43.73 0
140968 -36.21 84.89 43.12 0
140969 -36.33 84.23 42.82 0
140970 -37.81 83.01 36.25 0
140971 -37.65 83.38 36.57 0
140976 -37.89 83.32 35.71 0
140977 -37.70 84.16 35.67 0
140984 -38.31 83.20 34.22 0
140985 -38.16 83.46 34.56 0
140992 -38.54 83.18 33.28 0
140993 -38.37 83.46 33.74 0
140994 -38.21 84.25 33.69 0
141003 -38.75 83.20 32.31 0
141004 -38.63 83.36 32.71 0
141013 -38.99 83.08 31.38 0
141014 -38.84 83.45 31.70 0
141015 -38.68 83.77 32.11 0
141022 -39.24 82.73 30.58 0
141023 -39.10 83.17 30.84 0
141024 -38.95 83.59 31.12 0
141027 -39.35 82.79 30.06 0
141028 -39.21 83.21 30.32 0
141031 -39.50 82.69 29.45 0
141035 -39.64 82.82 28.76 0
141040 -39.78 83.09 27.98 0
141041 -41.83 79.56 24.11 0
141042 -42.01 78.83 24.27 0
141048 -39.95 83.17 27.26 0
141049 -40.12 83.21 26.58 0
141058 -40.38 83.09 25.72 0
141059 -40.59 82.78 25.22 0
141067 -40.40 83.62 25.25 0
141068 -40.60 83.33 24.75 0
141077 -40.88 83.47 23.63 0
141078 -41.09 83.14 23.17 0
141088 -40.90 83.89 23.15 0
141089 -41.12 83.57 22.59 0
141642 -36.71 85.24 39.57 0
141643 -36.89 85.00 38.72 0
141644 -37.02 85.00 37.92 0
141645 -37.13 85.11 37.24 0
141652 -35.53 89.44 44.63 0
141653 -35.75 88.92 43.61 0
141654 -35.94 88.27 42.77 0
141655 -36.12 87.55 42.03 0
141656 -36.29 86.78 41.32 0
141657 -36.47 86.04 40.57 0
141658 -36.59 85.61 40.05 0
141659 -37.39 84.43 36.66 0
141660 -37.24 85.14 36.66 0
141666 -36.04 91.51 40.19 0
141667 -36.10 90.95 40.01 0
141668 -37.53 84.58 35.96 0
141669 -37.38 85.16 36.07 0
141676 -35.98 93.32 39.70 0
141677 -36.08 92.46 39.43 0
141678 -36.18 91.35 39.16 0
141679 -36.30 90.80 38.37 0
141680 -36.36 90.63 37.91 0
141681 -37.86 84.36 34.92 0
141682 -37.61 85.14 35.19 0
141683 -37.47 85.18 35.64 0
141692 -36.02 94.11 39.03 0
141693 -36.11 93.44 38.81 0
141694 -36.21 92.64 38.37 0
141695 -36.32 91.74 37.76 0
141696 -36.35 91.00 37.79 0
141697 -38.01 84.70 34.04 0
141698 -37.79 85.33 34.34 0
141705 -36.10 94.24 38.44 0
141706 -36.21 93.80 37.86 0
141707 -36.33 93.01 37.25 0
141708 -36.36 92.33 37.10 0
141709 -38.48 83.71 33.04 0
141710 -38.35 84.34 33.03 0
141711 -38.13 85.24 33.09 0
141712 -37.93 85.51 33.65 0
141721 -36.31 93.86 37.08 0
141722 -36.36 93.58 36.81 0
141723 -38.53 84.17 32.42 0
141724 -38.36 85.17 32.19 0
141725 -38.19 85.65 32.46 0
141737 -38.85 83.98 31.18 0
141738 -38.67 84.61 31.41 0
141739 -38.47 85.34 31.57 0
141751 -39.13 83.59 30.35 0
141752 -38.97 84.23 30.50 0
141753 -38.78 84.87 30.69 0
141763 -39.39 83.14 29.60 0
141764 -39.24 83.70 29.76 0
141765 -39.10 84.41 29.78 0
141772 -39.46 83.32 29.15 0
141773 -39.40 84.00 28.87 0
141777 -39.58 83.52 28.47 0
141778 -39.55 84.13 28.16 0
141784 -39.68 83.71 27.93 0
141785 -39.70 84.13 27.54 0
141791 -39.80 83.61 27.52 0
141792 -39.91 83.91 26.89 0
141795 -40.12 83.93 26.05 0
141796 -40.18 84.33 25.56 0
141798 -40.28 83.84 25.52 0
141799 -40.35 84.19 25.00 0
141804 -40.59 84.13 24.14 0
141815 -40.76 84.19 23.45 0
141816 -40.85 84.30 22.92 0
141829 -40.95 84.51 22.25 0
141841 -41.05 84.68 21.57 0
142332 -36.69 85.91 39.15 0
142333 -36.76 85.88 38.74 0
142334 -36.90 85.78 37.94 0
142335 -37.02 85.63 37.36 0
142346 -35.41 91.14 44.29 0
142347 -35.67 90.49 43.14 0
142348 -35.89 89.76 42.20 0
142349 -36.07 88.96 41.48 0
142350 -36.22 88.22 40.78 0
142351 -36.39 87.50 40.01 0
142352 -36.61 86.58 39.16 0
142353 -36.78 86.70 37.89 0
142354 -36.96 86.43 37.03 0
142355 -37.11 85.80 36.70 0
142363 -35.58 92.21 42.64 0
142364 -35.85 91.44 41.45 0
142365 -36.04 90.39 40.79 0
142366 -36.17 89.54 40.29 0
142367 -36.31 88.95 39.57 0
142368 -36.47 88.35 38.71 0
142369 -36.65 87.89 37.75 0
142370 -36.85 87.58 36.74 0
142371 -36.99 87.04 36.32 0
142372 -37.25 85.73 36.13 0
142380 -35.47 93.96 42.16 0
142381 -35.78 93.23 40.90 0
142382 -35.95 92.41 40.33 0
142383 -36.15 90.49 39.90 0
142384 -36.24 90.17 39.27 0
142385 -36.37 89.87 38.34 0
142386 -36.54 89.29 37.45 0
142387 -36.72 88.77 36.60 0
142388 -36.88 88.48 35.85 0
142389 -37.53 85.64 35.06 0
142390 -37.41 85.84 35.37 0
142400 -35.67 95.01 40.35 0
142401 -35.89 94.20 39.70 0
142402 -36.40 91.89 36.91 0
142403 -36.44 90.82 37.15 0
142404 -36.64 90.02 36.17 0
142405 -36.80 89.33 35.65 0
142406 -36.92 89.02 35.19 0
142407 -37.58 85.94 34.63 0
142408 -37.44 86.57 34.69 0
142417 -35.73 96.03 39.32 0
142418 -35.97 95.27 38.52 0
142419 -36.14 94.54 37.99 0
142420 -36.39 93.37 36.54 0
142421 -36.42 92.68 36.48 0
142422 -36.50 91.88 36.08 0
142423 -36.58 91.03 35.96 0
142424 -37.95 85.97 33.16 0
142425 -37.76 86.29 33.65 0
142426 -37.55 86.72 34.11 0
142436 -36.12 96.03 37.14 0
142437 -36.24 94.81 37.11 0
142438 -36.39 94.06 36.37 0
142439 -36.48 93.50 35.78 0
142440 -36.51 92.74 35.70 0
142441 -38.22 85.91 32.10 0
142442 -38.05 86.24 32.48 0
142443 -37.88 86.54 32.93 0
142453 -36.19 96.73 36.24 0
142454 -36.29 95.85 36.17 0
142455 -36.42 94.98 35.74 0
142456 -36.48 94.28 35.55 0
142457 -38.52 85.52 31.18 0
142458 -38.34 86.02 31.49 0
142459 -38.16 86.43 31.86 0
142471 -36.24 97.14 35.65 0
142472 -36.32 96.60 35.47 0
142473 -36.42 95.85 35.30 0
142474 -38.84 85.08 30.28 0
142475 -38.67 85.54 30.58 0
142476 -38.49 86.04 30.86 0
142487 -39.21 84.55 29.21 0
142488 -38.99 85.14 29.64 0
142489 -38.81 85.59 29.99 0
142499 -39.37 84.68 28.45 0
142500 -39.16 85.32 28.78 0
142509 -39.55 84.72 27.72 0
142510 -39.37 85.32 27.98 0
142516 -39.74 84.66 27.01 0
142517 -39.56 85.31 27.22 0
142521 -39.95 84.57 26.27 0
142522 -39.78 85.24 26.43 0
142526 -40.08 84.50 25.82 0
142527 -40.06 85.13 25.40 0
142528 -40.03 85.84 24.87 0
142533 -40.37 84.87 24.38 0
142534 -40.19 85.62 24.40 0
142540 -40.59 84.70 23.62 0
142541 -40.42 85.37 23.66 0
142552 -40.72 84.57 23.22 0
142553 -40.68 85.04 22.87 0
142564 -40.82 85.30 21.81 0
142565 -40.76 85.75 21.42 0
142573 -40.99 85.06 21.31 0
142574 -40.95 85.48 20.82 0
143027 -37.08 86.45 36.30 0
143028 -37.16 86.08 36.23 0
143036 -37.00 87.70 35.80 0
143037 -37.12 87.00 35.73 0
143038 -37.21 86.33 35.81 0
143046 -35.32 95.69 41.75 0
143047 -37.03 88.41 35.13 0
143048 -37.16 87.64 35.07 0
143049 -37.28 86.82 35.15 0
143057 -35.49 96.63 40.10 0
143058 -36.79 90.04 35.25 0
143059 -36.90 89.63 34.89 0
143060 -37.05 89.22 34.46 0
143061 -37.19 88.38 34.42 0
143062 -37.38 87.49 34.24 0
143069 -35.74 97.18 38.33 0
143070 -35.97 96.39 37.76 0
143071 -36.63 91.58 35.32 0
143072 -36.73 90.84 35.12 0
143073 -36.91 90.37 34.42 0
143074 -36.99 89.79 34.39 0
143075 -37.78 86.95 33.02 0
143076 -37.63 87.27 33.39 0
143083 -35.86 98.23 36.79 0
143084 -36.01 97.05 37.03 0
143085 -36.57 93.19 35.13 0
143086 -36.62 92.40 35.04 0
143087 -36.78 91.76 34.37 0
143088 -36.84 91.04 34.38 0
143089 -38.05 86.87 31.95 0
143090 -37.88 87.23 32.35 0
143091 -37.74 87.37 32.82 0
143098 -35.99 98.63 35.75 0
143099 -36.11 97.67 35.93 0
143100 -36.51 94.68 35.14 0
143101 -36.59 94.14 34.72 0
143102 -36.68 93.14 34.40 0
143103 -36.73 92.49 34.31 0
143104 -38.38 86.56 30.88 0
143105 -38.17 87.09 31.28 0
143106 -38.01 87.31 31.77 0
143116 -36.14 98.36 35.12 0
143117 -36.29 97.48 34.93 0
143118 -36.45 96.50 34.55 0
143119 -36.55 95.27 34.55 0
143120 -36.64 94.72 34.15 0
143121 -38.72 85.97 30.04 0
143122 -38.57 86.53 30.17 0
143123 -38.36 87.05 30.58 0
143134 -39.00 85.65 29.16 0
143135 -38.83 86.18 29.41 0
143136 -38.68 86.74 29.60 0
143148 -39.04 85.91 28.82 0
143149 -39.01 86.43 28.52 0
143160 -39.19 85.91 28.22 0
143161 -39.19 86.52 27.75 0
143167 -39.37 85.93 27.47 0
143168 -39.38 86.54 26.97 0
143176 -39.57 85.91 26.69 0
143177 -39.58 86.57 26.09 0
143178 -39.68 86.89 25.37 0
143184 -39.77 85.83 25.98 0
143185 -39.86 86.21 25.26 0
143186 -39.84 86.80 24.75 0
143190 -40.03 86.34 24.40 0
143191 -39.94 86.78 24.34 0
143193 -40.23 86.13 23.68 0
143194 -40.32 86.33 22.98 0
143197 -40.45 85.79 23.02 0
143198 -40.46 86.14 22.51 0
143203 -40.60 85.69 22.41 0
143204 -40.59 86.12 21.84 0
143205 -40.55 86.54 21.34 0
143211 -40.70 86.07 21.22 0
143212 -40.68 86.43 20.70 0
143673 -37.12 89.42 34.04 0
143674 -37.21 89.09 33.89 0
143675 -37.34 88.40 33.78 0
143682 -35.32 98.34 39.51 0
143683 -36.99 90.50 33.94 0
143684 -37.10 89.93 33.80 0
143685 -37.28 89.38 33.37 0
143686 -37.49 88.04 33.38 0
143697 -35.48 100.13 36.98 0
143698 -35.50 99.43 37.56 0
143699 -36.88 91.87 33.80 0
143700 -36.99 91.18 33.61 0
143701 -37.21 90.49 32.98 0
143702 -37.84 87.76 32.13 0
143703 -37.70 88.00 32.55 0
143716 -35.57 100.16 36.45 0
143717 -35.79 99.36 36.13 0
143718 -36.67 94.45 34.00 0
143719 -36.74 93.91 33.77 0
143720 -36.89 92.64 33.41 0
143721 -37.11 91.97 32.64 0
143722 -38.12 87.65 31.07 0
143723 -37.94 88.02 31.52 0
143724 -37.71 88.77 31.92 0
143738 -35.75 100.22 35.42 0
143739 -36.01 99.45 34.76 0
143740 -36.26 98.49 34.18 0
143741 -36.47 97.51 33.58 0
143742 -36.63 96.23 33.46 0
143743 -36.74 94.98 33.34 0
143744 -36.91 94.03 32.72 0
143745 -37.04 93.35 32.31 0
143746 -38.44 87.21 30.16 0
143747 -38.25 87.82 30.42 0
143748 -38.04 88.79 30.55 0
143760 -36.20 99.36 33.65 0
143761 -36.39 98.72 33.03 0
143762 -36.57 97.99 32.45 0
143763 -38.73 86.82 29.33 0
143764 -38.59 87.38 29.45 0
143765 -38.41 88.30 29.43 0
143777 -38.82 86.93 28.86 0
143778 -38.80 87.63 28.40 0
143792 -36.79 100.26 28.63 0
143793 -36.92 99.40 28.46 0
143794 -39.00 87.07 28.05 0
143795 -38.99 87.73 27.53 0
143809 -36.95 99.95 27.70 0
143810 -37.07 99.02 27.69 0
143811 -37.17 98.52 27.40 0
143812 -39.18 87.15 27.25 0
143813 -39.18 87.84 26.63 0
143814 -39.15 88.31 26.37 0
143825 -37.00 100.52 26.82 0
143826 -37.12 99.61 26.77 0
143827 -37.22 98.82 26.76 0
143828 -39.36 87.12 26.55 0
143829 -39.46 87.44 25.81 0
143830 -39.26 88.20 25.94 0
143837 -37.20 100.11 25.83 0
143838 -37.31 99.20 25.83 0
143839 -39.67 87.38 24.93 0
143840 -39.47 88.03 25.14 0
143847 -37.44 99.61 24.76 0
143848 -40.01 86.74 24.04 0
143849 -39.87 87.17 24.18 0
143850 -39.68 87.87 24.32 0
143856 -40.09 86.53 23.88 0
143857 -40.11 86.86 23.38 0
143858 -39.88 87.67 23.49 0
143861 -40.34 86.71 22.31 0
143862 -40.10 87.48 22.54 0
143865 -40.45 86.68 21.69 0
143866 -40.34 87.32 21.27 0
143867 -40.31 87.80 20.63 0
143871 -40.54 87.01 20.50 0
143872 -40.50 87.50 19.92 0
144370 -37.36 88.86 33.38 0
144371 -37.42 88.48 33.38 0
144382 -35.05 100.16 39.08 0
144384 -37.32 89.81 32.91 0
144385 -37.42 89.18 32.88 0
144386 -37.50 88.58 33.00 0
144398 -35.35 100.79 36.92 0
144399 -35.24 100.41 37.87 0
144400 -37.25 91.19 32.40 0
144401 -37.42 90.30 32.18 0
144402 -37.52 89.52 32.25 0
144403 -37.58 88.89 32.42 0
144416 -37.13 92.69 32.17 0
144417 -37.31 92.10 31.59 0
144418 -37.48 91.08 31.40 0
144419 -37.74 89.69 31.17 0
144420 -37.63 89.22 31.94 0
144432 -35.81 101.10 34.07 0
144433 -36.07 100.01 33.75 0
144434 -36.69 97.04 32.41 0
144435 -36.82 96.01 32.29 0
144436 -36.98 95.14 31.78 0
144437 -37.09 94.10 31.68 0
144438 -37.20 93.27 31.55 0
144439 -37.25 92.73 31.53 0
144440 -38.23 88.84 29.74 0
144441 -38.06 89.54 29.89 0
144454 -36.04 101.65 32.14 0
144455 -36.25 100.08 32.51 0
144456 -36.55 98.84 31.78 0
144457 -36.74 97.80 31.44 0
144458 -36.91 96.67 31.22 0
144459 -36.95 95.93 31.50 0
144460 -38.60 88.30 28.67 0
144461 -38.39 89.14 28.86 0
144462 -38.23 89.40 29.32 0
144476 -36.35 101.05 30.85 0
144477 -36.55 99.79 30.78 0
144478 -36.76 98.63 30.44 0
144479 -36.92 97.55 30.31 0
144480 -38.80 88.32 27.82 0
144481 -38.62 88.97 28.06 0
144499 -36.60 100.60 29.62 0
144500 -36.78 99.50 29.46 0
144501 -37.03 98.25 28.84 0
144502 -37.25 97.47 28.01 0
144503 -37.36 97.13 27.51 0
144504 -38.99 88.34 27.02 0
144505 -38.82 88.91 27.25 0
144524 -37.11 98.48 27.91 0
144525 -37.19 98.08 27.71 0
144526 -37.34 97.56 27.21 0
144527 -39.09 88.34 26.58 0
144528 -39.05 88.83 26.31 0
144529 -39.13 89.32 25.47 0
144544 -37.29 98.17 26.89 0
144545 -37.46 97.59 26.29 0
144546 -37.60 97.26 25.66 0
144547 -39.28 88.70 25.35 0
144548 -39.30 89.22 24.72 0
144554 -37.39 98.38 25.99 0
144555 -37.58 97.81 25.31 0
144556 -37.72 97.21 24.94 0
144557 -39.48 88.55 24.52 0
144558 -39.49 89.07 23.90 0
144564 -37.54 98.63 24.87 0
144565 -37.77 97.78 24.13 0
144566 -37.82 97.15 24.34 0
144567 -39.68 88.39 23.68 0
144568 -39.67 88.91 23.06 0
144575 -37.79 98.94 23.21 0
144576 -37.87 98.00 23.32 0
144577 -39.87 88.21 22.82 0
144578 -39.84 88.73 22.23 0
144586 -40.05 88.05 21.96 0
144587 -40.00 88.52 21.53 0
144595 -40.13 88.03 21.43 0
144596 -40.16 88.20 20.96 0
144597 -40.10 88.70 20.53 0
144610 -40.25 88.17 20.37 0
144611 -40.22 88.61 19.83 0
145127 -37.39 92.31 31.04 0
145128 -37.49 91.99 30.76 0
145129 -37.69 91.16 30.31 0
145130 -37.84 91.16 29.55 0
145141 -37.07 95.29 31.13 0
145142 -37.16 94.86 30.90 0
145143 -37.27 93.88 30.82 0
145144 -37.39 92.82 30.79 0
145145 -37.54 92.43 30.18 0
145146 -37.92 90.43 29.79 0
145147 -37.99 90.93 29.05 0
145160 -37.01 96.41 30.76 0
145161 -37.08 95.85 30.69 0
145162 -37.25 95.21 30.11 0
145163 -38.36 89.59 28.63 0
145164 -38.23 90.05 28.79 0
145165 -38.13 90.94 28.46 0
145177 -37.03 96.70 30.35 0
145178 -37.18 96.46 29.56 0
145179 -37.29 96.42 28.80 0
145180 -38.45 89.57 28.26 0
145181 -38.47 90.11 27.73 0
145197 -37.07 97.22 29.57 0
145198 -37.20 97.08 28.79 0
145199 -37.38 96.63 27.96 0
145200 -37.53 96.19 27.35 0
145201 -38.64 89.51 27.50 0
145202 -38.68 90.04 26.90 0
145220 -37.50 96.85 26.84 0
145221 -37.67 95.96 26.61 0
145222 -37.79 95.42 26.38 0
145223 -38.82 89.44 26.79 0
145224 -38.90 89.87 25.99 0
145225 -38.91 90.37 25.43 0
145243 -37.56 97.08 26.11 0
145244 -37.71 96.58 25.66 0
145245 -37.84 95.66 25.75 0
145246 -39.09 89.93 24.99 0
145247 -38.97 90.57 24.91 0
145256 -37.86 96.67 24.56 0
145257 -37.94 95.92 24.82 0
145258 -39.30 89.74 24.12 0
145259 -39.12 90.40 24.28 0
145265 -37.93 97.49 23.32 0
145266 -37.94 96.95 23.74 0
145267 -38.04 96.17 23.87 0
145268 -39.48 89.58 23.30 0
145269 -39.29 90.22 23.54 0
145276 -38.10 96.94 22.81 0
145277 -38.11 96.43 23.19 0
145278 -39.65 89.43 22.45 0
145279 -39.44 90.10 22.74 0
145289 -39.83 89.20 21.58 0
145290 -39.60 90.01 21.79 0
145303 -39.99 88.85 21.02 0
145304 -39.88 89.62 20.49 0
145305 -39.79 90.43 19.91 0
145322 -40.11 89.25 19.54 0
145323 -40.08 89.89 18.90 0
145853 -37.63 91.97 30.00 0
145854 -37.75 91.74 29.52 0
145855 -37.87 91.51 29.12 0
145866 -37.34 94.50 30.06 0
145867 -37.45 93.66 29.96 0
145868 -37.57 92.93 29.69 0
145869 -37.64 92.39 29.65 0
145870 -37.69 92.08 29.58 0
145871 -37.99 91.45 28.61 0
145882 -37.27 95.76 29.56 0
145883 -37.39 95.07 29.32 0
145884 -37.50 94.27 29.23 0
145885 -37.60 93.54 29.18 0
145886 -38.30 90.78 27.89 0
145887 -38.14 91.45 28.00 0
145899 -37.29 96.12 29.12 0
145900 -37.41 95.80 28.56 0
145901 -37.57 94.83 28.42 0
145902 -37.67 94.00 28.47 0
145903 -38.50 90.69 27.08 0
145904 -38.32 91.39 27.26 0
145919 -37.48 96.03 27.84 0
145920 -37.62 95.46 27.47 0
145921 -37.79 94.34 27.45 0
145922 -37.96 93.93 26.81 0
145923 -38.70 90.56 26.27 0
145924 -38.52 91.24 26.41 0
145941 -37.72 95.47 26.81 0
145942 -37.80 95.01 26.75 0
145943 -37.95 94.36 26.43 0
145944 -38.82 90.46 25.79 0
145945 -38.76 91.02 25.46 0
145962 -37.92 94.98 25.97 0
145963 -38.11 94.29 25.46 0
145964 -38.25 93.89 24.92 0
145965 -38.93 91.10 24.41 0
145966 -39.00 91.23 23.80 0
145978 -38.03 95.09 25.07 0
145979 -38.26 94.35 24.35 0
145980 -38.33 93.77 24.54 0
145981 -39.12 90.80 23.73 0
145982 -39.10 91.14 23.32 0
145990 -38.15 95.32 24.04 0
145991 -38.36 94.71 23.30 0
145992 -39.25 90.68 23.07 0
145993 -39.20 91.09 22.75 0
146001 -38.20 96.38 22.70 0
146002 -38.28 95.69 22.85 0
146003 -38.53 94.74 22.30 0
146004 -39.37 90.67 22.34 0
146005 -39.27 91.06 22.35 0
146015 -38.33 96.43 21.96 0
146016 -38.59 95.33 21.49 0
146017 -38.70 94.54 21.52 0
146018 -39.46 90.66 21.71 0
146019 -39.47 90.84 21.34 0
146033 -39.60 90.39 21.20 0
146034 -39.58 90.82 20.66 0
146050 -39.64 91.39 19.60 0
146580 -37.76 91.93 29.29 0
146581 -37.80 91.86 29.18 0
146593 -37.64 92.89 29.37 0
146594 -37.68 92.70 29.29 0
146595 -37.76 92.18 29.17 0
146596 -37.88 91.88 28.80 0
146608 -37.67 93.02 29.13 0
146609 -37.78 92.74 28.70 0
146610 -37.87 92.28 28.53 0
146611 -37.99 91.96 28.23 0
146623 -37.73 93.34 28.58 0
146624 -37.87 93.04 28.03 0
146625 -37.99 92.77 27.58 0
146626 -38.10 92.15 27.58 0
146641 -37.80 93.64 27.96 0
146642 -37.95 93.44 27.25 0
146643 -38.14 92.75 26.83 0
146644 -38.33 91.99 26.62 0
146660 -38.13 93.55 26.11 0
146661 -38.36 92.57 25.82 0
146662 -38.53 91.78 25.79 0
146678 -38.21 93.76 25.35 0
146679 -38.37 93.26 24.92 0
146680 -38.67 92.04 24.66 0
146681 -38.88 91.58 24.01 0
146696 -38.44 94.06 23.49 0
146697 -38.45 93.57 23.98 0
146698 -38.60 92.84 23.98 0
146699 -38.97 91.51 23.56 0
146713 -38.55 94.11 22.74 0
146714 -38.59 93.53 23.11 0
146715 -38.61 93.16 23.47 0
146716 -39.05 91.52 23.05 0
146726 -38.70 94.06 21.93 0
146727 -38.71 93.54 22.34 0
146728 -39.33 91.03 21.98 0
146729 -39.17 91.45 22.35 0
146739 -38.84 94.60 20.80 0
146740 -38.87 93.96 21.10 0
146741 -38.87 93.43 21.57 0
146742 -39.39 90.97 21.63 0
146743 -39.32 91.35 21.48 0
146753 -39.08 93.98 20.11 0
146754 -39.08 93.12 20.70 0
146755 -39.19 92.59 20.60 0
146756 -39.38 91.67 20.63 0
146767 -39.29 93.14 19.73 0
146768 -39.33 92.38 20.13 0
146769 -39.41 91.88 20.20 0
147276 -37.90 92.60 28.20 0
147277 -37.96 92.30 28.11 0
147278 -38.01 92.18 27.95 0
147292 -37.93 92.73 27.92 0
147293 -37.98 92.48 27.88 0
147294 -38.01 92.28 27.88 0
147339 -38.83 91.88 23.91 0
147340 -38.90 91.71 23.73 0
147356 -38.78 92.23 23.67 0
147357 -38.91 91.82 23.46 0
147377 -38.67 93.13 23.11 0
147378 -38.75 92.73 23.17 0
147379 -38.95 92.05 22.87 0
147391 -38.74 93.09 22.69 0
147392 -38.90 92.56 22.40 0
147393 -39.09 91.99 22.00 0
147404 -38.87 93.01 22.00 0
147405 -39.02 92.51 21.67 0
147406 -39.19 92.03 21.26 0
147416 -38.99 92.92 21.38 0
147417 -39.13 92.52 20.99 0
147418 -39.24 92.13 20.78 0
147430 -39.23 92.34 20.59 0
147431 -39.31 92.08 20.46 0
