# Label from mne_analyze
907
138842 41.65 95.79 29.40 0
138843 41.60 96.39 29.30 0
139525 41.75 94.62 28.94 0
139526 41.68 95.39 29.20 0
139527 41.58 96.86 29.76 0
139538 41.76 94.27 25.90 0
139539 41.73 94.67 26.63 0
139540 41.68 95.22 27.51 0
139541 41.62 96.00 28.47 0
139542 41.52 97.25 28.81 0
139543 41.53 97.45 29.51 0
139558 41.74 94.55 25.40 0
139559 41.70 95.03 25.51 0
139560 41.65 95.59 26.29 0
139561 41.59 96.24 27.01 0
139562 41.51 97.09 27.53 0
139575 41.66 95.41 24.99 0
139576 41.61 95.92 25.18 0
139577 41.56 96.45 25.94 0
139578 41.50 97.09 26.33 0
139591 41.56 96.43 24.72 0
139592 41.53 96.78 25.19 0
139593 41.50 97.04 25.66 0
139660 42.84 93.02 4.70 0
139661 42.82 93.40 4.55 0
139662 42.78 94.16 4.31 0
139670 42.91 92.40 4.28 0
139672 42.81 94.29 3.46 0
140289 41.84 92.37 26.00 0
140290 41.80 93.40 25.95 0
140291 41.47 97.85 28.67 0
140292 41.47 98.25 29.24 0
140306 41.79 93.15 24.73 0
140307 41.75 94.19 25.08 0
140308 41.72 94.71 25.14 0
140309 41.44 98.04 27.94 0
140310 41.34 99.14 27.95 0
140322 41.76 93.50 23.95 0
140323 41.72 94.17 23.89 0
140324 41.68 95.05 24.58 0
140325 41.64 95.61 24.71 0
140326 41.43 97.88 26.62 0
140327 41.35 98.79 26.74 0
140340 41.68 94.54 23.20 0
140341 41.64 95.20 23.26 0
140342 41.59 96.05 24.13 0
140343 41.51 96.96 24.42 0
140344 41.43 97.83 25.22 0
140345 41.37 98.45 25.94 0
140357 41.59 95.61 22.60 0
140358 41.55 96.26 22.77 0
140359 41.50 96.95 23.49 0
140360 41.44 97.68 23.85 0
140373 41.51 96.80 22.23 0
140374 41.48 97.19 22.68 0
140375 41.46 97.53 23.16 0
140416 42.92 87.75 9.36 0
140419 42.53 95.19 7.29 0
140420 42.50 96.29 7.25 0
140421 42.48 96.94 7.25 0
140425 43.03 87.68 8.38 0
140427 42.69 92.45 6.69 0
140428 42.67 93.30 6.48 0
140429 42.64 94.27 6.31 0
140430 42.60 95.41 6.20 0
140431 42.53 96.82 6.42 0
140432 42.51 97.64 6.19 0
140435 43.10 87.82 7.30 0
140436 42.84 90.84 6.20 0
140437 42.81 91.68 5.96 0
140438 42.78 92.50 5.76 0
140439 42.78 93.22 5.29 0
140440 42.72 94.34 5.23 0
140441 42.68 95.53 4.77 0
140442 42.57 97.17 5.30 0
140449 42.94 90.83 5.23 0
140450 42.89 91.79 5.05 0
140451 42.84 92.48 5.09 0
140452 42.74 95.38 3.23 0
140453 42.64 96.66 4.03 0
140471 42.70 96.35 2.87 0
141116 41.83 92.06 25.11 0
141117 41.33 99.69 29.05 0
141132 41.82 91.77 24.50 0
141133 41.80 92.39 24.19 0
141134 41.25 100.15 27.93 0
141148 41.77 93.04 23.70 0
141149 41.74 93.64 23.48 0
141150 41.25 99.91 26.77 0
141162 41.73 93.38 22.94 0
141163 41.70 94.08 22.93 0
141164 41.66 94.68 22.73 0
141165 41.36 98.55 24.87 0
141166 41.30 99.28 25.20 0
141177 41.69 93.74 22.26 0
141178 41.66 94.40 22.03 0
141179 41.62 95.17 22.25 0
141180 41.57 95.80 22.14 0
141181 41.37 98.52 24.20 0
141182 41.29 99.50 23.47 0
141194 41.62 94.90 21.57 0
141195 41.59 95.54 21.47 0
141196 41.54 96.41 21.68 0
141197 41.48 97.31 21.85 0
141198 41.40 98.27 22.65 0
141199 41.32 99.50 22.29 0
141251 42.54 88.52 11.42 0
141252 42.60 87.86 11.74 0
141255 42.27 95.44 10.17 0
141256 42.24 96.35 10.26 0
141257 42.21 97.36 10.42 0
141258 42.19 97.97 10.57 0
141265 42.58 88.78 10.86 0
141266 42.69 88.05 10.85 0
141268 42.35 94.72 9.44 0
141269 42.35 95.73 9.29 0
141270 42.32 96.83 9.34 0
141271 42.26 98.10 9.76 0
141272 42.26 98.93 9.64 0
141278 42.62 89.12 10.31 0
141279 42.74 88.36 10.14 0
141280 42.51 92.95 8.35 0
141281 42.47 93.86 8.50 0
141282 42.45 94.96 8.36 0
141283 42.43 96.06 8.27 0
141284 42.41 97.31 8.12 0
141285 42.33 98.66 8.75 0
141293 42.62 89.42 10.03 0
141294 42.75 88.91 9.40 0
141295 42.64 91.60 7.79 0
141296 42.61 92.35 7.59 0
141297 42.58 93.18 7.50 0
141298 42.56 94.14 7.40 0
141299 42.47 97.32 7.24 0
141300 42.44 98.19 7.20 0
141308 42.87 89.09 7.99 0
141309 42.79 90.12 7.49 0
141310 42.75 90.87 7.14 0
141311 42.72 91.64 6.89 0
141312 42.51 98.38 5.85 0
141321 43.02 88.54 6.85 0
141322 42.93 89.33 6.85 0
141323 42.88 90.08 6.52 0
141324 42.57 97.99 4.60 0
141345 42.62 98.29 2.90 0
141346 42.62 97.49 3.44 0
141374 42.69 97.01 2.35 0
141852 41.32 100.47 30.24 0
141866 41.78 90.87 23.83 0
141867 41.81 91.21 24.51 0
141868 41.20 100.89 28.67 0
141882 41.76 91.11 23.28 0
141883 41.78 91.79 23.49 0
141884 41.78 92.48 23.61 0
141885 41.13 101.11 27.17 0
141899 41.72 91.93 21.86 0
141900 41.74 92.31 22.44 0
141901 41.75 92.68 23.06 0
141902 41.14 100.93 25.65 0
141916 41.70 92.08 21.38 0
141917 41.70 92.61 21.44 0
141918 41.71 93.08 22.22 0
141919 41.14 100.98 23.94 0
141920 41.07 101.90 23.24 0
141933 41.67 93.02 20.92 0
141934 41.66 93.72 21.19 0
141935 41.64 94.48 21.37 0
141936 41.23 100.45 22.55 0
141937 41.13 101.49 22.52 0
141947 41.64 94.23 20.34 0
141948 41.62 94.89 20.74 0
141949 41.57 96.02 20.52 0
141950 41.51 97.07 20.81 0
141951 41.45 98.07 21.11 0
141952 41.37 99.13 21.35 0
141953 41.29 100.15 21.49 0
141954 41.21 101.04 21.59 0
141964 41.55 96.82 19.86 0
141965 41.50 97.77 19.91 0
141966 41.43 98.86 20.13 0
141967 41.35 99.91 20.46 0
141968 41.26 100.83 20.72 0
141969 41.20 101.40 20.95 0
141986 42.38 87.86 13.17 0
141987 42.47 87.41 13.18 0
141997 42.34 88.57 12.64 0
141998 42.40 88.08 12.80 0
142000 42.11 94.10 11.89 0
142001 42.10 94.43 11.86 0
142002 42.08 95.28 11.94 0
142003 42.05 96.33 12.20 0
142004 42.02 97.43 12.43 0
142005 42.00 98.44 12.49 0
142015 42.33 89.24 12.16 0
142016 42.38 88.77 12.21 0
142017 42.47 88.15 12.26 0
142018 42.16 93.91 11.52 0
142019 42.22 94.56 10.78 0
142020 42.16 95.82 11.10 0
142021 42.13 96.88 11.29 0
142022 42.12 97.94 11.37 0
142023 42.07 98.97 11.65 0
142035 42.35 89.37 11.91 0
142036 42.45 89.09 11.48 0
142037 42.36 92.49 10.60 0
142038 42.31 93.11 10.64 0
142039 42.37 93.71 9.59 0
142040 42.17 98.45 10.76 0
142041 42.17 99.24 10.51 0
142052 42.40 89.56 11.50 0
142053 42.49 89.49 11.00 0
142054 42.47 91.43 10.16 0
142055 42.43 91.98 10.16 0
142056 42.45 92.70 9.26 0
142057 42.45 93.31 8.92 0
142058 42.25 99.68 9.55 0
142069 42.54 89.72 10.46 0
142070 42.59 89.92 9.95 0
142071 42.54 90.89 9.78 0
142072 42.56 91.54 8.83 0
142073 42.55 92.24 8.36 0
142074 42.34 99.73 8.30 0
142084 42.68 89.85 9.13 0
142085 42.68 90.41 8.52 0
142086 42.68 90.92 7.95 0
142087 42.43 99.66 6.78 0
142097 42.51 99.98 4.42 0
142098 42.50 99.63 5.06 0
142117 42.55 99.58 3.75 0
142118 42.57 98.60 3.95 0
142140 42.60 99.38 2.24 0
142615 41.77 90.01 24.18 0
142618 41.14 101.68 29.54 0
142632 41.72 90.28 22.36 0
142633 41.74 90.47 22.91 0
142634 41.75 91.28 22.89 0
142635 41.03 102.46 29.24 0
142636 41.03 102.20 28.09 0
142649 41.71 90.64 21.91 0
142650 41.73 91.27 22.21 0
142651 41.74 91.72 22.58 0
142652 40.97 102.53 25.93 0
142653 40.90 103.15 24.80 0
142668 41.70 90.82 21.21 0
142669 41.70 91.56 21.13 0
142670 41.69 92.20 21.10 0
142671 41.05 101.74 24.89 0
142672 40.98 102.51 24.06 0
142684 42.10 86.64 19.40 0
142685 42.16 86.79 18.30 0
142686 41.68 91.84 20.38 0
142687 41.67 92.53 20.45 0
142688 41.67 93.21 20.62 0
142689 41.02 102.60 22.46 0
142690 40.99 103.16 21.81 0
142700 42.22 86.87 17.27 0
142701 42.30 86.75 16.31 0
142702 41.66 92.92 19.76 0
142703 41.66 93.55 19.96 0
142704 41.63 94.74 19.51 0
142705 41.61 95.41 19.98 0
142706 41.14 101.92 21.37 0
142707 41.06 102.76 21.28 0
142714 42.35 86.94 15.11 0
142716 41.65 95.21 18.63 0
142717 41.61 95.98 19.16 0
142718 41.56 97.23 18.92 0
142719 41.51 98.53 18.67 0
142720 41.41 99.73 19.33 0
142721 41.32 100.71 19.78 0
142722 41.22 101.77 20.11 0
142723 41.14 102.35 20.71 0
142729 42.31 87.39 14.41 0
142731 41.54 99.00 17.80 0
142732 41.48 99.67 18.20 0
142733 41.38 100.69 18.78 0
142734 41.31 101.33 19.30 0
142742 42.18 88.76 13.62 0
142743 42.30 88.05 13.53 0
142744 42.36 87.49 13.87 0
142746 41.96 94.23 13.32 0
142747 41.92 95.06 13.75 0
142748 41.87 96.02 14.27 0
142749 41.83 97.13 14.67 0
142750 41.81 97.85 14.85 0
142758 42.18 89.46 13.00 0
142759 42.26 88.82 12.94 0
142760 42.28 88.44 13.22 0
142761 42.13 92.46 12.40 0
142762 42.10 93.15 12.41 0
142763 42.07 93.94 12.30 0
142764 42.01 94.78 12.70 0
142765 41.97 95.72 13.04 0
142766 41.93 96.81 13.41 0
142767 41.88 98.14 13.86 0
142768 41.91 99.65 13.17 0
142769 41.84 100.69 13.54 0
142777 42.27 89.54 12.38 0
142778 42.27 89.16 12.63 0
142779 42.25 92.13 11.68 0
142780 42.21 92.72 11.73 0
142781 42.19 93.29 11.64 0
142782 42.05 100.05 11.66 0
142783 41.93 100.84 12.65 0
142791 42.33 89.97 11.79 0
142792 42.33 90.38 11.63 0
142793 42.36 91.29 11.20 0
142794 42.35 91.79 11.12 0
142795 42.33 92.38 10.98 0
142796 42.26 92.88 11.25 0
142797 42.15 100.41 10.56 0
142798 42.05 101.14 11.46 0
142807 42.41 89.82 11.33 0
142808 42.42 90.24 11.07 0
142809 42.43 90.87 10.81 0
142810 42.44 91.39 10.54 0
142811 42.39 91.89 10.70 0
142812 42.22 101.09 9.61 0
142813 42.13 101.24 10.61 0
142821 42.51 90.10 10.47 0
142822 42.50 90.50 10.41 0
142823 42.48 90.92 10.38 0
142824 42.34 101.06 7.93 0
142831 42.44 101.78 5.64 0
142832 42.43 100.93 6.35 0
142841 42.50 100.73 4.46 0
142842 42.47 100.77 5.38 0
142859 42.53 101.10 2.82 0
142860 42.54 100.43 3.25 0
142882 42.56 100.36 2.57 0
143355 41.71 88.94 22.96 0
143356 41.73 89.56 23.33 0
143357 40.99 102.89 29.71 0
143368 41.73 89.28 21.69 0
143369 41.72 89.72 22.28 0
143370 41.72 89.92 22.83 0
143371 40.93 103.21 28.74 0
143372 40.88 103.47 27.33 0
143384 41.72 89.65 21.24 0
143385 41.71 90.28 21.31 0
143386 40.83 103.81 26.17 0
143387 40.84 103.77 25.18 0
143396 41.89 87.33 20.76 0
143397 41.72 90.09 20.72 0
143398 41.70 90.76 20.52 0
143399 41.69 91.43 20.31 0
143400 40.85 103.75 24.05 0
143401 40.84 104.06 23.09 0
143409 41.94 87.42 19.92 0
143410 41.98 87.65 18.96 0
143411 41.69 91.15 19.85 0
143412 41.67 91.84 19.66 0
143413 41.66 92.55 19.57 0
143414 40.91 103.34 23.18 0
143415 40.92 103.71 22.25 0
143423 42.01 87.95 17.68 0
143424 42.13 87.56 16.69 0
143425 41.66 92.36 18.96 0
143426 41.66 93.07 19.06 0
143427 41.66 93.93 18.75 0
143428 41.66 94.65 18.59 0
143429 41.00 103.53 21.25 0
143437 41.98 88.46 16.45 0
143438 42.15 87.74 15.77 0
143439 41.68 94.39 18.07 0
143440 41.67 94.97 18.00 0
143441 41.66 95.68 17.91 0
143442 41.63 96.64 18.01 0
143443 41.60 97.58 17.95 0
143444 41.23 102.28 19.58 0
143445 41.14 102.94 20.08 0
143448 41.91 89.42 14.96 0
143449 42.00 88.79 15.26 0
143450 42.19 87.87 14.83 0
143451 41.69 96.22 17.14 0
143452 41.67 97.12 16.99 0
143453 41.61 98.33 17.19 0
143454 41.56 99.43 17.14 0
143455 41.48 100.58 17.53 0
143456 41.33 102.11 18.55 0
143457 41.22 103.41 19.03 0
143462 41.99 89.80 14.03 0
143463 42.00 89.43 14.28 0
143464 42.15 88.47 14.28 0
143465 42.26 87.86 14.18 0
143466 41.94 93.20 13.78 0
143467 41.93 93.59 13.81 0
143468 41.88 94.38 14.29 0
143469 41.83 95.19 14.88 0
143470 41.76 96.16 15.86 0
143471 41.73 97.71 15.80 0
143472 41.68 98.89 16.02 0
143473 41.62 100.07 16.10 0
143474 41.54 101.44 16.43 0
143475 41.48 102.82 16.69 0
143480 42.05 89.82 13.65 0
143481 42.13 89.27 13.49 0
143482 42.05 91.65 13.12 0
143483 42.06 92.01 13.02 0
143484 41.99 92.91 13.36 0
143485 42.01 93.57 13.04 0
143486 41.77 98.39 15.07 0
143487 41.76 99.32 14.81 0
143488 41.73 100.72 14.68 0
143489 41.66 102.29 15.06 0
143490 41.58 103.33 15.66 0
143495 42.13 90.10 12.99 0
143496 42.14 90.60 12.77 0
143497 42.12 91.29 12.79 0
143498 42.19 91.79 12.22 0
143499 41.81 101.53 13.67 0
143500 41.81 102.68 13.65 0
143506 42.22 90.17 12.40 0
143507 42.25 90.61 12.11 0
143508 42.27 91.17 11.83 0
143509 42.29 91.64 11.61 0
143510 41.94 101.93 12.45 0
143511 41.94 103.05 12.47 0
143518 42.33 90.66 11.58 0
143519 42.37 90.85 11.30 0
143520 42.19 101.91 9.88 0
143521 42.11 102.33 10.84 0
143522 42.03 103.48 11.73 0
143528 42.25 102.30 9.22 0
143529 42.19 103.26 10.01 0
143535 42.42 103.96 5.36 0
143536 42.42 103.34 5.77 0
143537 42.36 102.65 7.36 0
143545 42.45 104.32 3.91 0
143546 42.44 103.86 4.53 0
143547 42.47 102.25 4.55 0
143563 42.48 104.39 2.28 0
143564 42.47 104.07 3.03 0
143565 42.50 102.38 3.26 0
143566 42.50 101.38 3.67 0
143583 42.52 103.74 1.31 0
143584 42.53 102.47 1.97 0
143585 42.54 101.50 2.23 0
144019 40.90 103.76 29.79 0
144029 41.73 88.76 22.08 0
144030 41.72 89.03 22.48 0
144031 40.78 104.79 29.43 0
144032 40.80 104.43 28.29 0
144033 40.76 104.59 26.79 0
144045 41.77 88.22 21.45 0
144046 41.75 88.96 21.19 0
144047 40.75 104.66 25.61 0
144048 40.76 104.66 24.54 0
144055 41.81 87.74 21.15 0
144056 41.82 88.29 20.40 0
144057 41.75 89.52 20.31 0
144058 41.72 90.21 20.25 0
144059 40.77 104.72 23.52 0
144060 40.81 104.76 22.48 0
144067 41.89 88.09 19.55 0
144068 41.83 88.96 18.94 0
144069 41.72 90.47 19.46 0
144070 41.69 91.26 19.35 0
144071 40.90 104.42 21.51 0
144079 41.82 89.34 17.20 0
144080 41.72 90.32 18.00 0
144081 41.67 91.56 18.45 0
144082 41.67 92.79 18.06 0
144083 41.66 93.37 18.39 0
144084 41.01 104.13 20.57 0
144093 41.84 89.32 16.09 0
144094 41.68 93.15 17.49 0
144095 41.68 93.70 17.71 0
144096 41.71 94.66 17.30 0
144097 41.69 95.20 17.53 0
144098 41.11 104.02 19.67 0
144101 41.85 90.19 14.66 0
144102 41.85 89.86 14.91 0
144103 41.84 89.55 15.42 0
144104 41.76 94.55 16.03 0
144105 41.74 94.88 16.51 0
144106 41.72 95.47 16.93 0
144107 41.33 103.76 17.94 0
144108 41.19 104.17 18.92 0
144111 41.94 90.11 14.17 0
144112 41.90 89.91 14.50 0
144113 41.90 92.11 14.08 0
144114 41.89 92.54 14.19 0
144115 41.89 93.09 14.18 0
144116 41.85 93.74 14.67 0
144117 41.81 94.39 15.31 0
144118 41.78 95.11 15.81 0
144119 41.75 95.41 16.27 0
144120 41.49 103.97 16.50 0
144123 42.00 90.50 13.62 0
144124 41.98 91.08 13.63 0
144125 41.98 91.64 13.56 0
144126 41.96 92.33 13.68 0
144127 41.93 92.72 13.85 0
144128 41.70 103.41 14.65 0
144129 41.62 104.12 15.38 0
144133 42.08 90.52 13.14 0
144134 42.06 90.88 13.20 0
144135 42.03 91.23 13.29 0
144136 41.82 103.83 13.62 0
144137 41.72 104.17 14.53 0
144141 41.94 104.02 12.56 0
144145 42.11 103.83 10.97 0
144146 42.02 104.18 11.85 0
144149 42.32 104.38 8.17 0
144150 42.27 103.79 8.95 0
144151 42.19 104.05 10.10 0
144154 42.38 106.06 4.71 0
144155 42.39 105.55 5.25 0
144156 42.40 104.65 5.80 0
144157 42.36 104.18 7.15 0
144158 42.34 103.75 7.90 0
144161 42.38 106.67 3.18 0
144162 42.39 106.11 3.83 0
144163 42.42 104.99 4.19 0
144164 42.42 104.77 4.94 0
144179 42.45 105.33 2.50 0
144180 42.44 105.13 3.38 0
144611 40.71 105.57 29.90 0
144624 40.68 105.61 28.64 0
144625 40.67 105.57 27.31 0
144626 40.67 105.56 26.05 0
144638 40.68 105.53 24.95 0
144639 40.70 105.51 23.95 0
144647 40.72 105.50 23.02 0
144648 40.74 105.54 22.32 0
144656 41.61 90.67 16.48 0
144657 41.61 90.85 16.66 0
144658 41.61 91.05 16.65 0
144659 40.81 105.30 21.67 0
144667 41.65 90.44 16.30 0
144668 41.67 90.39 16.87 0
144669 41.64 91.16 17.08 0
144670 41.67 92.24 17.07 0
144671 41.68 92.86 17.36 0
144672 40.91 105.03 20.85 0
144684 41.69 90.43 15.58 0
144685 41.69 90.24 15.90 0
144686 41.72 89.93 16.37 0
144687 41.71 92.64 16.13 0
144688 41.70 93.24 16.81 0
144689 41.72 94.08 16.85 0
144690 41.73 94.51 16.78 0
144691 41.06 105.33 19.57 0
144692 41.02 104.78 20.06 0
144699 41.76 90.37 15.12 0
144700 41.75 90.05 15.46 0
144701 41.75 89.83 15.85 0
144702 41.76 92.77 15.38 0
144703 41.75 93.26 15.80 0
144704 41.75 93.96 16.09 0
144705 41.74 94.40 16.45 0
144706 41.21 104.95 18.58 0
144707 41.12 104.66 19.36 0
144710 41.83 90.65 14.60 0
144711 41.83 91.20 14.53 0
144712 41.85 91.73 14.40 0
144713 41.83 92.26 14.58 0
144714 41.82 92.72 14.74 0
144715 41.81 93.23 15.03 0
144716 41.79 93.72 15.38 0
144717 41.39 104.87 17.29 0
144720 41.92 90.55 14.12 0
144721 41.91 90.89 14.09 0
144722 41.91 91.31 14.04 0
144723 41.54 104.90 16.06 0
144727 41.77 104.57 14.11 0
144728 41.69 104.90 14.89 0
144732 41.87 104.89 13.37 0
144733 41.78 105.03 14.18 0
144737 42.12 105.42 10.83 0
144738 42.05 104.88 11.62 0
144739 41.97 104.66 12.38 0
144742 42.29 106.65 7.48 0
144743 42.28 106.00 8.32 0
144744 42.26 105.14 8.96 0
144745 42.20 104.77 9.91 0
144746 42.14 104.59 10.68 0
144750 42.23 108.65 5.06 0
144751 42.28 107.77 5.29 0
144752 42.33 106.75 5.60 0
144753 42.35 106.02 6.32 0
144754 42.34 105.43 7.16 0
144755 42.32 105.03 7.95 0
144765 42.31 107.63 4.18 0
144766 42.34 106.87 4.71 0
145256 40.59 106.64 29.16 0
145257 40.58 106.64 27.74 0
145258 40.59 106.56 26.38 0
145271 40.61 106.41 25.26 0
145272 40.63 106.33 24.34 0
145288 40.66 106.29 23.36 0
145289 40.69 106.11 22.53 0
145303 41.60 90.74 16.39 0
145304 41.60 90.82 16.42 0
145305 41.60 90.98 16.47 0
145306 40.74 105.98 21.89 0
145319 41.61 90.72 16.28 0
145320 41.61 90.92 16.23 0
145321 41.62 91.20 16.41 0
145322 41.64 91.63 16.54 0
145323 40.87 106.30 20.57 0
145324 40.84 106.01 20.99 0
145339 41.67 90.59 15.64 0
145340 41.65 90.68 15.87 0
145341 41.64 91.11 15.91 0
145342 41.65 91.52 16.00 0
145343 41.68 92.02 16.14 0
145344 40.95 106.12 20.10 0
145345 40.95 105.47 20.31 0
145357 41.69 90.63 15.47 0
145358 41.68 90.93 15.49 0
145359 41.69 91.33 15.50 0
145360 41.70 91.79 15.54 0
145361 41.73 92.28 15.54 0
145362 41.12 105.98 19.04 0
145366 41.73 90.74 15.14 0
145367 41.75 91.07 15.04 0
145368 41.76 91.53 15.00 0
145369 41.77 92.01 15.02 0
145370 41.78 92.41 15.06 0
145371 41.29 105.82 17.91 0
145375 41.46 105.78 16.73 0
145379 41.62 105.74 15.56 0
145384 41.93 106.33 12.82 0
145385 41.89 105.97 13.20 0
145386 41.77 105.73 14.37 0
145390 42.15 107.59 9.65 0
145391 42.14 107.25 9.96 0
145392 42.11 106.49 10.72 0
145393 41.99 106.14 12.11 0
145394 41.96 105.31 12.53 0
145398 42.11 109.90 6.21 0
145399 42.13 109.58 6.42 0
145400 42.17 108.87 6.90 0
145401 42.22 107.95 7.56 0
145402 42.19 107.41 8.95 0
145403 42.20 106.32 9.47 0
145404 42.19 105.63 9.97 0
145412 42.13 109.73 5.64 0
145413 42.20 108.76 5.93 0
145414 42.25 107.87 6.31 0
145415 42.29 107.06 6.65 0
145914 40.46 107.78 29.90 0
145929 40.48 107.76 28.23 0
145930 40.50 107.66 26.75 0
145931 40.54 107.52 25.19 0
145932 40.52 108.03 24.30 0
145948 40.59 106.89 24.66 0
145949 40.58 107.29 23.86 0
145966 40.66 106.94 22.46 0
145967 40.70 106.39 22.14 0
145977 40.74 107.04 21.44 0
145978 40.73 106.50 21.68 0
145989 40.85 106.74 20.62 0
145990 40.78 106.58 21.18 0
146003 41.10 107.46 18.90 0
146004 41.00 106.92 19.61 0
146017 41.25 107.40 17.96 0
146018 41.19 106.71 18.46 0
146023 41.41 107.35 16.96 0
146024 41.36 106.63 17.37 0
146028 41.51 107.33 16.36 0
146029 41.54 106.71 16.18 0
146033 41.73 106.91 14.75 0
146034 41.68 106.42 15.15 0
146039 41.91 107.58 12.62 0
146040 41.88 106.86 13.15 0
146041 41.81 106.52 14.04 0
146042 41.75 106.40 14.58 0
146046 42.03 110.24 8.28 0
146047 42.06 109.59 8.99 0
146048 42.07 108.95 9.64 0
146049 42.09 108.09 10.06 0
146050 42.05 107.55 10.95 0
146051 42.00 107.10 11.77 0
146052 41.95 106.92 12.41 0
146059 42.01 111.16 6.35 0
146060 42.06 110.35 6.60 0
146061 42.09 109.83 7.28 0
146062 42.12 109.18 7.95 0
146063 42.14 108.56 8.73 0
146064 42.13 108.26 9.34 0
146078 42.07 110.46 5.98 0
146591 40.25 109.36 30.38 0
146592 40.34 109.01 28.67 0
146608 40.40 108.80 27.19 0
146609 40.45 108.63 25.81 0
146610 40.49 108.58 24.52 0
146611 40.50 108.33 24.19 0
146628 40.49 108.83 23.95 0
146629 40.52 108.35 23.76 0
146642 40.59 107.95 22.84 0
146653 40.65 108.52 21.79 0
146654 40.67 107.86 21.82 0
146667 40.73 108.47 21.14 0
146668 40.79 107.59 20.86 0
146681 40.92 108.08 19.88 0
146682 40.88 107.34 20.24 0
146693 41.12 108.18 18.58 0
146696 41.30 108.10 17.48 0
146699 41.47 107.92 16.37 0
146700 41.57 107.37 15.90 0
146704 41.65 108.52 14.74 0
146705 41.64 107.83 15.13 0
146706 41.64 107.04 15.43 0
146711 41.84 112.01 9.36 0
146712 41.86 111.54 9.73 0
146713 41.86 110.92 10.42 0
146714 41.85 110.28 11.22 0
146715 41.85 109.50 11.98 0
146716 41.85 108.60 12.65 0
146717 41.76 108.14 13.87 0
146718 41.77 107.25 14.19 0
146728 41.87 112.68 7.77 0
146729 41.90 112.16 7.92 0
146730 41.92 111.51 8.57 0
146731 41.96 110.63 9.33 0
146732 41.97 109.94 10.05 0
146733 41.97 109.21 10.71 0
146734 41.97 108.47 11.37 0
146735 41.96 107.86 11.87 0
146745 41.92 112.28 7.08 0
146746 41.97 111.36 7.35 0
146747 42.02 110.67 7.61 0
147201 40.06 110.84 30.00 0
147202 40.18 110.34 28.84 0
147212 40.29 109.97 27.48 0
147213 40.37 109.71 26.18 0
147214 40.43 109.49 25.02 0
147223 40.47 109.39 24.00 0
147224 40.51 108.97 23.54 0
147231 40.52 109.47 23.08 0
147232 40.55 108.75 22.90 0
147240 40.62 109.25 21.96 0
147241 40.61 108.47 22.26 0
147255 40.79 110.23 20.26 0
147256 40.78 109.51 20.51 0
147271 40.88 110.05 19.64 0
147272 40.98 109.09 19.21 0
147282 41.05 109.78 18.59 0
147283 41.17 108.93 18.06 0
147285 41.21 109.62 17.54 0
147286 41.34 108.80 16.95 0
147288 41.37 109.54 16.39 0
147289 41.51 108.70 15.80 0
147295 41.61 110.88 13.40 0
147296 41.60 110.50 13.79 0
147297 41.57 109.48 14.81 0
147298 41.60 108.63 15.12 0
147309 41.76 113.40 8.66 0
147310 41.80 112.65 9.15 0
147311 41.77 112.31 10.01 0
147312 41.76 111.83 10.71 0
147313 41.74 111.29 11.52 0
147314 41.68 110.75 12.70 0
147315 41.72 109.64 13.26 0
147316 41.73 108.97 13.65 0
147329 41.84 112.78 8.29 0
147330 41.87 112.28 8.47 0
147740 39.99 111.64 28.92 0
147741 40.15 111.15 27.60 0
147752 40.26 110.79 26.41 0
147753 40.36 110.51 25.20 0
147754 40.43 110.06 24.40 0
147761 40.41 110.66 24.25 0
147762 40.47 110.22 23.54 0
147769 40.54 110.17 22.58 0
147775 40.66 111.05 21.03 0
147776 40.64 110.55 21.42 0
147794 40.78 111.51 19.84 0
147795 40.76 111.02 20.27 0
147796 40.74 110.33 20.61 0
147814 40.86 111.41 19.32 0
147815 40.95 110.64 18.99 0
147828 41.05 111.21 18.05 0
147829 41.10 110.32 18.07 0
147834 41.23 111.07 16.78 0
147835 41.23 110.35 17.16 0
147843 41.35 110.99 15.83 0
147844 41.37 110.31 16.07 0
147855 41.57 113.82 10.57 0
147856 41.55 113.47 11.18 0
147857 41.53 113.00 11.86 0
147858 41.52 112.53 12.55 0
147859 41.51 112.05 13.20 0
147860 41.53 111.35 13.73 0
147861 41.46 110.89 14.85 0
147862 41.44 110.42 15.39 0
147874 41.70 114.08 8.70 0
147875 41.66 113.73 9.63 0
147876 41.67 113.12 10.24 0
147877 41.66 112.66 10.94 0
147878 41.64 112.18 11.67 0
147879 41.62 111.72 12.44 0
147880 41.59 111.48 13.01 0
148280 39.76 112.96 28.40 0
148281 40.00 112.26 27.44 0
148282 40.14 111.83 26.48 0
148287 40.25 111.50 25.51 0
148288 40.34 111.29 24.62 0
148293 40.43 111.15 23.49 0
148294 40.49 110.61 23.02 0
148302 40.50 111.49 22.48 0
148303 40.53 110.85 22.49 0
148318 40.62 112.18 20.85 0
148319 40.60 111.57 21.40 0
148320 40.57 111.12 21.94 0
148341 40.79 112.68 19.15 0
148342 40.74 112.07 19.94 0
148343 40.68 111.71 20.61 0
148359 40.90 112.62 18.35 0
148360 40.89 112.01 18.80 0
148374 41.02 112.50 17.54 0
148375 41.00 112.04 18.00 0
148388 41.13 112.36 16.73 0
148389 41.12 111.82 17.25 0
148402 41.32 114.42 12.39 0
148403 41.29 114.07 12.99 0
148404 41.27 113.62 13.65 0
148405 41.27 113.15 14.31 0
148406 41.26 112.71 15.00 0
148407 41.23 112.30 15.81 0
148408 41.24 111.69 16.33 0
148417 41.43 115.04 10.73 0
148418 41.42 114.40 11.42 0
148419 41.42 113.79 12.10 0
148420 41.41 113.32 12.76 0
148421 41.39 112.84 13.42 0
148422 41.39 112.34 14.08 0
148423 41.37 111.86 14.83 0
148424 41.34 111.55 15.53 0
148432 41.57 114.63 9.75 0
148433 41.53 114.34 10.41 0
148801 39.26 115.22 27.84 0
148806 39.48 114.33 27.97 0
148807 39.86 113.38 26.73 0
148808 40.03 112.54 26.52 0
148814 39.95 113.49 25.76 0
148815 40.12 112.65 25.42 0
148816 40.26 111.86 24.96 0
148826 40.24 112.77 24.00 0
148827 40.30 111.98 24.29 0
148840 40.35 112.80 22.88 0
148841 40.39 112.06 23.24 0
148858 40.50 113.36 20.94 0
148859 40.48 112.78 21.66 0
148860 40.47 112.15 22.33 0
148878 40.64 114.53 18.22 0
148879 40.61 114.12 19.00 0
148880 40.62 113.35 19.90 0
148881 40.60 112.75 20.66 0
148898 40.77 114.31 17.42 0
148899 40.77 113.84 18.09 0
148900 40.77 113.30 18.73 0
148914 40.90 113.99 16.66 0
148915 40.90 113.61 17.27 0
148916 40.90 113.15 17.84 0
148928 40.99 115.15 14.24 0
148929 41.00 114.61 14.86 0
148930 41.01 114.12 15.40 0
148931 41.02 113.71 15.95 0
148932 41.02 113.37 16.53 0
148933 41.02 112.98 17.06 0
148948 41.13 115.53 12.76 0
148949 41.17 114.87 13.17 0
148950 41.14 114.38 13.91 0
148951 41.14 113.90 14.55 0
148952 41.14 113.45 15.17 0
148953 41.14 113.07 15.81 0
148954 41.12 112.82 16.39 0
148966 41.28 115.36 11.75 0
148967 41.27 114.92 12.30 0
149344 38.98 116.05 28.01 0
149349 39.41 115.26 26.69 0
149350 39.65 114.34 26.73 0
149358 39.59 115.18 25.67 0
149359 39.80 114.35 25.54 0
149360 39.99 113.52 25.34 0
149372 39.99 114.34 24.05 0
149373 40.06 113.54 24.64 0
149389 40.16 114.21 22.86 0
149390 40.19 113.53 23.49 0
149417 40.27 114.74 21.14 0
149418 40.34 113.91 21.72 0
149419 40.31 113.46 22.52 0
149443 40.43 115.17 19.01 0
149444 40.44 114.48 20.03 0
149445 40.44 113.98 20.75 0
149463 40.59 115.19 17.58 0
149481 40.70 115.37 16.38 0
149482 40.79 114.64 16.66 0
149497 40.83 115.35 15.29 0
149498 40.87 114.73 15.78 0
149499 40.92 114.24 16.09 0
149513 41.01 115.58 13.63 0
149884 39.04 116.58 26.52 0
149895 39.46 115.90 25.21 0
149896 39.66 115.16 25.24 0
149912 39.67 115.83 23.97 0
149913 39.76 115.14 24.54 0
149936 39.73 116.10 23.03 0
149937 39.93 115.18 23.20 0
149963 39.97 115.78 21.81 0
149964 40.14 114.78 22.15 0
150382 39.07 117.17 25.24 0
150402 39.42 116.77 23.85 0
