# Label from mne_analyze
663
69259 -14.80 -22.59 -46.06 0
70459 -11.75 -34.07 -57.39 0
70460 -12.25 -34.67 -56.91 0
70461 -12.75 -35.37 -56.41 0
70462 -13.29 -36.20 -55.91 0
70463 -13.88 -37.36 -55.42 0
70464 -14.63 -39.05 -54.91 0
71654 -16.09 -26.12 -45.69 0
71655 -16.68 -28.98 -45.90 0
71706 -13.80 -21.28 -46.84 0
71730 -14.01 -35.59 -54.28 0
71731 -14.29 -35.98 -53.94 0
71743 -10.76 -31.91 -57.91 0
71744 -11.25 -32.39 -57.44 0
71745 -11.75 -32.94 -56.95 0
71746 -12.24 -33.55 -56.45 0
71747 -12.75 -34.22 -55.90 0
71748 -13.35 -35.23 -55.34 0
71749 -14.02 -36.59 -54.78 0
71750 -14.77 -37.90 -54.02 0
72882 -15.35 -24.93 -46.21 0
72883 -14.71 -24.30 -46.87 0
72901 -15.74 -28.22 -46.96 0
72915 -16.72 -32.90 -47.43 0
72927 -13.18 -20.14 -47.21 0
72929 -17.11 -36.25 -48.26 0
72956 -13.58 -33.99 -54.29 0
72957 -13.93 -34.66 -53.96 0
72966 -9.85 -30.08 -58.41 0
72967 -10.28 -30.38 -57.99 0
72968 -10.74 -30.73 -57.52 0
72969 -11.23 -31.20 -57.02 0
72970 -11.73 -31.77 -56.51 0
72971 -12.21 -32.36 -56.00 0
72972 -12.66 -32.60 -55.33 0
72973 -13.46 -34.41 -54.74 0
72974 -14.44 -35.75 -53.50 0
72975 -15.33 -38.20 -53.05 0
72992 -9.10 -28.97 -58.91 0
72993 -9.44 -28.87 -58.52 0
72994 -9.81 -29.00 -58.12 0
72995 -10.22 -29.11 -57.65 0
72996 -10.69 -29.42 -57.13 0
72997 -11.21 -29.94 -56.59 0
72998 -11.73 -30.65 -56.08 0
72999 -12.13 -31.41 -55.74 0
74150 -15.51 -28.80 -47.59 0
74160 -15.05 -28.35 -48.17 0
74161 -15.72 -30.26 -47.92 0
74171 -13.04 -20.02 -47.37 0
74172 -13.41 -21.08 -47.31 0
74173 -15.13 -29.41 -48.54 0
74174 -15.66 -31.64 -48.70 0
74186 -12.77 -19.22 -47.39 0
74187 -12.85 -19.85 -47.58 0
74188 -13.03 -20.51 -47.64 0
74189 -14.78 -32.01 -50.68 0
74190 -15.46 -33.25 -49.95 0
74205 -13.42 -33.32 -54.27 0
74206 -13.55 -33.52 -54.11 0
74207 -14.81 -33.01 -51.18 0
74208 -15.95 -36.88 -50.94 0
74216 -12.38 -30.67 -54.98 0
74217 -13.12 -32.46 -54.43 0
74218 -13.70 -33.17 -53.63 0
74219 -14.66 -34.61 -52.43 0
74220 -15.89 -38.61 -52.08 0
74231 -8.68 -27.90 -59.06 0
74232 -8.96 -27.54 -58.68 0
74233 -9.37 -27.82 -58.29 0
74234 -9.70 -27.75 -57.87 0
74235 -10.07 -27.42 -57.30 0
74236 -10.69 -28.16 -56.70 0
74237 -11.17 -28.42 -56.10 0
74238 -11.89 -30.02 -55.56 0
74262 -8.25 -27.34 -59.34 0
74263 -8.57 -26.90 -58.91 0
74264 -8.74 -26.83 -58.72 0
74265 -10.29 -26.75 -56.79 0
74266 -10.68 -27.04 -56.34 0
74267 -10.89 -27.19 -56.08 0
75415 -14.63 -27.20 -48.34 0
75428 -14.16 -26.02 -48.60 0
75429 -14.53 -27.69 -48.78 0
75440 -13.30 -21.43 -47.68 0
75441 -12.82 -20.79 -48.14 0
75442 -13.29 -22.22 -48.12 0
75443 -13.19 -22.74 -48.60 0
75444 -14.73 -29.10 -49.14 0
75445 -14.81 -30.28 -49.63 0
75455 -12.32 -18.58 -47.81 0
75456 -12.56 -19.69 -48.00 0
75457 -12.40 -19.87 -48.40 0
75458 -14.61 -31.07 -50.50 0
75459 -14.58 -30.36 -50.14 0
75477 -14.25 -30.74 -51.07 0
75496 -12.46 -30.07 -54.55 0
75497 -12.86 -30.44 -53.95 0
75498 -13.35 -30.73 -53.07 0
75499 -13.79 -30.56 -52.00 0
75514 -9.06 -27.04 -58.43 0
75515 -9.22 -26.74 -58.15 0
75516 -9.50 -26.43 -57.72 0
75517 -9.67 -26.15 -57.42 0
75518 -11.41 -28.20 -55.64 0
75519 -11.74 -28.23 -55.07 0
75541 -7.64 -25.66 -59.53 0
75542 -8.12 -25.76 -59.09 0
75543 -8.68 -26.06 -58.58 0
75544 -8.98 -25.38 -58.04 0
75545 -9.32 -25.18 -57.58 0
75546 -9.77 -25.55 -57.11 0
75547 -10.21 -25.60 -56.53 0
75548 -10.81 -26.12 -55.82 0
75549 -11.16 -25.95 -55.15 0
75565 -7.09 -24.20 -59.73 0
75566 -7.57 -24.30 -59.31 0
75567 -8.01 -24.30 -58.86 0
75568 -8.40 -24.07 -58.37 0
75569 -8.78 -23.79 -57.86 0
75570 -9.20 -23.81 -57.35 0
75571 -9.64 -23.97 -56.83 0
75572 -10.07 -24.18 -56.30 0
75573 -10.30 -24.14 -55.94 0
76698 -13.29 -23.40 -48.79 0
76699 -13.43 -24.26 -49.03 0
76700 -13.76 -26.00 -49.36 0
76701 -14.26 -27.68 -49.30 0
76718 -12.60 -20.71 -48.51 0
76719 -12.65 -21.33 -48.83 0
76720 -12.92 -22.50 -49.00 0
76721 -13.12 -23.29 -49.06 0
76722 -13.51 -25.98 -49.87 0
76723 -14.03 -27.91 -49.90 0
76724 -14.41 -29.43 -49.96 0
76741 -11.94 -18.05 -48.22 0
76742 -11.90 -18.48 -48.57 0
76743 -12.16 -19.66 -48.76 0
76744 -12.36 -20.42 -48.82 0
76745 -13.98 -29.00 -50.64 0
76746 -14.25 -29.17 -50.16 0
76760 -13.57 -28.79 -51.44 0
76783 -12.19 -28.53 -54.35 0
76784 -12.31 -27.68 -53.68 0
76785 -12.81 -27.95 -52.71 0
76786 -13.13 -28.07 -52.03 0
76806 -11.56 -26.24 -54.51 0
76807 -11.58 -25.16 -53.94 0
76815 -10.81 -24.94 -55.38 0
76816 -10.85 -24.20 -54.98 0
76824 -6.54 -22.67 -59.92 0
76825 -7.04 -22.96 -59.52 0
76826 -7.45 -22.93 -59.12 0
76827 -7.82 -22.72 -58.68 0
76828 -8.13 -22.16 -58.20 0
76829 -8.60 -22.13 -57.65 0
76830 -9.06 -22.24 -57.11 0
76831 -9.50 -22.45 -56.58 0
76832 -9.91 -22.78 -56.08 0
76833 -10.38 -23.49 -55.56 0
76834 -10.42 -22.64 -55.14 0
76838 -6.65 -21.93 -59.68 0
76839 -6.94 -21.75 -59.37 0
76840 -7.30 -21.57 -58.97 0
76841 -7.61 -21.29 -58.58 0
76842 -7.76 -20.83 -58.30 0
77904 -13.18 -23.84 -49.29 0
77905 -13.24 -24.26 -49.41 0
77924 -12.37 -20.85 -49.11 0
77925 -12.41 -21.24 -49.29 0
77926 -12.88 -23.00 -49.42 0
77927 -12.98 -24.20 -49.97 0
77928 -13.30 -25.81 -50.24 0
77952 -11.69 -18.46 -49.05 0
77953 -12.09 -19.99 -49.20 0
77954 -12.09 -20.39 -49.47 0
77955 -12.69 -24.36 -50.76 0
77956 -13.32 -26.60 -50.71 0
77978 -12.61 -25.21 -51.53 0
77979 -13.30 -27.34 -51.21 0
78006 -11.80 -24.69 -53.18 0
78007 -12.49 -25.96 -52.29 0
78008 -13.02 -27.07 -51.70 0
78027 -11.08 -23.95 -54.40 0
78028 -11.14 -23.24 -53.91 0
78031 -10.52 -22.21 -54.73 0
78032 -10.81 -22.66 -54.33 0
78039 -5.96 -21.12 -60.15 0
78040 -6.38 -21.60 -59.86 0
78041 -7.94 -20.32 -57.99 0
78042 -8.46 -20.49 -57.40 0
78043 -8.91 -20.61 -56.85 0
78044 -9.37 -20.95 -56.31 0
78045 -9.79 -21.47 -55.81 0
78046 -10.08 -21.63 -55.36 0
78047 -10.25 -21.69 -55.06 0
78056 -5.96 -20.19 -59.99 0
78057 -6.36 -20.70 -59.71 0
78058 -6.79 -20.44 -59.25 0
78059 -7.16 -20.29 -58.84 0
78060 -7.46 -20.20 -58.50 0
78061 -7.66 -20.19 -58.27 0
79270 -12.12 -20.63 -49.58 0
79271 -12.24 -21.23 -49.73 0
79272 -12.41 -22.21 -50.00 0
79301 -11.25 -17.16 -49.23 0
79302 -11.34 -17.89 -49.61 0
79303 -11.77 -19.69 -49.81 0
79304 -11.88 -20.64 -50.24 0
79305 -12.09 -21.97 -50.65 0
79331 -10.93 -16.36 -49.58 0
79332 -10.96 -16.71 -49.80 0
79333 -11.90 -22.38 -51.49 0
79356 -11.47 -23.06 -53.03 0
79357 -11.59 -22.75 -52.54 0
79376 -11.03 -21.74 -53.34 0
79377 -11.15 -21.58 -52.93 0
79385 -10.29 -21.03 -54.67 0
79386 -10.51 -21.22 -54.27 0
79402 -7.09 -18.17 -58.49 0
79403 -7.49 -18.53 -58.11 0
79404 -7.91 -18.79 -57.68 0
79405 -8.32 -18.83 -57.17 0
79406 -8.74 -18.70 -56.55 0
79407 -9.30 -19.74 -56.00 0
79408 -9.67 -20.25 -55.55 0
79409 -9.94 -20.28 -55.03 0
79410 -10.16 -20.43 -54.64 0
79425 -5.91 -19.33 -59.89 0
79426 -6.29 -19.23 -59.52 0
79427 -6.69 -19.10 -59.10 0
79428 -7.08 -19.14 -58.69 0
79429 -7.46 -19.43 -58.33 0
79430 -8.64 -17.56 -56.36 0
79431 -8.93 -18.18 -56.09 0
79432 -9.31 -18.92 -55.69 0
79433 -9.58 -19.48 -55.40 0
80669 -10.95 -16.90 -49.99 0
80670 -11.15 -17.83 -50.15 0
80671 -11.35 -18.92 -50.45 0
80672 -11.47 -19.84 -50.81 0
80695 -10.65 -15.71 -50.01 0
80696 -11.39 -20.18 -51.32 0
80721 -11.03 -19.86 -52.13 0
80737 -10.50 -19.53 -53.37 0
80738 -10.85 -20.26 -52.90 0
80744 -10.24 -19.34 -53.92 0
80755 -6.79 -17.04 -58.61 0
80756 -7.09 -17.21 -58.30 0
80757 -7.43 -17.30 -57.93 0
80758 -7.78 -17.29 -57.50 0
80759 -8.10 -17.12 -57.04 0
80760 -9.55 -18.41 -55.00 0
80761 -9.91 -19.17 -54.58 0
80769 -5.80 -18.03 -59.79 0
80770 -6.19 -17.83 -59.38 0
80771 -6.62 -17.66 -58.91 0
80772 -8.29 -16.60 -56.61 0
80773 -8.59 -16.80 -56.18 0
80774 -8.96 -17.41 -55.74 0
80775 -9.40 -18.48 -55.35 0
81976 -10.71 -16.34 -50.37 0
81977 -10.85 -17.26 -50.68 0
81978 -11.01 -18.28 -51.00 0
81979 -11.14 -19.06 -51.19 0
82000 -10.22 -14.02 -50.13 0
82001 -10.31 -14.76 -50.50 0
82002 -10.40 -15.58 -50.87 0
82003 -10.55 -16.61 -51.22 0
82004 -10.74 -17.96 -51.63 0
82029 -10.53 -17.84 -52.22 0
82042 -10.41 -18.75 -53.15 0
82043 -10.29 -17.66 -52.81 0
82046 -10.00 -17.57 -53.54 0
82047 -9.77 -16.04 -53.29 0
82056 -6.74 -16.20 -58.51 0
82057 -6.97 -16.01 -58.21 0
82058 -7.29 -15.94 -57.82 0
82059 -7.59 -15.80 -57.41 0
82060 -7.82 -15.53 -57.03 0
82061 -9.49 -17.70 -54.81 0
82062 -9.49 -16.82 -54.42 0
82069 -5.28 -16.88 -60.10 0
82070 -5.67 -16.61 -59.70 0
82071 -6.06 -16.36 -59.29 0
82072 -6.39 -15.97 -58.87 0
82073 -7.94 -15.12 -56.74 0
82074 -8.20 -15.36 -56.39 0
82075 -8.53 -15.68 -55.92 0
82076 -9.03 -16.43 -55.23 0
82077 -8.96 -15.15 -54.87 0
83192 -9.91 -13.11 -50.60 0
83193 -9.99 -13.83 -50.99 0
83194 -10.05 -14.64 -51.44 0
83195 -10.26 -15.95 -51.71 0
83218 -9.92 -14.62 -51.96 0
83219 -10.09 -15.90 -52.30 0
83234 -9.37 -14.14 -53.38 0
83235 -9.71 -15.06 -52.95 0
83238 -9.35 -14.88 -53.82 0
83239 -9.55 -15.03 -53.36 0
83247 -6.44 -14.76 -58.61 0
83248 -6.82 -14.68 -58.14 0
83249 -7.13 -14.55 -57.74 0
83250 -7.39 -14.38 -57.36 0
83251 -7.59 -14.15 -57.01 0
83252 -8.95 -14.34 -54.56 0
83260 -5.15 -15.43 -60.04 0
83261 -5.54 -15.16 -59.64 0
83262 -5.91 -14.94 -59.23 0
83263 -6.15 -14.83 -58.94 0
83264 -7.79 -13.99 -56.66 0
83265 -8.04 -13.99 -56.24 0
83266 -8.35 -14.13 -55.72 0
83267 -8.60 -14.11 -55.22 0
83268 -8.74 -14.05 -54.91 0
84446 -9.54 -11.49 -50.68 0
84447 -9.61 -12.14 -51.06 0
84448 -9.66 -12.77 -51.46 0
84449 -9.63 -13.11 -51.89 0
84474 -9.56 -13.50 -52.45 0
84475 -9.73 -14.63 -52.62 0
84493 -9.29 -13.07 -53.07 0
84494 -9.57 -14.06 -52.77 0
84498 -9.00 -12.65 -53.70 0
84507 -6.11 -13.28 -58.74 0
84508 -6.40 -13.48 -58.43 0
84509 -6.67 -13.33 -58.06 0
84510 -6.96 -13.18 -57.67 0
84511 -7.20 -13.05 -57.31 0
84512 -8.72 -12.52 -54.36 0
84520 -4.61 -14.26 -60.40 0
84521 -5.01 -13.94 -60.01 0
84522 -5.41 -13.70 -59.57 0
84523 -5.87 -13.64 -59.08 0
84524 -7.38 -12.82 -56.98 0
84525 -7.57 -12.54 -56.60 0
84526 -7.80 -12.28 -56.13 0
84527 -8.11 -12.31 -55.59 0
84528 -8.46 -12.64 -54.99 0
84534 -7.73 -11.22 -55.96 0
84535 -7.79 -10.78 -55.73 0
85624 -9.20 -9.95 -50.74 0
85625 -9.27 -10.55 -51.13 0
85626 -9.30 -11.09 -51.54 0
85627 -9.39 -11.80 -51.81 0
85651 -9.14 -10.67 -51.92 0
85652 -9.21 -11.35 -52.23 0
85671 -9.05 -11.28 -52.80 0
85675 -8.78 -10.82 -53.43 0
85685 -6.11 -12.69 -58.63 0
85686 -6.20 -12.12 -58.43 0
85687 -6.53 -11.98 -57.98 0
85688 -6.80 -11.81 -57.58 0
85689 -7.05 -11.99 -57.27 0
85690 -8.48 -10.51 -54.14 0
85697 -4.44 -12.74 -60.41 0
85698 -4.85 -12.38 -59.99 0
85699 -5.27 -12.10 -59.51 0
85700 -5.74 -11.85 -58.95 0
85701 -5.82 -10.80 -58.67 0
85702 -6.81 -11.06 -57.41 0
85703 -7.07 -11.23 -57.05 0
85704 -7.32 -10.93 -56.58 0
85705 -7.51 -10.86 -56.24 0
85706 -8.02 -11.06 -55.37 0
85707 -8.09 -10.12 -54.94 0
85713 -7.26 -10.04 -56.45 0
85714 -7.44 -9.88 -56.11 0
85715 -7.66 -9.47 -55.62 0
85716 -7.68 -8.57 -55.37 0
86820 -8.91 -8.49 -50.76 0
86821 -8.95 -9.01 -51.17 0
86822 -9.01 -9.62 -51.58 0
86823 -9.06 -10.10 -51.81 0
86851 -8.66 -7.45 -51.17 0
86852 -8.70 -7.99 -51.63 0
86853 -8.78 -9.00 -52.19 0
86854 -8.90 -10.11 -52.56 0
86877 -8.45 -7.54 -52.67 0
86878 -8.57 -8.82 -53.03 0
86882 -8.30 -8.62 -53.86 0
86891 -6.11 -10.73 -58.29 0
86892 -6.43 -10.69 -57.86 0
86893 -6.63 -10.77 -57.60 0
86894 -8.01 -8.34 -54.56 0
86902 -3.79 -11.57 -60.91 0
86903 -4.26 -11.11 -60.44 0
86904 -4.68 -10.71 -59.99 0
86905 -5.07 -10.34 -59.51 0
86906 -5.39 -9.86 -59.06 0
86907 -5.68 -9.45 -58.64 0
86908 -6.02 -9.33 -58.17 0
86909 -6.48 -9.51 -57.56 0
86910 -6.91 -9.76 -56.95 0
86911 -7.11 -9.85 -56.65 0
86912 -7.71 -7.89 -55.14 0
86923 -6.34 -8.26 -57.52 0
86924 -6.55 -8.38 -57.24 0
86925 -6.95 -8.69 -56.67 0
86926 -7.20 -8.13 -56.14 0
86927 -7.41 -7.76 -55.71 0
86928 -7.54 -7.65 -55.44 0
88050 -8.40 -5.90 -51.15 0
88051 -8.42 -6.33 -51.58 0
88052 -8.39 -6.53 -52.11 0
88053 -8.46 -7.29 -52.40 0
88071 -8.18 -5.46 -52.39 0
88072 -8.24 -6.09 -52.62 0
88073 -8.20 -6.48 -53.11 0
88079 -8.09 -6.70 -53.68 0
88090 -7.87 -6.56 -54.33 0
88105 -3.68 -9.85 -60.88 0
88106 -4.08 -9.40 -60.46 0
88107 -4.48 -8.97 -60.01 0
88108 -4.85 -8.54 -59.55 0
88109 -5.19 -8.14 -59.08 0
88110 -5.54 -7.86 -58.60 0
88111 -5.91 -7.72 -58.07 0
88112 -6.00 -7.23 -57.86 0
88113 -7.59 -6.32 -54.98 0
88124 -6.18 -7.98 -57.72 0
88125 -6.17 -7.18 -57.60 0
88126 -6.43 -6.89 -57.17 0
88127 -6.73 -6.64 -56.65 0
88128 -7.02 -6.37 -56.13 0
88129 -7.33 -6.38 -55.56 0
89221 -8.18 -4.51 -51.13 0
89222 -8.18 -4.78 -51.56 0
89223 -8.24 -5.37 -51.86 0
89242 -8.11 -4.53 -51.88 0
89243 -8.10 -4.69 -52.18 0
89244 -8.02 -4.55 -52.64 0
89245 -7.98 -4.81 -53.08 0
89257 -7.89 -4.94 -53.57 0
89277 -7.72 -4.81 -54.15 0
89298 -3.46 -8.12 -60.95 0
89299 -3.88 -7.64 -60.51 0
89300 -4.28 -7.18 -60.05 0
89301 -4.66 -6.76 -59.58 0
89302 -5.03 -6.39 -59.09 0
89303 -5.40 -6.10 -58.57 0
89304 -5.76 -6.05 -58.05 0
89305 -7.48 -4.60 -54.79 0
89319 -5.97 -5.47 -57.67 0
89320 -6.24 -5.01 -57.21 0
89321 -6.57 -4.79 -56.64 0
89322 -6.87 -4.51 -56.09 0
89323 -7.15 -4.20 -55.48 0
90468 -8.01 -3.52 -51.43 0
90494 -7.94 -3.28 -51.92 0
90495 -7.86 -3.13 -52.51 0
90496 -7.77 -3.11 -53.08 0
90497 -7.77 -3.71 -53.45 0
90515 -7.62 -2.56 -53.56 0
90516 -7.59 -3.12 -53.95 0
90536 -7.38 -2.96 -54.59 0
90549 -3.26 -6.32 -61.01 0
90550 -3.70 -5.84 -60.56 0
90551 -4.10 -5.37 -60.09 0
90552 -4.50 -4.93 -59.61 0
90553 -4.88 -4.59 -59.10 0
90554 -5.26 -4.02 -58.55 0
90555 -5.65 -4.65 -58.06 0
90556 -7.14 -2.75 -55.21 0
90566 -5.22 -2.70 -58.52 0
90567 -5.61 -3.06 -57.97 0
90568 -6.13 -3.20 -57.17 0
90569 -6.46 -3.06 -56.61 0
90570 -6.68 -2.26 -56.14 0
90571 -6.95 -2.57 -55.63 0
90582 -5.51 -1.38 -58.00 0
90583 -5.78 -1.60 -57.60 0
90584 -6.13 -1.72 -57.03 0
90585 -6.38 -1.87 -56.63 0
91801 -7.87 -2.49 -51.58 0
91834 -7.76 -1.45 -51.39 0
91835 -7.74 -1.51 -51.88 0
91836 -7.71 -1.62 -52.36 0
91837 -7.63 -1.55 -52.90 0
91853 -7.53 -1.43 -53.43 0
91854 -7.43 -1.46 -53.91 0
91869 -7.29 -1.41 -54.42 0
91875 -3.10 -4.52 -61.06 0
91876 -3.53 -4.01 -60.62 0
91877 -3.95 -3.50 -60.15 0
91878 -4.37 -3.01 -59.64 0
91879 -4.77 -3.10 -59.14 0
91880 -7.07 -1.11 -55.05 0
91885 -4.49 -1.98 -59.44 0
91886 -4.84 -1.90 -58.99 0
91887 -5.15 -1.84 -58.55 0
91888 -6.52 -0.36 -56.23 0
91889 -6.81 -1.07 -55.70 0
91895 -4.91 -0.82 -58.85 0
91896 -5.20 -0.73 -58.43 0
91897 -5.47 -0.14 -57.99 0
91898 -5.82 -0.13 -57.44 0
91899 -6.24 -0.45 -56.76 0
93007 -7.60 0.19 -51.32 0
93008 -7.59 -0.05 -51.78 0
93009 -7.57 -0.16 -52.25 0
93010 -7.51 -0.08 -52.75 0
93029 -7.42 0.07 -53.30 0
93030 -7.33 0.00 -53.84 0
93040 -7.24 -0.23 -54.26 0
93045 -2.94 -2.70 -61.14 0
93046 -3.38 -2.16 -60.70 0
93047 -3.80 -1.53 -60.23 0
93048 -4.18 -1.47 -59.80 0
93049 -7.05 0.37 -54.78 0
93054 -3.94 -0.44 -60.06 0
93055 -4.31 -0.43 -59.62 0
93056 -4.64 -0.36 -59.20 0
93057 -6.59 0.34 -56.02 0
93058 -6.71 1.17 -55.62 0
93067 -4.41 0.63 -59.48 0
93068 -4.72 0.72 -59.06 0
93069 -5.06 1.40 -58.56 0
93070 -5.45 1.61 -57.96 0
93071 -5.86 1.52 -57.31 0
93072 -6.28 1.63 -56.54 0
93073 -6.40 3.10 -56.19 0
93084 -5.12 2.63 -58.44 0
93085 -5.28 3.13 -58.21 0
94151 -7.47 1.60 -51.27 0
94152 -7.46 1.42 -51.70 0
94153 -7.45 1.24 -52.17 0
94154 -7.43 1.05 -52.57 0
94173 -7.40 2.67 -51.11 0
94174 -7.36 2.81 -51.62 0
94175 -7.34 2.71 -52.11 0
94176 -7.32 2.47 -52.61 0
94177 -7.32 1.77 -53.12 0
94178 -7.22 1.70 -53.78 0
94189 -7.11 1.36 -54.35 0
94196 -3.24 -0.37 -60.81 0
94197 -3.56 0.24 -60.47 0
94198 -6.86 2.45 -55.01 0
94203 -3.82 0.98 -60.18 0
94204 -4.13 1.08 -59.81 0
94205 -6.58 3.61 -55.69 0
94217 -3.90 2.08 -60.09 0
94218 -4.23 2.13 -59.68 0
94219 -4.58 2.78 -59.21 0
94220 -4.87 2.95 -58.80 0
94221 -5.54 2.87 -57.80 0
94222 -5.78 3.61 -57.39 0
94223 -6.10 4.14 -56.80 0
94224 -6.30 4.94 -56.32 0
94235 -4.66 3.88 -59.10 0
94236 -4.95 4.05 -58.69 0
94237 -5.32 4.49 -58.15 0
94238 -5.55 5.35 -57.79 0
95295 -7.32 4.32 -51.05 0
95296 -7.29 4.22 -51.51 0
95297 -7.26 4.22 -52.02 0
95298 -7.23 4.10 -52.55 0
95299 -7.18 3.98 -53.18 0
95300 -7.15 3.19 -53.66 0
95311 -7.05 4.71 -53.82 0
95312 -6.96 3.82 -54.42 0
95321 -3.12 1.22 -60.93 0
95322 -3.42 1.57 -60.63 0
95323 -6.72 4.39 -55.22 0
95331 -3.07 2.67 -60.99 0
95332 -3.50 2.73 -60.54 0
95333 -6.50 5.63 -55.80 0
95345 -3.78 3.47 -60.22 0
95346 -4.09 4.14 -59.85 0
95347 -4.40 4.27 -59.45 0
95348 -5.81 5.26 -57.35 0
95349 -5.98 6.32 -57.01 0
95350 -6.24 6.85 -56.43 0
95363 -4.19 5.21 -59.74 0
95364 -4.50 5.35 -59.33 0
95365 -4.88 5.96 -58.82 0
95366 -5.24 6.50 -58.31 0
95367 -5.60 6.90 -57.74 0
95368 -5.78 7.84 -57.42 0
96414 -7.23 5.66 -51.41 0
96415 -7.20 5.62 -51.89 0
96416 -7.15 5.83 -52.46 0
96417 -7.14 5.36 -52.94 0
96432 -7.08 6.69 -53.00 0
96433 -7.03 6.22 -53.54 0
96434 -6.89 6.33 -54.32 0
96442 -6.68 6.43 -55.17 0
96452 -3.08 4.05 -61.01 0
96453 -3.40 4.23 -60.66 0
96454 -6.42 7.57 -55.96 0
96466 -3.09 5.43 -61.02 0
96467 -3.56 5.46 -60.51 0
96468 -3.91 5.62 -60.10 0
96469 -6.00 8.28 -57.00 0
96470 -6.22 8.35 -56.49 0
96481 -3.70 6.60 -60.39 0
96482 -4.03 6.69 -59.98 0
96483 -4.42 7.38 -59.50 0
96484 -4.83 7.98 -58.97 0
96485 -5.23 8.36 -58.38 0
96486 -5.55 8.72 -57.88 0
96487 -5.77 8.98 -57.49 0
97475 -7.19 6.91 -51.32 0
97476 -7.16 6.91 -51.76 0
97477 -7.13 6.89 -52.18 0
97494 -7.17 7.84 -51.11 0
97495 -7.12 8.16 -51.63 0
97496 -7.09 8.19 -52.13 0
97497 -7.06 7.89 -52.69 0
97498 -6.99 8.15 -53.39 0
97499 -6.88 8.30 -54.10 0
97507 -6.73 8.49 -54.88 0
97520 -6.53 8.80 -55.61 0
97532 -3.08 7.07 -61.08 0
97533 -3.42 7.06 -60.72 0
97534 -6.11 9.70 -56.80 0
97535 -6.32 9.35 -56.24 0
97545 -3.55 8.14 -60.62 0
97546 -3.97 8.55 -60.14 0
97547 -4.32 9.75 -59.76 0
97548 -4.87 9.97 -59.01 0
97549 -5.29 10.11 -58.38 0
97550 -5.61 10.15 -57.83 0
97551 -5.88 9.94 -57.32 0
98512 -7.09 9.49 -51.46 0
98513 -7.05 9.62 -51.99 0
98514 -7.02 9.66 -52.54 0
98515 -6.97 9.77 -53.16 0
98516 -6.89 10.04 -53.84 0
98531 -6.76 10.58 -54.64 0
98547 -6.58 10.49 -55.41 0
98559 -6.21 11.25 -56.61 0
98560 -6.42 10.44 -55.99 0
98571 -4.51 11.88 -59.62 0
98572 -5.02 11.77 -58.89 0
98573 -5.42 11.69 -58.25 0
98574 -5.75 11.47 -57.65 0
98575 -5.99 11.03 -57.14 0
99590 -7.02 11.02 -51.81 0
99591 -6.99 11.15 -52.36 0
99592 -6.95 11.31 -52.94 0
99593 -6.90 11.53 -53.56 0
99594 -6.82 11.91 -54.20 0
99610 -6.74 12.48 -54.75 0
99625 -6.63 12.33 -55.29 0
99639 -6.22 13.10 -56.72 0
99640 -6.43 12.33 -56.04 0
99654 -5.21 13.43 -58.71 0
99655 -5.60 13.22 -58.04 0
99656 -5.96 12.79 -57.30 0
100622 -6.96 12.54 -52.16 0
100623 -6.94 12.76 -52.71 0
100624 -6.91 12.96 -53.30 0
100625 -6.86 13.21 -53.89 0
100626 -6.79 13.63 -54.48 0
100643 -6.69 13.95 -55.10 0
100656 -6.55 14.16 -55.77 0
100668 -6.35 14.49 -56.48 0
156110 -15.28 -24.37 -46.10 0
156111 -14.93 -23.75 -46.34 0
156115 -14.80 -26.73 -47.83 0
156120 -13.83 -24.24 -48.26 0
