# Label from mne_analyze
657
67201 10.66 -31.52 -58.42 0
67202 10.08 -30.76 -58.92 0
67203 9.58 -30.22 -59.36 0
67212 11.36 -31.43 -57.36 0
67213 10.66 -30.35 -57.99 0
67214 10.06 -29.61 -58.56 0
67215 9.54 -29.11 -59.06 0
67216 9.13 -28.85 -59.46 0
68471 8.57 -27.76 -59.76 0
68472 8.10 -27.34 -60.12 0
68478 12.11 -31.23 -56.12 0
68479 11.39 -30.26 -56.85 0
68480 10.57 -28.71 -57.52 0
68481 10.00 -28.33 -58.20 0
68482 9.39 -27.63 -58.78 0
68483 8.96 -27.62 -59.31 0
68486 10.10 -26.99 -57.59 0
68487 9.82 -26.89 -57.97 0
68488 9.48 -26.79 -58.41 0
69697 7.69 -26.53 -60.33 0
69722 8.42 -26.45 -59.58 0
69723 7.94 -26.08 -59.99 0
69724 7.27 -25.05 -60.39 0
69725 6.72 -24.75 -60.83 0
69733 12.53 -30.04 -55.03 0
69734 11.92 -29.49 -55.76 0
69735 11.17 -28.39 -56.50 0
69736 10.88 -28.56 -57.01 0
69737 9.04 -26.02 -58.73 0
69738 8.65 -25.94 -59.19 0
69739 7.96 -24.85 -59.67 0
69740 7.52 -24.62 -60.06 0
69744 10.60 -26.62 -56.73 0
69745 10.37 -26.88 -57.17 0
69746 9.65 -25.46 -57.72 0
69747 9.11 -25.09 -58.36 0
69748 8.58 -24.66 -58.92 0
69749 8.19 -24.37 -59.31 0
69753 9.32 -24.25 -57.81 0
69754 9.17 -24.27 -58.03 0
71076 7.12 -23.81 -60.27 0
71077 6.65 -23.30 -60.61 0
71078 6.14 -23.29 -61.05 0
71087 12.73 -28.45 -54.21 0
71088 12.28 -28.26 -54.81 0
71089 11.59 -27.43 -55.56 0
71090 11.36 -27.88 -56.03 0
71091 7.69 -23.20 -59.57 0
71092 7.31 -23.31 -59.98 0
71093 6.87 -22.80 -60.30 0
71096 10.96 -25.66 -55.90 0
71097 10.79 -26.19 -56.32 0
71098 10.08 -25.02 -56.97 0
71099 9.89 -25.33 -57.34 0
71100 8.73 -23.27 -58.33 0
71101 8.43 -23.36 -58.75 0
71102 8.05 -23.21 -59.17 0
71106 9.60 -23.59 -57.19 0
71107 9.46 -23.96 -57.52 0
71108 9.01 -23.31 -57.95 0
72297 5.46 -20.81 -61.20 0
72316 6.40 -21.54 -60.50 0
72317 6.02 -21.87 -60.90 0
72329 13.14 -27.36 -53.26 0
72330 12.54 -26.99 -54.02 0
72331 11.92 -26.26 -54.71 0
72332 11.73 -26.76 -55.15 0
72333 7.49 -21.60 -59.42 0
72334 7.14 -21.86 -59.85 0
72335 6.87 -22.06 -60.16 0
72339 11.37 -24.68 -55.03 0
72340 11.14 -25.09 -55.47 0
72341 10.35 -23.94 -56.24 0
72342 10.23 -24.54 -56.60 0
72343 8.49 -21.72 -58.22 0
72344 8.17 -21.86 -58.67 0
72345 7.93 -22.08 -59.03 0
72350 9.82 -22.52 -56.56 0
72351 9.70 -23.01 -56.88 0
72352 9.19 -22.37 -57.42 0
72353 8.92 -22.37 -57.80 0
73395 5.14 -19.24 -61.21 0
73396 4.90 -19.90 -61.50 0
73408 6.32 -19.29 -60.17 0
73409 6.05 -19.74 -60.50 0
73410 5.74 -20.25 -60.87 0
73420 12.65 -25.32 -53.36 0
73421 12.23 -25.30 -53.95 0
73422 12.05 -25.67 -54.33 0
73423 7.20 -20.30 -59.46 0
73424 6.87 -20.20 -59.79 0
73425 6.61 -20.78 -60.16 0
73429 11.76 -23.86 -54.21 0
73430 11.53 -24.14 -54.63 0
73431 10.89 -23.24 -55.29 0
73432 10.38 -22.72 -55.85 0
73433 8.18 -20.38 -58.28 0
73434 7.93 -20.36 -58.61 0
73435 7.52 -20.38 -59.11 0
73440 9.83 -21.75 -56.34 0
73441 9.43 -21.39 -56.78 0
73442 8.96 -20.75 -57.28 0
73443 8.49 -20.52 -57.90 0
73449 9.35 -20.41 -56.64 0
73450 8.99 -19.90 -57.00 0
73451 8.65 -19.28 -57.33 0
74539 4.93 -18.18 -61.23 0
74540 4.47 -18.06 -61.56 0
74553 6.09 -18.15 -60.22 0
74554 5.87 -18.33 -60.45 0
74555 5.36 -18.27 -60.89 0
74564 12.35 -23.50 -53.31 0
74565 11.99 -23.71 -53.86 0
74566 6.91 -19.04 -59.53 0
74567 6.43 -18.55 -59.94 0
74571 11.64 -21.97 -53.92 0
74572 11.32 -22.29 -54.43 0
74573 10.78 -21.81 -55.06 0
74574 10.14 -20.96 -55.71 0
74575 9.96 -21.35 -56.05 0
74576 7.81 -18.93 -58.43 0
74577 7.40 -18.88 -58.94 0
74578 7.15 -18.91 -59.24 0
74583 9.68 -19.56 -56.00 0
74584 9.53 -19.95 -56.30 0
74585 8.29 -18.75 -57.72 0
74586 8.07 -18.91 -58.07 0
74596 9.00 -19.05 -56.80 0
74597 8.62 -18.56 -57.20 0
74598 8.42 -18.45 -57.46 0
75680 3.89 -16.81 -61.81 0
75681 3.37 -16.69 -62.12 0
75704 4.72 -17.15 -61.26 0
75705 4.20 -16.36 -61.55 0
75715 5.85 -17.60 -60.35 0
75716 5.50 -16.94 -60.58 0
75717 4.93 -16.36 -60.98 0
75727 11.81 -21.41 -53.56 0
75728 6.43 -17.63 -59.79 0
75729 5.94 -17.00 -60.18 0
75730 5.48 -15.86 -60.45 0
75735 11.34 -20.49 -54.00 0
75736 11.03 -20.43 -54.39 0
75737 10.57 -20.09 -54.93 0
75738 10.25 -20.14 -55.37 0
75739 7.48 -17.55 -58.56 0
75740 7.22 -17.41 -58.87 0
75741 6.76 -17.34 -59.40 0
75748 10.06 -18.97 -55.37 0
75749 9.74 -18.90 -55.79 0
75750 9.34 -18.43 -56.23 0
75751 7.95 -17.42 -57.91 0
75752 7.70 -17.45 -58.25 0
75764 9.00 -18.07 -56.61 0
75765 8.56 -17.45 -57.07 0
75766 8.15 -17.22 -57.60 0
76911 3.80 -15.64 -61.75 0
76912 3.37 -15.27 -61.98 0
76913 2.83 -15.46 -62.31 0
76936 4.42 -15.71 -61.31 0
76937 3.91 -14.83 -61.59 0
76938 3.62 -14.93 -61.79 0
76948 5.06 -15.21 -60.74 0
76949 4.54 -14.89 -61.13 0
76950 4.20 -14.68 -61.36 0
76959 11.35 -19.62 -53.81 0
76960 6.12 -16.22 -59.89 0
76961 5.58 -15.11 -60.27 0
76962 5.30 -15.06 -60.51 0
76969 10.87 -19.01 -54.31 0
76970 10.49 -18.75 -54.75 0
76971 10.10 -18.22 -55.15 0
76972 7.20 -16.40 -58.72 0
76973 6.66 -15.39 -59.21 0
76974 6.16 -15.23 -59.72 0
76975 5.84 -15.00 -60.01 0
76983 9.65 -17.48 -55.62 0
76984 9.11 -16.78 -56.22 0
76985 9.00 -17.36 -56.46 0
76986 7.66 -16.27 -58.09 0
76987 7.20 -15.42 -58.56 0
76988 6.91 -15.20 -58.88 0
76999 8.69 -15.52 -56.57 0
77000 8.59 -16.17 -56.81 0
77001 8.08 -15.66 -57.42 0
77002 7.64 -15.21 -57.94 0
77003 7.32 -14.90 -58.31 0
78110 3.21 -14.48 -62.01 0
78111 2.88 -14.17 -62.19 0
78134 3.74 -14.04 -61.62 0
78135 3.38 -14.00 -61.86 0
78136 2.68 -12.62 -62.20 0
78153 4.94 -14.45 -60.75 0
78154 4.67 -14.09 -60.93 0
78155 3.93 -13.31 -61.42 0
78156 3.14 -12.37 -61.89 0
78157 2.73 -11.76 -62.12 0
78165 11.41 -18.60 -53.53 0
78166 5.39 -14.21 -60.34 0
78167 5.08 -14.08 -60.59 0
78168 4.46 -12.65 -60.97 0
78169 4.09 -12.23 -61.22 0
78177 10.80 -17.66 -54.15 0
78178 10.27 -17.12 -54.73 0
78179 10.14 -17.62 -54.98 0
78180 6.34 -13.98 -59.37 0
78181 6.08 -13.99 -59.65 0
78182 5.50 -13.47 -60.16 0
78183 4.82 -12.48 -60.66 0
78184 4.54 -12.09 -60.86 0
78192 9.87 -15.95 -55.03 0
78193 9.74 -16.41 -55.29 0
78194 9.19 -15.59 -55.90 0
78195 7.00 -14.12 -58.61 0
78196 6.58 -13.59 -59.05 0
78197 6.04 -12.95 -59.57 0
78198 5.77 -12.97 -59.86 0
78210 8.72 -14.79 -56.41 0
78211 8.36 -14.36 -56.84 0
78212 7.99 -14.16 -57.30 0
78213 7.55 -13.74 -57.84 0
78214 7.11 -13.50 -58.38 0
78215 6.79 -13.21 -58.74 0
79391 11.65 -17.33 -52.97 0
79410 11.27 -17.09 -53.46 0
79415 3.31 -11.50 -61.72 0
79416 2.79 -11.03 -62.04 0
79417 2.31 -11.03 -62.34 0
79424 10.87 -16.78 -53.92 0
79425 4.17 -11.80 -61.13 0
79426 3.77 -11.18 -61.38 0
79434 10.56 -16.36 -54.24 0
79435 10.32 -16.16 -54.50 0
79436 5.30 -12.13 -60.22 0
79437 4.97 -11.46 -60.46 0
79438 4.34 -11.16 -60.96 0
79439 3.87 -10.15 -61.26 0
79447 9.94 -15.43 -54.87 0
79448 9.58 -14.84 -55.25 0
79449 9.20 -14.42 -55.69 0
79450 6.37 -12.31 -59.15 0
79451 6.04 -11.68 -59.44 0
79452 5.43 -11.48 -60.05 0
79453 4.90 -10.14 -60.44 0
79467 8.76 -13.69 -56.19 0
79468 8.26 -12.79 -56.75 0
79469 7.91 -12.71 -57.22 0
79470 7.51 -12.32 -57.70 0
79471 6.99 -11.63 -58.30 0
79472 6.47 -11.66 -58.95 0
79473 5.90 -10.11 -59.46 0
79483 7.83 -11.53 -57.18 0
79484 7.52 -11.12 -57.55 0
79485 7.12 -10.54 -58.01 0
79486 6.75 -9.85 -58.42 0
80680 11.50 -15.90 -52.92 0
80681 11.32 -14.29 -52.88 0
80682 11.26 -13.01 -52.75 0
80691 11.12 -15.65 -53.40 0
80692 10.98 -14.14 -53.35 0
80693 10.95 -11.77 -53.03 0
80694 11.03 -11.45 -52.84 0
80695 11.16 -10.93 -52.48 0
80696 11.02 -9.36 -52.34 0
80717 10.76 -15.49 -53.87 0
80718 10.60 -13.91 -53.85 0
80719 10.86 -8.31 -52.43 0
80720 10.97 -8.40 -52.19 0
80725 2.95 -9.66 -61.87 0
80726 2.34 -9.86 -62.27 0
80737 10.47 -15.50 -54.23 0
80738 10.25 -14.01 -54.31 0
80739 10.85 -7.75 -52.31 0
80740 10.86 -7.57 -52.25 0
80741 3.59 -8.93 -61.41 0
80742 3.52 -9.64 -61.48 0
80751 10.35 -15.68 -54.40 0
80752 10.07 -14.68 -54.62 0
80753 4.49 -8.26 -60.72 0
80754 4.49 -9.39 -60.75 0
80755 3.94 -9.30 -61.18 0
80756 3.73 -9.50 -61.33 0
80767 9.60 -13.80 -55.09 0
80768 9.16 -13.06 -55.55 0
80769 8.83 -12.92 -55.96 0
80770 5.47 -9.65 -59.88 0
80771 4.85 -8.91 -60.42 0
80772 4.75 -9.47 -60.53 0
80785 8.73 -11.77 -55.96 0
80786 8.38 -11.63 -56.43 0
80787 7.91 -10.84 -56.98 0
80788 6.45 -9.79 -58.80 0
80789 6.00 -9.16 -59.28 0
80790 5.54 -8.40 -59.72 0
80793 7.57 -10.16 -57.38 0
80794 7.19 -9.45 -57.82 0
80795 6.79 -8.86 -58.30 0
80796 6.42 -8.43 -58.73 0
81940 11.11 -13.56 -53.04 0
81941 11.08 -13.19 -53.03 0
81949 10.95 -13.17 -53.23 0
81950 10.79 -11.90 -53.29 0
81951 10.71 -10.69 -53.26 0
81952 10.73 -9.83 -53.08 0
81953 10.73 -8.85 -52.88 0
81970 10.43 -11.92 -53.82 0
81971 10.46 -11.00 -53.68 0
81972 10.67 -7.57 -52.74 0
81973 10.81 -7.89 -52.46 0
81974 10.68 -5.96 -52.37 0
81975 10.76 -5.70 -52.06 0
81978 3.00 -6.93 -61.78 0
81979 2.61 -7.55 -62.04 0
81980 2.04 -8.15 -62.41 0
81990 10.06 -12.25 -54.35 0
81991 10.62 -6.86 -52.72 0
81992 10.75 -7.27 -52.47 0
81993 10.77 -6.91 -52.32 0
81994 3.74 -6.89 -61.27 0
81995 3.53 -7.80 -61.43 0
81996 3.20 -8.41 -61.67 0
82010 9.58 -12.21 -54.95 0
82011 9.16 -10.71 -55.33 0
82012 4.40 -7.12 -60.75 0
82013 4.17 -7.63 -60.96 0
82014 3.98 -8.20 -61.11 0
82027 9.31 -12.54 -55.30 0
82028 8.95 -11.10 -55.62 0
82029 5.02 -7.35 -60.20 0
82030 4.69 -7.32 -60.51 0
82040 8.38 -10.14 -56.27 0
82041 7.83 -9.25 -56.94 0
82042 7.65 -9.66 -57.21 0
82043 6.06 -8.02 -59.14 0
82044 5.58 -7.01 -59.62 0
82045 5.29 -7.11 -59.92 0
82052 7.49 -7.90 -57.30 0
82053 7.33 -8.36 -57.56 0
82054 6.84 -7.66 -58.16 0
82055 6.44 -7.20 -58.64 0
82056 6.06 -6.88 -59.07 0
82057 5.83 -6.82 -59.34 0
83192 10.47 -10.43 -53.59 0
83193 10.28 -8.77 -53.70 0
83194 10.44 -8.25 -53.35 0
83195 10.39 -7.13 -53.28 0
83196 10.72 -3.60 -51.46 0
83197 10.64 -2.57 -51.45 0
83211 10.05 -10.45 -54.18 0
83212 10.12 -9.76 -54.03 0
83213 9.87 -7.95 -54.24 0
83214 10.34 -6.03 -53.21 0
83215 10.35 -5.27 -53.09 0
83216 10.45 -4.99 -52.80 0
83217 10.51 -4.41 -52.52 0
83218 10.58 -3.97 -52.20 0
83219 10.62 -3.44 -51.87 0
83220 2.86 -5.89 -61.87 0
83221 2.53 -6.00 -62.08 0
83237 9.89 -10.70 -54.41 0
83238 10.50 -6.39 -52.90 0
83239 10.55 -6.18 -52.75 0
83240 10.64 -6.27 -52.54 0
83241 3.58 -5.87 -61.38 0
83242 3.23 -5.94 -61.62 0
83258 9.59 -10.71 -54.79 0
83259 9.25 -10.11 -55.18 0
83260 4.20 -5.90 -60.90 0
83261 3.91 -5.93 -61.14 0
83270 8.88 -9.43 -55.58 0
83271 4.77 -5.85 -60.40 0
83272 4.49 -5.90 -60.66 0
83280 8.47 -8.92 -56.07 0
83281 8.01 -8.14 -56.63 0
83282 5.31 -5.52 -59.86 0
83283 5.04 -5.69 -60.14 0
83295 7.59 -7.28 -57.14 0
83296 7.25 -6.68 -57.57 0
83297 6.84 -6.10 -58.09 0
83298 6.47 -5.96 -58.56 0
83299 6.04 -5.42 -59.05 0
83300 5.60 -5.38 -59.54 0
83313 6.47 -4.87 -58.53 0
83314 6.18 -4.48 -58.88 0
83315 5.90 -4.00 -59.20 0
84425 9.80 -6.59 -54.26 0
84426 10.08 -6.66 -53.81 0
84427 10.07 -5.43 -53.69 0
84428 10.50 -1.77 -51.87 0
84429 10.51 -1.31 -51.62 0
84442 9.75 -9.43 -54.49 0
84443 9.64 -8.08 -54.56 0
84444 9.51 -6.54 -54.66 0
84445 10.09 -4.36 -53.56 0
84446 10.17 -3.64 -53.32 0
84447 10.26 -3.14 -53.01 0
84448 10.35 -2.67 -52.68 0
84449 10.42 -2.24 -52.34 0
84450 10.46 -1.97 -52.12 0
84451 2.66 -4.71 -62.00 0
84452 2.08 -4.80 -62.37 0
84471 9.48 -9.43 -54.84 0
84472 9.36 -8.13 -54.92 0
84473 9.23 -6.71 -55.03 0
84474 3.41 -4.72 -61.50 0
84475 3.06 -4.70 -61.74 0
84487 9.32 -9.57 -55.04 0
84488 8.99 -8.03 -55.38 0
84489 9.07 -7.11 -55.24 0
84490 4.00 -4.66 -61.06 0
84491 3.71 -4.68 -61.29 0
84497 8.54 -7.68 -55.92 0
84498 4.53 -4.46 -60.61 0
84499 4.26 -4.55 -60.84 0
84512 8.12 -7.01 -56.42 0
84513 7.70 -6.19 -56.95 0
84514 5.03 -4.00 -60.14 0
84515 4.78 -4.24 -60.38 0
84529 7.31 -5.49 -57.46 0
84530 6.95 -4.94 -57.92 0
84531 6.61 -4.25 -58.36 0
84532 5.67 -4.03 -59.46 0
84533 5.33 -3.39 -59.83 0
84546 6.27 -3.53 -58.77 0
84547 5.94 -3.10 -59.16 0
84548 5.66 -2.95 -59.48 0
84549 5.49 -3.06 -59.66 0
85686 10.44 -0.44 -51.69 0
85687 10.41 0.45 -51.65 0
85710 9.67 -5.70 -54.41 0
85711 9.72 -5.47 -54.30 0
85712 9.82 -4.96 -54.10 0
85713 10.39 -0.74 -52.08 0
85714 10.36 -0.01 -51.99 0
85715 10.29 1.29 -51.98 0
85736 9.47 -5.06 -54.66 0
85737 9.51 -3.85 -54.56 0
85738 9.73 -3.40 -54.16 0
85739 9.85 -2.35 -53.89 0
85740 9.98 -1.72 -53.56 0
85741 10.11 -1.34 -53.19 0
85742 10.21 -0.92 -52.82 0
85743 10.30 -0.44 -52.37 0
85744 10.21 1.03 -52.39 0
85745 2.48 -3.44 -62.13 0
85746 2.11 -3.50 -62.37 0
85762 9.08 -4.84 -55.18 0
85763 3.28 -3.85 -61.59 0
85764 2.93 -3.43 -61.84 0
85768 8.76 -6.70 -55.62 0
85769 8.73 -5.58 -55.63 0
85770 3.85 -3.75 -61.18 0
85771 3.50 -3.40 -61.45 0
85772 3.03 -2.27 -61.80 0
85785 8.57 -6.50 -55.84 0
85786 8.21 -4.82 -56.27 0
85787 4.36 -3.48 -60.76 0
85788 4.03 -3.19 -61.04 0
85789 3.56 -2.07 -61.44 0
85805 8.25 -6.19 -56.24 0
85806 7.84 -4.92 -56.75 0
85807 4.81 -2.94 -60.37 0
85808 4.52 -2.80 -60.64 0
85809 4.06 -1.64 -61.07 0
85820 7.40 -4.26 -57.32 0
85821 6.99 -3.53 -57.86 0
85822 6.72 -3.54 -58.21 0
85823 4.87 -2.03 -60.33 0
85824 4.50 -1.15 -60.71 0
85840 6.66 -2.48 -58.29 0
85841 6.40 -2.51 -58.62 0
85842 6.01 -1.96 -59.10 0
85843 5.66 -1.68 -59.51 0
85844 5.32 -1.85 -59.88 0
87031 10.19 1.91 -52.29 0
87053 9.00 -2.42 -55.26 0
87054 9.29 -1.78 -54.83 0
87055 9.48 -1.03 -54.50 0
87056 9.63 0.09 -54.21 0
87057 9.87 0.08 -53.71 0
87058 10.00 0.37 -53.32 0
87059 10.09 0.80 -52.97 0
87060 10.08 1.86 -52.78 0
87061 10.14 1.84 -52.51 0
87062 2.21 -2.14 -62.33 0
87072 8.58 -2.72 -55.81 0
87073 9.53 1.47 -54.38 0
87074 9.65 1.46 -54.14 0
87075 9.79 1.69 -53.79 0
87076 9.91 1.95 -53.41 0
87077 9.99 2.03 -53.13 0
87078 2.65 -1.72 -62.06 0
87083 8.17 -2.81 -56.33 0
87084 3.16 -1.39 -61.74 0
87085 2.88 -1.43 -61.93 0
87100 7.77 -2.87 -56.84 0
87101 3.66 -1.15 -61.40 0
87102 3.41 -1.20 -61.58 0
87114 7.48 -3.07 -57.22 0
87115 4.20 -0.85 -60.98 0
87116 3.85 -0.23 -61.29 0
87135 7.13 -2.33 -57.69 0
87136 6.77 -1.66 -58.16 0
87137 4.60 -0.27 -60.65 0
87138 4.30 0.21 -60.94 0
87158 6.44 -1.13 -58.59 0
87159 6.10 -0.70 -59.03 0
87160 5.71 -0.24 -59.50 0
87161 5.32 0.01 -59.94 0
87162 4.89 0.13 -60.39 0
88328 8.71 -0.45 -55.66 0
88329 8.90 -0.25 -55.40 0
88330 9.12 0.28 -55.08 0
88331 9.29 1.00 -54.81 0
88332 9.96 3.56 -52.89 0
88333 10.08 2.56 -52.61 0
88348 8.46 -0.40 -55.99 0
88349 8.17 0.46 -56.35 0
88350 9.38 1.84 -54.65 0
88351 9.46 2.50 -54.50 0
88352 9.57 2.95 -54.24 0
88353 9.70 3.34 -53.87 0
88354 9.85 3.51 -53.37 0
88368 8.09 -0.26 -56.47 0
88369 8.07 0.73 -56.48 0
88370 2.97 -0.24 -61.92 0
88371 2.66 -0.35 -62.11 0
88387 7.70 -0.62 -56.98 0
88388 3.48 0.45 -61.60 0
88389 3.24 -0.20 -61.74 0
88399 7.29 -0.97 -57.51 0
88400 4.00 0.53 -61.21 0
88401 3.68 1.25 -61.49 0
88419 6.87 -0.47 -58.07 0
88420 6.54 -0.01 -58.51 0
88421 4.43 1.50 -60.89 0
88422 4.06 1.47 -61.20 0
88423 3.88 1.37 -61.35 0
88434 6.20 0.56 -58.96 0
88435 5.82 1.11 -59.43 0
88436 5.37 1.77 -59.97 0
88437 4.97 1.91 -60.41 0
88438 4.72 1.66 -60.64 0
88448 5.17 2.73 -60.25 0
88449 5.11 2.45 -60.29 0
89527 8.50 1.25 -55.97 0
89528 8.76 1.64 -55.61 0
89529 8.97 2.12 -55.31 0
89530 9.13 2.68 -55.06 0
89531 9.81 5.08 -53.26 0
89547 8.16 1.31 -56.39 0
89548 8.11 0.91 -56.43 0
89549 9.25 3.33 -54.88 0
89550 9.36 3.95 -54.67 0
89551 9.46 4.79 -54.42 0
89552 9.60 5.19 -54.00 0
89553 9.73 5.03 -53.60 0
89577 7.77 2.42 -56.95 0
89578 7.95 1.44 -56.68 0
89579 8.07 1.10 -56.49 0
89580 9.41 5.81 -54.52 0
89581 9.47 5.59 -54.35 0
89582 2.80 0.98 -62.08 0
89583 2.48 0.87 -62.27 0
89596 7.67 2.67 -57.09 0
89597 7.64 1.79 -57.11 0
89598 3.28 1.92 -61.82 0
89599 3.14 1.13 -61.87 0
89617 7.25 1.42 -57.65 0
89618 3.49 2.46 -61.71 0
89635 6.89 1.16 -58.11 0
89636 6.63 0.98 -58.43 0
89637 4.32 2.77 -61.06 0
89638 4.02 3.00 -61.33 0
89639 3.77 2.22 -61.47 0
89650 6.34 1.69 -58.84 0
89651 5.97 2.39 -59.33 0
89652 5.59 2.86 -59.79 0
89653 4.83 2.79 -60.60 0
89654 4.58 3.07 -60.85 0
89655 4.24 3.50 -61.17 0
89663 5.27 3.31 -60.18 0
89664 4.94 3.39 -60.53 0
89665 4.66 4.15 -60.86 0
90734 8.38 2.36 -56.16 0
90735 8.42 3.07 -56.12 0
90736 8.68 3.38 -55.78 0
90737 8.88 3.78 -55.49 0
90764 8.21 2.77 -56.40 0
90765 8.18 4.01 -56.49 0
90766 9.04 4.04 -55.24 0
90767 9.11 4.94 -55.13 0
90768 9.27 5.20 -54.83 0
90795 7.78 2.76 -56.94 0
90796 7.86 2.96 -56.86 0
90797 9.13 6.06 -55.12 0
90798 9.27 6.26 -54.83 0
90800 2.64 2.09 -62.25 0
90801 2.33 2.02 -62.43 0
90808 7.73 2.88 -57.03 0
90809 7.56 3.57 -57.30 0
90810 3.12 2.52 -61.97 0
90811 2.89 2.50 -62.11 0
90825 7.21 3.66 -57.80 0
90826 3.16 3.14 -61.97 0
90838 6.78 3.50 -58.37 0
90839 6.54 2.53 -58.64 0
90840 3.80 4.12 -61.58 0
90841 3.52 3.80 -61.77 0
90852 6.42 4.11 -58.88 0
90853 6.17 3.72 -59.17 0
90854 5.72 4.41 -59.76 0
90855 5.42 4.17 -60.08 0
90856 4.30 4.05 -61.17 0
90857 4.02 4.60 -61.45 0
90866 5.39 5.32 -60.20 0
90867 5.11 4.94 -60.47 0
90868 4.73 5.12 -60.87 0
90869 4.37 5.02 -61.19 0
90870 4.05 5.87 -61.54 0
91966 8.25 4.52 -56.41 0
91967 8.41 4.64 -56.19 0
91968 8.61 5.02 -55.93 0
91989 7.95 4.40 -56.81 0
91990 8.06 5.32 -56.71 0
91991 8.83 5.45 -55.62 0
91992 8.93 6.54 -55.50 0
92007 7.64 5.10 -57.29 0
92018 7.23 5.93 -57.91 0
92039 6.82 5.75 -58.45 0
92054 6.38 5.86 -59.05 0
92055 6.11 6.93 -59.46 0
92068 6.23 4.93 -59.17 0
92069 5.96 6.01 -59.58 0
92070 5.53 6.40 -60.13 0
92082 5.17 6.64 -60.55 0
92083 4.83 6.63 -60.91 0
92084 4.49 6.60 -61.23 0
92085 4.17 6.72 -61.53 0
93099 8.21 5.59 -56.52 0
93100 8.33 6.29 -56.40 0
93101 8.54 6.56 -56.11 0
93118 7.79 6.24 -57.14 0
93119 8.00 7.15 -56.91 0
93120 8.18 7.65 -56.68 0
93121 8.67 7.28 -55.96 0
93136 7.43 7.50 -57.73 0
93137 7.69 8.00 -57.42 0
93150 7.10 8.09 -58.23 0
93168 6.84 7.80 -58.56 0
93176 6.50 7.74 -59.01 0
93177 6.19 7.90 -59.44 0
93187 5.92 7.94 -59.77 0
93188 5.63 7.91 -60.13 0
93195 5.28 8.11 -60.55 0
94191 8.34 7.42 -56.44 0
94192 8.45 7.84 -56.32 0
