# Label from mne_analyze
1506
14618 -28.92 -96.94 -73.12 0
14619 -29.06 -97.10 -73.06 0
14620 -29.28 -97.48 -72.99 0
14630 -28.78 -97.11 -73.30 0
14631 -28.93 -97.58 -73.35 0
14632 -29.20 -98.03 -73.26 0
14648 -28.57 -97.50 -73.62 0
14649 -28.62 -98.23 -73.85 0
14650 -29.14 -98.63 -73.54 0
14674 -28.16 -99.11 -74.57 0
14675 -28.81 -99.10 -74.00 0
15883 -28.62 -95.20 -72.75 0
15884 -28.96 -95.71 -72.65 0
15885 -29.35 -96.17 -72.45 0
15886 -29.59 -96.40 -72.31 0
15893 -28.33 -95.32 -73.02 0
15894 -28.37 -95.93 -73.21 0
15895 -28.91 -96.60 -73.00 0
15896 -29.48 -96.88 -72.59 0
15897 -29.72 -97.79 -72.69 0
15898 -30.04 -98.16 -72.51 0
15919 -28.00 -96.36 -73.67 0
15920 -28.28 -96.91 -73.65 0
15921 -29.49 -98.46 -73.15 0
15922 -29.87 -98.52 -72.81 0
15951 -28.23 -97.66 -73.96 0
15952 -27.87 -98.19 -74.46 0
15979 -22.61 -100.47 -79.02 0
15980 -22.87 -100.51 -78.88 0
15981 -23.41 -100.60 -78.58 0
15982 -26.94 -99.44 -75.66 0
15983 -27.26 -98.99 -75.24 0
16002 -22.42 -100.78 -79.21 0
16004 -23.83 -101.21 -78.51 0
16005 -27.20 -99.90 -75.63 0
16006 -27.73 -99.62 -75.11 0
16024 -21.45 -101.27 -79.85 0
17279 -28.78 -93.68 -72.06 0
17280 -28.88 -93.88 -72.06 0
17281 -29.11 -94.32 -72.03 0
17282 -29.36 -94.74 -71.96 0
17295 -28.66 -93.82 -72.20 0
17296 -28.71 -94.44 -72.39 0
17297 -29.04 -94.97 -72.32 0
17298 -29.43 -95.40 -72.12 0
17299 -29.73 -96.00 -72.04 0
17300 -30.02 -96.33 -71.86 0
17313 -28.36 -94.09 -72.52 0
17314 -28.26 -94.79 -72.87 0
17315 -28.03 -95.36 -73.26 0
17316 -29.78 -96.52 -72.16 0
17317 -30.08 -96.98 -72.03 0
17318 -30.26 -97.81 -72.16 0
17343 -27.81 -95.92 -73.64 0
17344 -27.53 -96.68 -74.15 0
17345 -27.02 -96.93 -74.63 0
17367 -27.81 -97.43 -74.22 0
17368 -27.11 -97.71 -74.87 0
17384 -22.51 -100.10 -78.96 0
17385 -23.21 -100.02 -78.51 0
17386 -24.04 -100.15 -78.01 0
17387 -25.08 -99.84 -77.17 0
17388 -26.33 -99.41 -76.10 0
17389 -26.70 -98.51 -75.48 0
17405 -21.89 -100.41 -79.38 0
17406 -24.74 -100.95 -77.80 0
17407 -25.74 -100.72 -77.02 0
17408 -26.68 -100.71 -76.31 0
17423 -20.50 -100.82 -80.19 0
17424 -21.18 -100.26 -79.70 0
17443 -19.77 -100.52 -80.43 0
17459 -18.83 -100.62 -80.85 0
18738 -28.65 -92.85 -71.83 0
18739 -28.79 -93.33 -71.91 0
18740 -29.18 -93.69 -71.74 0
18741 -29.47 -94.18 -71.67 0
18742 -29.73 -94.80 -71.63 0
18743 -30.02 -95.16 -71.48 0
18751 -28.45 -93.02 -72.04 0
18752 -28.43 -93.53 -72.25 0
18753 -29.81 -95.42 -71.77 0
18754 -30.11 -95.74 -71.57 0
18755 -30.37 -96.37 -71.52 0
18756 -30.62 -96.75 -71.40 0
18768 -28.19 -93.23 -72.30 0
18769 -28.09 -93.70 -72.55 0
18770 -27.97 -94.27 -72.87 0
18771 -27.77 -94.83 -73.24 0
18772 -30.42 -96.85 -71.64 0
18773 -30.59 -97.27 -71.62 0
18795 -27.61 -95.36 -73.56 0
18796 -27.28 -95.80 -73.98 0
18797 -26.89 -96.35 -74.49 0
18815 -26.52 -96.97 -75.00 0
18828 -22.39 -99.60 -78.87 0
18829 -22.81 -99.42 -78.55 0
18830 -23.56 -99.33 -78.04 0
18831 -24.36 -99.12 -77.41 0
18832 -25.22 -98.67 -76.62 0
18833 -26.09 -97.93 -75.70 0
18847 -21.85 -99.61 -79.15 0
18848 -22.34 -99.26 -78.78 0
18861 -7.50 -100.90 -83.22 0
18862 -8.42 -100.61 -83.13 0
18865 -20.36 -100.00 -80.01 0
18866 -20.99 -99.47 -79.55 0
18883 -6.53 -100.27 -83.04 0
18884 -7.46 -99.81 -82.93 0
18887 -19.48 -99.78 -80.33 0
18888 -20.18 -99.13 -79.82 0
18909 -6.48 -99.45 -82.83 0
18910 -15.90 -100.51 -81.85 0
18911 -16.80 -100.67 -81.61 0
18912 -17.75 -100.15 -81.12 0
18913 -18.52 -99.58 -80.66 0
18914 -19.17 -98.88 -80.17 0
18936 -16.11 -100.00 -81.64 0
18937 -16.79 -99.69 -81.32 0
18938 -17.59 -99.25 -80.90 0
18939 -18.28 -98.77 -80.49 0
18940 -18.70 -98.43 -80.22 0
20109 -28.78 -92.14 -71.44 0
20110 -28.84 -92.51 -71.54 0
20111 -29.22 -93.00 -71.44 0
20112 -29.56 -93.48 -71.34 0
20113 -29.86 -94.04 -71.26 0
20114 -30.16 -94.63 -71.15 0
20115 -30.27 -95.22 -71.24 0
20126 -28.62 -92.15 -71.55 0
20127 -28.50 -92.56 -71.81 0
20128 -30.47 -94.96 -70.93 0
20129 -30.55 -95.62 -71.07 0
20130 -30.79 -96.33 -71.06 0
20145 -28.33 -92.20 -71.78 0
20146 -28.09 -92.66 -72.13 0
20147 -27.86 -93.25 -72.52 0
20148 -27.71 -93.81 -72.86 0
20149 -27.57 -94.35 -73.17 0
20164 -27.62 -92.79 -72.49 0
20165 -27.44 -93.33 -72.83 0
20166 -27.25 -93.96 -73.22 0
20167 -27.14 -94.85 -73.68 0
20168 -26.67 -95.59 -74.32 0
20169 -26.28 -96.14 -74.83 0
20179 -25.73 -96.74 -75.47 0
20190 -22.56 -98.88 -78.51 0
20191 -23.09 -98.73 -78.12 0
20192 -23.78 -98.53 -77.59 0
20193 -24.44 -98.20 -77.00 0
20194 -24.98 -97.49 -76.32 0
20204 -9.25 -100.47 -83.06 0
20205 -10.13 -100.90 -83.13 0
20206 -11.09 -101.06 -83.09 0
20207 -11.95 -101.21 -83.02 0
20208 -12.80 -101.30 -82.90 0
20209 -13.63 -101.53 -82.78 0
20212 -21.45 -99.01 -79.17 0
20213 -22.02 -98.80 -78.78 0
20214 -22.51 -98.21 -78.27 0
20215 -23.26 -98.02 -77.73 0
20216 -23.90 -97.77 -77.20 0
20217 -24.35 -97.60 -76.82 0
20232 -8.65 -99.51 -82.82 0
20233 -9.77 -99.95 -82.88 0
20234 -10.70 -100.25 -82.89 0
20235 -11.58 -100.47 -82.85 0
20236 -12.40 -100.62 -82.76 0
20237 -13.30 -100.57 -82.56 0
20238 -14.33 -101.14 -82.49 0
20240 -20.89 -98.80 -79.38 0
20241 -21.43 -98.34 -78.94 0
20242 -21.97 -98.27 -78.62 0
20255 -7.72 -99.01 -82.71 0
20256 -13.49 -99.99 -82.34 0
20257 -14.24 -100.12 -82.20 0
20258 -15.25 -100.87 -82.15 0
20259 -20.44 -98.54 -79.51 0
20260 -20.83 -98.32 -79.25 0
20272 -6.11 -98.78 -82.65 0
20273 -6.95 -98.90 -82.69 0
20274 -14.61 -99.62 -81.96 0
20275 -15.25 -99.93 -81.87 0
20276 -19.86 -98.40 -79.72 0
20277 -20.39 -98.04 -79.35 0
20288 -5.21 -98.25 -82.50 0
20289 -14.85 -99.18 -81.75 0
20290 -15.79 -99.21 -81.49 0
20291 -16.70 -98.82 -81.07 0
20292 -17.48 -98.45 -80.68 0
20293 -18.21 -98.05 -80.27 0
20294 -19.11 -98.03 -79.90 0
20305 -14.68 -98.19 -81.49 0
20306 -14.94 -98.44 -81.49 0
20307 -15.87 -98.34 -81.18 0
20308 -16.66 -97.98 -80.81 0
20309 -17.44 -97.76 -80.46 0
20310 -17.93 -97.51 -80.18 0
20321 -14.75 -98.02 -81.40 0
20322 -15.22 -97.87 -81.22 0
20323 -15.88 -97.68 -80.95 0
20324 -16.35 -97.44 -80.72 0
21383 -28.92 -91.05 -70.83 0
21384 -29.02 -91.24 -70.84 0
21385 -29.29 -91.63 -70.82 0
21386 -29.58 -92.04 -70.75 0
21401 -28.80 -91.15 -70.96 0
21402 -28.85 -91.79 -71.22 0
21403 -29.25 -92.27 -71.13 0
21404 -29.66 -92.71 -70.96 0
21405 -29.95 -93.31 -70.91 0
21406 -30.24 -93.83 -70.80 0
21407 -30.54 -94.37 -70.66 0
21422 -28.56 -91.30 -71.20 0
21423 -28.37 -91.70 -71.51 0
21424 -30.83 -94.96 -70.53 0
21425 -31.01 -95.74 -70.60 0
21437 -28.01 -91.98 -71.88 0
21438 -27.67 -92.26 -72.22 0
21444 -27.39 -92.45 -72.48 0
21445 -27.22 -92.82 -72.75 0
21446 -26.94 -93.34 -73.15 0
21447 -26.66 -94.04 -73.64 0
21448 -26.21 -94.85 -74.30 0
21449 -26.20 -95.55 -74.62 0
21454 -25.60 -94.82 -74.68 0
21455 -25.61 -95.59 -75.04 0
21465 -24.86 -96.33 -75.88 0
21480 -22.40 -97.68 -78.13 0
21481 -22.82 -97.54 -77.81 0
21482 -23.41 -97.32 -77.33 0
21483 -24.07 -96.95 -76.71 0
21496 -8.89 -98.86 -82.63 0
21497 -9.49 -99.13 -82.67 0
21498 -10.38 -99.42 -82.67 0
21499 -11.27 -99.72 -82.66 0
21500 -12.10 -99.99 -82.62 0
21501 -12.66 -100.21 -82.59 0
21502 -21.38 -97.85 -78.77 0
21503 -21.88 -97.74 -78.45 0
21504 -22.35 -97.23 -77.96 0
21505 -22.91 -96.80 -77.41 0
21506 -23.47 -96.86 -77.08 0
21511 -7.59 -97.38 -82.25 0
21512 -8.20 -98.29 -82.49 0
21513 -9.22 -98.49 -82.50 0
21514 -10.07 -98.54 -82.44 0
21515 -10.99 -98.94 -82.45 0
21516 -11.87 -99.26 -82.42 0
21517 -12.84 -99.67 -82.38 0
21518 -13.59 -99.60 -82.20 0
21519 -20.95 -97.88 -79.01 0
21520 -21.24 -97.42 -78.67 0
21521 -21.71 -96.91 -78.19 0
21522 -22.29 -96.70 -77.76 0
21524 -6.56 -97.85 -82.40 0
21525 -7.36 -98.51 -82.58 0
21526 -10.77 -98.20 -82.25 0
21527 -11.58 -98.48 -82.22 0
21528 -12.44 -98.77 -82.16 0
21529 -13.28 -99.01 -82.07 0
21530 -14.11 -99.24 -81.96 0
21531 -19.84 -97.80 -79.50 0
21532 -20.37 -97.27 -79.04 0
21533 -21.06 -96.85 -78.52 0
21534 -21.36 -96.64 -78.27 0
21537 -4.98 -97.20 -82.22 0
21538 -11.32 -97.83 -82.04 0
21539 -12.12 -97.93 -81.93 0
21540 -12.94 -98.26 -81.89 0
21541 -13.75 -98.50 -81.80 0
21542 -14.43 -98.64 -81.70 0
21543 -18.53 -97.36 -79.88 0
21544 -19.44 -97.26 -79.46 0
21545 -19.85 -96.98 -79.17 0
21549 -12.69 -97.65 -81.72 0
21550 -13.39 -97.73 -81.61 0
21551 -14.33 -98.10 -81.53 0
21552 -14.57 -98.40 -81.59 0
21553 -16.88 -97.36 -80.51 0
21554 -17.48 -97.21 -80.24 0
21555 -17.97 -97.14 -80.03 0
21559 -13.90 -97.47 -81.39 0
21560 -14.57 -97.47 -81.23 0
21561 -15.30 -97.27 -80.97 0
21562 -15.91 -97.14 -80.74 0
21563 -16.43 -97.01 -80.53 0
22579 -28.84 -90.10 -70.39 0
22580 -29.23 -90.45 -70.29 0
22581 -29.58 -90.82 -70.18 0
22582 -29.77 -91.04 -70.14 0
22594 -28.59 -90.31 -70.68 0
22595 -28.91 -90.76 -70.69 0
22596 -29.30 -91.05 -70.54 0
22597 -29.69 -91.42 -70.39 0
22598 -29.97 -92.18 -70.45 0
22599 -30.20 -92.57 -70.38 0
22610 -28.41 -90.34 -70.82 0
22611 -28.46 -90.73 -70.98 0
22612 -30.02 -92.76 -70.64 0
22613 -30.30 -93.06 -70.46 0
22614 -30.60 -93.63 -70.34 0
22615 -30.90 -94.19 -70.18 0
22628 -28.25 -91.15 -71.32 0
22629 -27.92 -91.36 -71.64 0
22642 -27.60 -91.69 -72.00 0
22643 -27.28 -91.99 -72.34 0
22644 -26.92 -92.10 -72.61 0
22655 -27.12 -92.40 -72.62 0
22656 -26.75 -92.62 -72.95 0
22657 -26.30 -93.26 -73.51 0
22658 -26.05 -93.98 -74.00 0
22659 -25.74 -94.37 -74.38 0
22672 -25.82 -93.47 -73.91 0
22673 -25.55 -93.84 -74.24 0
22674 -25.22 -94.33 -74.69 0
22675 -25.20 -94.95 -75.00 0
22690 -24.82 -94.68 -75.11 0
22691 -24.71 -95.31 -75.49 0
22702 -24.04 -95.86 -76.21 0
22707 -22.90 -96.06 -77.06 0
22708 -23.47 -96.37 -76.84 0
22711 -2.04 -89.80 -79.92 0
22712 -2.91 -90.35 -80.05 0
22713 -3.40 -90.73 -80.16 0
22714 -7.84 -96.73 -82.06 0
22715 -8.43 -97.30 -82.20 0
22716 -9.44 -97.65 -82.22 0
22717 -10.19 -97.96 -82.25 0
22718 -21.94 -96.25 -77.75 0
22719 -22.49 -96.32 -77.45 0
22722 -1.32 -90.19 -80.11 0
22723 -2.24 -90.73 -80.24 0
22724 -3.05 -91.09 -80.31 0
22725 -6.27 -95.79 -81.80 0
22726 -6.91 -96.71 -82.07 0
22727 -9.88 -97.16 -82.03 0
22728 -10.49 -97.44 -82.04 0
22729 -19.87 -96.24 -78.84 0
22730 -20.51 -96.46 -78.62 0
22731 -21.12 -96.38 -78.28 0
22732 -21.52 -96.43 -78.09 0
22737 -1.48 -91.10 -80.42 0
22738 -2.67 -91.81 -80.59 0
22739 -3.15 -92.49 -80.79 0
22740 -5.07 -95.62 -81.76 0
22741 -5.74 -96.59 -82.05 0
22742 -11.62 -97.10 -81.73 0
22743 -12.28 -97.40 -81.71 0
22744 -17.42 -96.21 -79.85 0
22745 -18.09 -96.37 -79.65 0
22746 -18.80 -96.66 -79.48 0
22747 -19.54 -96.67 -79.17 0
22748 -20.03 -96.73 -78.97 0
22754 -1.48 -92.04 -80.72 0
22755 -2.56 -92.98 -80.98 0
22756 -3.11 -94.29 -81.38 0
22757 -3.73 -95.57 -81.76 0
22758 -4.64 -96.31 -81.98 0
22759 -11.99 -96.61 -81.48 0
22760 -12.70 -96.93 -81.45 0
22761 -13.44 -97.23 -81.41 0
22762 -15.73 -96.24 -80.43 0
22763 -16.34 -96.38 -80.30 0
22764 -16.93 -96.71 -80.24 0
22765 -17.69 -96.75 -79.98 0
22766 -18.22 -96.86 -79.81 0
22776 -13.12 -96.43 -81.17 0
22777 -13.77 -96.79 -81.16 0
22778 -14.73 -96.75 -80.90 0
22779 -15.46 -96.72 -80.70 0
22780 -16.05 -96.70 -80.53 0
22781 -16.44 -96.70 -80.41 0
23831 -28.96 -89.15 -69.75 0
23832 -29.38 -89.48 -69.60 0
23833 -29.79 -89.89 -69.47 0
23834 -30.19 -90.32 -69.29 0
23835 -30.60 -90.70 -69.02 0
23849 -28.67 -89.45 -70.15 0
23850 -29.11 -89.80 -70.01 0
23851 -29.51 -90.20 -69.90 0
23852 -29.91 -90.76 -69.84 0
23853 -30.35 -91.20 -69.58 0
23854 -30.80 -91.62 -69.25 0
23865 -28.46 -89.81 -70.50 0
23866 -29.87 -91.17 -70.11 0
23867 -30.06 -91.50 -70.06 0
23868 -30.48 -92.32 -69.95 0
23869 -31.01 -92.44 -69.38 0
23881 -28.37 -90.09 -70.72 0
23882 -28.17 -90.21 -70.91 0
23883 -30.59 -93.06 -70.14 0
23884 -30.95 -93.27 -69.78 0
23898 -27.89 -90.63 -71.30 0
23899 -27.35 -91.03 -71.84 0
23900 -26.91 -90.94 -72.07 0
23915 -27.29 -91.55 -72.12 0
23916 -26.91 -91.50 -72.33 0
23917 -26.52 -91.98 -72.79 0
23929 -13.76 -88.33 -77.54 0
23930 -14.03 -88.37 -77.47 0
23931 -14.65 -88.48 -77.31 0
23932 -15.39 -88.69 -77.14 0
23933 -16.08 -88.94 -77.00 0
23934 -26.16 -92.47 -73.24 0
23935 -25.71 -92.91 -73.71 0
23936 -25.24 -93.03 -74.06 0
23948 -3.77 -86.48 -78.47 0
23949 -4.04 -86.71 -78.52 0
23950 -13.70 -88.58 -77.67 0
23951 -14.18 -88.91 -77.67 0
23952 -14.85 -89.19 -77.57 0
23953 -15.64 -89.46 -77.41 0
23954 -16.59 -89.67 -77.14 0
23955 -17.47 -90.27 -77.06 0
23956 -18.20 -90.79 -76.99 0
23957 -18.77 -91.19 -76.91 0
23958 -25.47 -93.36 -74.07 0
23959 -25.00 -93.52 -74.44 0
23960 -24.61 -94.10 -74.96 0
23969 -2.73 -86.50 -78.61 0
23970 -3.39 -86.68 -78.59 0
23971 -4.18 -87.45 -78.79 0
23972 -13.62 -89.16 -77.96 0
23973 -14.20 -89.64 -78.00 0
23974 -15.03 -89.97 -77.87 0
23975 -15.87 -90.28 -77.71 0
23976 -16.73 -90.66 -77.56 0
23977 -17.54 -91.10 -77.43 0
23978 -18.28 -91.50 -77.30 0
23979 -19.04 -91.82 -77.08 0
23980 -19.67 -92.23 -76.96 0
23981 -20.22 -92.46 -76.77 0
23982 -24.35 -94.66 -75.40 0
23983 -24.08 -95.09 -75.80 0
23985 -1.64 -86.94 -78.89 0
23986 -2.40 -87.06 -78.85 0
23987 -3.39 -87.83 -79.03 0
23988 -4.24 -88.48 -79.19 0
23989 -14.42 -90.46 -78.30 0
23990 -15.19 -90.77 -78.19 0
23991 -16.01 -91.14 -78.06 0
23992 -16.88 -91.51 -77.90 0
23993 -17.66 -91.88 -77.75 0
23994 -18.40 -92.26 -77.60 0
23995 -19.14 -92.63 -77.42 0
23996 -19.91 -93.05 -77.24 0
23997 -20.46 -92.84 -76.83 0
23998 -23.68 -95.29 -76.16 0
24001 -1.51 -87.63 -79.16 0
24002 -2.58 -88.29 -79.30 0
24003 -3.55 -88.95 -79.45 0
24004 -4.35 -89.39 -79.54 0
24005 -14.61 -91.11 -78.53 0
24006 -15.18 -91.68 -78.60 0
24007 -16.21 -91.97 -78.37 0
24008 -17.05 -92.28 -78.19 0
24009 -17.79 -92.61 -78.04 0
24010 -18.47 -93.12 -77.98 0
24011 -19.32 -93.28 -77.65 0
24012 -19.66 -93.36 -77.53 0
24013 -21.53 -94.90 -77.30 0
24014 -22.19 -95.14 -77.03 0
24015 -22.79 -95.41 -76.80 0
24016 -23.36 -95.67 -76.57 0
24019 -0.82 -88.32 -79.47 0
24020 -1.81 -88.80 -79.56 0
24021 -2.80 -89.41 -79.71 0
24022 -3.94 -90.24 -79.92 0
24023 -4.68 -90.75 -80.06 0
24024 -8.09 -96.37 -81.94 0
24025 -8.55 -96.70 -82.01 0
24026 -8.97 -97.06 -82.09 0
24027 -15.02 -92.29 -78.93 0
24028 -15.62 -92.46 -78.81 0
24029 -16.46 -92.75 -78.63 0
24030 -17.29 -93.00 -78.42 0
24031 -17.85 -93.11 -78.25 0
24032 -20.52 -95.30 -78.07 0
24033 -21.15 -95.40 -77.78 0
24034 -21.77 -95.58 -77.52 0
24035 -22.36 -95.79 -77.27 0
24039 -0.28 -88.90 -79.71 0
24040 -1.12 -89.29 -79.80 0
24041 -3.70 -91.22 -80.31 0
24042 -4.46 -91.27 -80.28 0
24043 -6.73 -95.06 -81.55 0
24044 -7.50 -95.91 -81.81 0
24045 -8.47 -96.13 -81.83 0
24046 -9.48 -96.58 -81.88 0
24047 -10.11 -96.96 -81.94 0
24048 -17.55 -95.14 -79.30 0
24049 -18.29 -95.29 -79.08 0
24050 -18.99 -95.49 -78.88 0
24051 -19.63 -95.67 -78.68 0
24052 -20.23 -95.81 -78.46 0
24053 -20.83 -95.89 -78.20 0
24054 -21.40 -95.99 -77.94 0
24060 -0.48 -89.68 -79.98 0
24061 -3.36 -91.62 -80.48 0
24062 -4.03 -92.31 -80.68 0
24063 -5.01 -93.67 -81.12 0
24064 -5.66 -94.81 -81.49 0
24065 -10.34 -95.97 -81.55 0
24066 -10.58 -96.68 -81.76 0
24067 -15.91 -95.33 -79.97 0
24068 -16.53 -95.48 -79.83 0
24069 -17.17 -95.63 -79.67 0
24070 -17.85 -95.77 -79.48 0
24071 -18.55 -95.95 -79.28 0
24072 -19.23 -96.12 -79.06 0
24080 -3.37 -92.82 -80.89 0
24081 -3.74 -93.46 -81.09 0
24082 -4.39 -94.58 -81.44 0
24083 -10.74 -95.62 -81.36 0
24084 -11.46 -96.02 -81.37 0
24085 -12.18 -96.38 -81.36 0
24086 -14.74 -95.67 -80.46 0
24087 -15.38 -95.63 -80.26 0
24088 -16.11 -95.85 -80.14 0
24089 -16.75 -96.04 -80.01 0
24097 -12.01 -95.52 -81.07 0
24098 -12.56 -95.95 -81.11 0
24099 -13.45 -96.04 -80.94 0
24100 -14.24 -96.04 -80.74 0
24101 -15.05 -96.18 -80.59 0
25208 -29.87 -88.99 -68.84 0
25209 -30.13 -89.09 -68.60 0
25224 -28.81 -88.61 -69.54 0
25225 -29.18 -88.79 -69.34 0
25226 -29.62 -89.09 -69.13 0
25227 -30.01 -89.53 -69.02 0
25228 -30.38 -89.84 -68.78 0
25238 -28.50 -88.75 -69.86 0
25254 -28.04 -89.10 -70.39 0
25255 -27.60 -89.04 -70.65 0
25274 -28.15 -89.78 -70.69 0
25275 -27.64 -89.66 -70.96 0
25276 -27.13 -89.79 -71.36 0
25292 -4.93 -83.57 -77.24 0
25293 -5.32 -83.82 -77.26 0
25294 -6.16 -84.27 -77.29 0
25295 -7.06 -84.66 -77.29 0
25296 -7.97 -84.97 -77.26 0
25297 -8.90 -85.24 -77.20 0
25298 -9.76 -85.54 -77.17 0
25299 -27.38 -90.28 -71.45 0
25300 -26.84 -90.30 -71.80 0
25301 -26.50 -90.92 -72.31 0
25302 -26.14 -91.16 -72.63 0
25314 -3.82 -83.80 -77.51 0
25315 -4.55 -83.91 -77.43 0
25316 -5.51 -84.76 -77.59 0
25317 -6.48 -85.27 -77.63 0
25318 -7.44 -85.62 -77.63 0
25319 -8.37 -85.92 -77.60 0
25320 -9.30 -86.18 -77.56 0
25321 -10.32 -86.39 -77.47 0
25322 -11.17 -86.83 -77.50 0
25323 -12.04 -87.01 -77.37 0
25324 -12.98 -87.10 -77.15 0
25325 -13.92 -87.20 -76.92 0
25326 -14.60 -87.36 -76.77 0
25327 -26.41 -91.45 -72.61 0
25328 -25.94 -91.71 -73.01 0
25329 -25.46 -91.96 -73.42 0
25337 -2.72 -84.25 -77.85 0
25338 -3.51 -84.54 -77.82 0
25339 -4.71 -85.35 -77.93 0
25340 -5.82 -85.94 -78.00 0
25341 -6.88 -86.30 -78.00 0
25342 -7.85 -86.59 -77.98 0
25343 -8.77 -86.85 -77.96 0
25344 -9.68 -87.14 -77.94 0
25345 -10.61 -87.43 -77.90 0
25346 -11.54 -87.71 -77.83 0
25347 -12.52 -87.89 -77.67 0
25348 -13.54 -88.01 -77.44 0
25349 -14.31 -87.88 -77.13 0
25350 -15.11 -87.84 -76.83 0
25351 -15.97 -88.20 -76.67 0
25352 -16.76 -88.69 -76.59 0
25353 -25.70 -92.31 -73.43 0
25354 -25.23 -92.47 -73.79 0
25355 -24.76 -92.90 -74.28 0
25356 -24.40 -92.86 -74.49 0
25364 -2.58 -84.92 -78.09 0
25365 -3.22 -85.50 -78.19 0
25366 -3.87 -86.03 -78.29 0
25367 -4.99 -86.85 -78.47 0
25368 -6.33 -87.09 -78.40 0
25369 -7.36 -87.29 -78.35 0
25370 -8.28 -87.51 -78.33 0
25371 -9.12 -87.74 -78.31 0
25372 -9.97 -88.18 -78.37 0
25373 -10.97 -88.30 -78.24 0
25374 -11.94 -88.79 -78.24 0
25375 -13.05 -88.66 -77.89 0
25376 -17.49 -89.37 -76.61 0
25377 -18.24 -90.03 -76.59 0
25378 -18.86 -90.62 -76.58 0
25379 -19.43 -91.22 -76.59 0
25380 -19.85 -91.17 -76.34 0
25381 -24.71 -93.25 -74.48 0
25382 -24.37 -93.31 -74.72 0
25384 -2.03 -85.56 -78.38 0
25385 -2.80 -85.94 -78.40 0
25386 -3.32 -86.05 -78.37 0
25387 -5.01 -88.14 -78.97 0
25388 -5.96 -88.03 -78.83 0
25389 -6.98 -88.07 -78.73 0
25390 -7.86 -88.14 -78.66 0
25391 -8.71 -88.44 -78.69 0
25392 -9.31 -88.32 -78.55 0
25393 -12.09 -89.90 -78.70 0
25394 -12.99 -89.53 -78.30 0
25395 -13.62 -89.62 -78.17 0
25396 -19.57 -91.73 -76.77 0
25397 -20.10 -91.68 -76.45 0
25398 -20.96 -92.48 -76.36 0
25399 -21.66 -92.67 -76.05 0
25400 -23.86 -94.09 -75.43 0
25401 -24.00 -94.66 -75.63 0
25404 -0.74 -85.95 -78.67 0
25405 -1.62 -86.27 -78.67 0
25406 -2.32 -86.27 -78.58 0
25407 -4.96 -89.06 -79.35 0
25408 -5.74 -88.93 -79.22 0
25409 -6.74 -89.06 -79.18 0
25410 -7.64 -88.81 -78.98 0
25411 -8.19 -88.68 -78.86 0
25412 -12.16 -90.75 -79.06 0
25413 -12.91 -90.44 -78.73 0
25414 -13.66 -90.13 -78.39 0
25415 -20.21 -93.56 -77.33 0
25416 -20.71 -93.36 -76.95 0
25417 -21.74 -93.38 -76.37 0
25418 -22.57 -93.99 -76.19 0
25419 -23.20 -94.40 -76.01 0
25420 -23.68 -94.77 -75.90 0
25424 -0.39 -86.46 -78.86 0
25425 -1.04 -86.75 -78.89 0
25426 -4.88 -89.68 -79.61 0
25427 -5.57 -89.72 -79.56 0
25428 -6.21 -89.54 -79.42 0
25429 -12.19 -91.30 -79.30 0
25430 -12.78 -91.21 -79.11 0
25431 -13.79 -91.11 -78.78 0
25432 -14.46 -91.51 -78.76 0
25433 -18.45 -93.68 -78.25 0
25434 -18.97 -93.72 -78.04 0
25435 -19.73 -93.76 -77.68 0
25436 -20.46 -94.04 -77.44 0
25437 -21.22 -94.14 -77.07 0
25438 -21.99 -94.38 -76.75 0
25439 -22.67 -94.73 -76.52 0
25440 -23.23 -95.05 -76.33 0
25443 0.01 -86.52 -78.93 0
25444 -0.31 -87.21 -79.12 0
25445 -4.54 -89.91 -79.73 0
25446 -4.99 -90.29 -79.85 0
25447 -11.99 -91.55 -79.46 0
25448 -12.41 -91.76 -79.45 0
25449 -13.20 -91.87 -79.29 0
25450 -14.27 -92.16 -79.10 0
25451 -15.00 -92.85 -79.18 0
25452 -15.83 -93.24 -79.07 0
25453 -16.75 -93.54 -78.87 0
25454 -17.81 -93.70 -78.53 0
25455 -18.55 -94.15 -78.43 0
25456 -19.25 -94.36 -78.21 0
25457 -20.04 -94.65 -77.98 0
25458 -20.83 -94.74 -77.61 0
25463 0.11 -88.06 -79.44 0
25464 -5.32 -91.14 -80.17 0
25465 -5.81 -91.86 -80.42 0
25466 -7.00 -94.67 -81.41 0
25467 -7.46 -95.04 -81.52 0
25468 -8.27 -95.39 -81.59 0
25469 -8.95 -95.81 -81.68 0
25470 -12.69 -92.27 -79.60 0
25471 -13.26 -92.74 -79.64 0
25472 -14.19 -93.21 -79.58 0
25473 -15.08 -93.73 -79.53 0
25474 -16.04 -94.11 -79.38 0
25475 -17.06 -94.44 -79.17 0
25476 -18.01 -94.59 -78.87 0
25477 -18.76 -94.82 -78.66 0
25478 -19.45 -95.05 -78.46 0
25479 -19.98 -95.30 -78.34 0
25486 -5.07 -91.87 -80.47 0
25487 -5.74 -92.73 -80.75 0
25488 -6.51 -94.07 -81.20 0
25489 -8.99 -95.27 -81.50 0
25490 -9.57 -95.67 -81.56 0
25491 -13.34 -93.61 -79.99 0
25492 -14.17 -94.16 -79.98 0
25493 -15.24 -94.79 -79.94 0
25494 -16.29 -94.88 -79.64 0
25495 -16.92 -95.12 -79.53 0
25502 -9.50 -95.11 -81.38 0
25503 -10.19 -95.26 -81.33 0
25504 -10.97 -95.21 -81.17 0
25505 -12.49 -94.54 -80.58 0
25506 -13.01 -94.45 -80.42 0
25507 -14.16 -95.19 -80.41 0
25508 -14.88 -95.32 -80.27 0
25514 -11.67 -95.16 -81.01 0
25515 -12.35 -94.95 -80.78 0
25516 -13.22 -95.37 -80.73 0
25517 -13.77 -95.66 -80.71 0
26695 -29.68 -88.71 -68.84 0
26696 -29.81 -88.54 -68.58 0
26697 -30.11 -88.37 -68.09 0
26707 -28.50 -88.22 -69.53 0
26708 -28.85 -88.16 -69.21 0
26709 -29.36 -88.24 -68.81 0
26710 -29.64 -87.86 -68.26 0
26711 -29.84 -87.59 -67.85 0
26723 -27.59 -87.60 -69.83 0
26724 -27.91 -87.96 -69.81 0
26739 -27.41 -87.67 -69.99 0
26740 -27.31 -88.38 -70.48 0
26741 -27.37 -89.03 -70.80 0
26754 -5.62 -82.54 -76.73 0
26755 -6.38 -82.81 -76.67 0
26756 -7.22 -83.12 -76.61 0
26757 -8.06 -83.43 -76.57 0
26758 -8.85 -83.67 -76.50 0
26759 -9.32 -83.74 -76.43 0
26760 -26.86 -88.38 -70.78 0
26761 -26.89 -89.02 -71.11 0
26762 -26.83 -89.66 -71.48 0
26769 -3.60 -82.35 -77.07 0
26770 -4.19 -82.58 -77.03 0
26771 -4.92 -82.97 -77.02 0
26772 -5.85 -83.36 -76.99 0
26773 -6.71 -83.72 -76.97 0
26774 -7.58 -84.04 -76.93 0
26775 -8.48 -84.31 -76.87 0
26776 -9.53 -84.45 -76.71 0
26777 -10.75 -85.38 -76.87 0
26778 -11.90 -85.50 -76.64 0
26779 -12.72 -85.62 -76.48 0
26780 -13.16 -85.58 -76.33 0
26781 -26.43 -89.01 -71.40 0
26782 -26.42 -89.51 -71.66 0
26783 -26.09 -90.26 -72.24 0
26784 -26.12 -90.81 -72.48 0
26790 -2.29 -82.60 -77.41 0
26791 -3.03 -82.68 -77.29 0
26792 -3.85 -83.15 -77.29 0
26793 -4.38 -83.16 -77.19 0
26794 -10.95 -86.21 -77.25 0
26795 -11.54 -86.20 -77.10 0
26796 -12.44 -86.27 -76.90 0
26797 -13.43 -86.19 -76.55 0
26798 -14.61 -86.63 -76.39 0
26799 -15.03 -87.22 -76.55 0
26800 -25.60 -90.29 -72.55 0
26801 -25.72 -90.89 -72.76 0
26802 -25.36 -91.45 -73.23 0
26805 -1.72 -82.96 -77.63 0
26806 -2.68 -83.52 -77.62 0
26807 -3.38 -83.55 -77.50 0
26808 -15.16 -86.41 -76.08 0
26809 -15.76 -87.06 -76.18 0
26810 -16.68 -87.97 -76.27 0
26811 -16.99 -88.33 -76.33 0
26812 -25.03 -91.87 -73.63 0
26813 -24.72 -92.27 -74.01 0
26814 -24.38 -92.50 -74.32 0
26817 -0.59 -83.26 -77.92 0
26818 -1.29 -83.65 -77.90 0
26819 -2.11 -83.99 -77.87 0
26820 -10.06 -88.80 -78.65 0
26821 -10.59 -88.82 -78.56 0
26822 -11.16 -88.84 -78.45 0
26823 -16.41 -86.71 -75.75 0
26824 -17.04 -87.18 -75.72 0
26825 -17.49 -88.34 -76.10 0
26826 -18.34 -89.21 -76.13 0
26827 -19.00 -89.93 -76.16 0
26828 -19.50 -90.59 -76.24 0
26829 -19.73 -90.95 -76.30 0
26830 -24.06 -92.72 -74.62 0
26833 -0.28 -83.54 -78.04 0
26834 -0.66 -84.19 -78.16 0
26835 -1.64 -84.61 -78.13 0
26836 -8.90 -88.89 -78.86 0
26837 -9.43 -88.88 -78.78 0
26838 -10.23 -89.30 -78.84 0
26839 -11.13 -89.45 -78.73 0
26840 -17.69 -87.01 -75.33 0
26841 -17.99 -87.57 -75.48 0
26842 -18.56 -88.38 -75.61 0
26843 -19.22 -89.18 -75.67 0
26844 -19.80 -89.98 -75.76 0
26845 -20.12 -90.84 -76.02 0
26846 -20.94 -91.36 -75.80 0
26847 -21.83 -92.05 -75.63 0
26848 -22.69 -92.45 -75.32 0
26849 -23.50 -93.01 -75.11 0
26853 -0.32 -85.07 -78.46 0
26854 -1.17 -85.28 -78.41 0
26855 -7.02 -89.54 -79.35 0
26856 -7.47 -89.54 -79.31 0
26857 -8.57 -89.33 -79.10 0
26858 -9.64 -89.77 -79.15 0
26859 -10.51 -90.08 -79.14 0
26860 -11.37 -90.40 -79.10 0
26861 -22.11 -92.76 -75.82 0
26862 -22.63 -93.23 -75.75 0
26863 -23.15 -93.75 -75.70 0
26867 0.11 -85.84 -78.73 0
26868 -6.17 -89.95 -79.60 0
26869 -6.85 -89.98 -79.56 0
26870 -8.02 -90.51 -79.68 0
26871 -9.12 -90.42 -79.51 0
26872 -9.96 -90.57 -79.46 0
26873 -10.70 -90.95 -79.49 0
26874 -11.60 -91.23 -79.41 0
26878 0.64 -86.54 -79.00 0
26879 0.52 -87.34 -79.23 0
26880 -6.04 -90.53 -79.86 0
26881 -7.15 -91.17 -80.04 0
26882 -7.86 -91.15 -79.99 0
26883 -11.02 -91.75 -79.77 0
26884 -11.76 -91.89 -79.67 0
26885 -12.21 -92.23 -79.71 0
26892 1.13 -87.04 -79.19 0
26894 -6.21 -91.37 -80.20 0
26895 -6.72 -92.12 -80.47 0
26896 -7.31 -94.48 -81.33 0
26897 -7.96 -94.67 -81.36 0
26898 -8.56 -94.87 -81.40 0
26899 -11.30 -92.27 -79.94 0
26900 -11.81 -92.46 -79.91 0
26901 -12.38 -92.76 -79.89 0
26902 -12.76 -93.28 -80.01 0
26909 -7.01 -93.10 -80.83 0
26910 -7.64 -93.91 -81.10 0
26911 -8.53 -94.28 -81.18 0
26912 -9.07 -94.75 -81.30 0
26913 -11.82 -92.93 -80.10 0
26914 -12.14 -93.43 -80.23 0
26915 -12.66 -93.86 -80.27 0
26921 -9.16 -94.31 -81.13 0
26922 -9.71 -94.61 -81.17 0
26923 -10.49 -94.64 -81.05 0
26924 -11.31 -94.55 -80.86 0
26925 -12.12 -94.21 -80.55 0
26926 -12.59 -94.17 -80.42 0
26938 -11.91 -94.70 -80.78 0
26939 -12.12 -94.62 -80.71 0
28040 -28.39 -87.64 -69.24 0
28041 -28.81 -87.49 -68.80 0
28042 -29.18 -87.32 -68.34 0
28043 -29.48 -87.10 -67.89 0
28062 -27.42 -87.16 -69.68 0
28063 -27.90 -87.09 -69.28 0
28064 -28.31 -86.89 -68.82 0
28065 -28.69 -86.70 -68.37 0
28066 -29.04 -86.52 -67.92 0
28084 -5.30 -81.00 -76.24 0
28085 -5.70 -81.23 -76.22 0
28086 -6.35 -81.43 -76.13 0
28087 -26.37 -86.69 -70.14 0
28088 -26.80 -87.24 -70.16 0
28089 -26.75 -87.93 -70.60 0
28095 -4.22 -81.03 -76.51 0
28096 -4.95 -81.56 -76.52 0
28097 -5.98 -81.96 -76.43 0
28098 -6.88 -82.13 -76.28 0
28099 -7.71 -82.55 -76.25 0
28100 -8.53 -82.85 -76.19 0
28101 -9.20 -83.22 -76.20 0
28102 -26.13 -86.84 -70.38 0
28103 -26.31 -87.47 -70.63 0
28104 -26.43 -88.18 -70.95 0
28105 -26.35 -88.65 -71.26 0
28107 -3.04 -81.70 -76.99 0
28108 -3.89 -81.59 -76.77 0
28109 -4.49 -82.18 -76.83 0
28110 -9.71 -83.60 -76.25 0
28111 -10.48 -84.10 -76.30 0
28112 -11.50 -84.59 -76.27 0
28113 -12.44 -84.91 -76.17 0
28114 -12.97 -85.25 -76.21 0
28115 -25.85 -87.06 -70.70 0
28116 -25.83 -87.58 -71.01 0
28117 -25.96 -88.21 -71.27 0
28118 -25.99 -88.84 -71.59 0
28119 -25.82 -89.46 -72.01 0
28120 -25.64 -89.88 -72.33 0
28123 -1.68 -81.97 -77.35 0
28124 -2.35 -81.84 -77.17 0
28125 -13.00 -84.86 -75.98 0
28126 -13.50 -85.28 -76.04 0
28127 -14.11 -85.83 -76.14 0
28128 -25.59 -87.81 -71.29 0
28129 -25.50 -88.20 -71.56 0
28130 -25.38 -88.84 -71.96 0
28131 -25.35 -89.43 -72.28 0
28132 -25.27 -89.93 -72.57 0
28133 -25.25 -90.46 -72.84 0
28134 -25.20 -90.94 -73.10 0
28136 -0.59 -81.92 -77.56 0
28137 -0.97 -82.09 -77.53 0
28138 -14.16 -85.29 -75.83 0
28139 -14.81 -85.75 -75.85 0
28140 -15.45 -86.21 -75.86 0
28141 -25.04 -89.03 -72.27 0
28142 -24.91 -89.45 -72.55 0
28143 -24.85 -90.04 -72.87 0
28144 -24.81 -90.63 -73.18 0
28145 -24.80 -91.28 -73.49 0
28146 -24.57 -91.79 -73.87 0
28147 -24.33 -92.08 -74.15 0
28149 -0.43 -82.32 -77.70 0
28150 -1.00 -82.86 -77.73 0
28151 -15.45 -85.66 -75.57 0
28152 -16.06 -86.17 -75.60 0
28153 -16.73 -86.42 -75.46 0
28154 -23.75 -91.96 -74.45 0
28155 -23.97 -92.15 -74.41 0
28158 0.15 -82.96 -77.96 0
28159 -0.01 -83.75 -78.14 0
28160 -15.92 -85.47 -75.28 0
28161 -16.65 -85.66 -75.08 0
28162 -17.46 -86.36 -75.10 0
28163 -18.24 -86.89 -75.01 0
28164 -18.82 -87.61 -75.09 0
28165 -19.45 -88.38 -75.14 0
28166 -20.09 -89.19 -75.19 0
28167 -20.85 -90.14 -75.24 0
28168 -21.78 -90.98 -75.12 0
28169 -22.61 -91.59 -74.94 0
28170 -23.44 -92.04 -74.67 0
28171 -23.75 -92.48 -74.70 0
28175 0.70 -83.72 -78.24 0
28176 0.04 -84.31 -78.30 0
28177 -17.43 -85.45 -74.63 0
28178 -18.37 -85.90 -74.43 0
28179 -19.01 -86.85 -74.59 0
28180 -19.60 -87.59 -74.66 0
28181 -20.31 -88.28 -74.61 0
28182 -20.88 -89.15 -74.73 0
28183 -21.29 -89.63 -74.74 0
28187 1.33 -84.42 -78.50 0
28188 0.49 -84.82 -78.50 0
28189 -8.28 -91.26 -80.00 0
28190 -8.87 -91.17 -79.89 0
28191 -9.64 -91.12 -79.75 0
28192 -10.14 -91.06 -79.64 0
28193 -18.92 -85.59 -73.99 0
28194 -19.25 -86.16 -74.11 0
28195 -19.74 -86.89 -74.23 0
28196 -20.17 -87.49 -74.29 0
28205 1.92 -85.02 -78.72 0
28206 1.07 -85.50 -78.75 0
28207 -7.50 -91.95 -80.36 0
28208 -7.97 -91.66 -80.20 0
28209 -8.66 -91.81 -80.20 0
28210 -9.48 -91.91 -80.12 0
28211 -10.25 -91.56 -79.84 0
28220 1.93 -86.28 -79.04 0
28222 -7.62 -92.59 -80.61 0
28223 -8.03 -92.23 -80.44 0
28224 -8.33 -92.04 -80.34 0
28225 -9.68 -92.50 -80.35 0
28226 -10.52 -92.56 -80.22 0
28227 -11.37 -92.70 -80.11 0
28234 -7.81 -93.17 -80.82 0
28235 -8.36 -93.57 -80.93 0
28236 -8.98 -93.84 -80.98 0
28237 -10.73 -93.47 -80.55 0
28238 -11.42 -93.30 -80.34 0
28239 -11.83 -93.67 -80.40 0
28252 -9.52 -94.03 -80.98 0
28253 -10.09 -94.13 -80.93 0
28254 -10.70 -94.07 -80.79 0
28255 -11.32 -93.89 -80.60 0
28256 -11.67 -93.77 -80.48 0
29406 -27.24 -86.61 -69.47 0
29407 -27.49 -86.54 -69.25 0
29408 -27.84 -86.35 -68.86 0
29409 -28.18 -86.06 -68.38 0
29410 -28.57 -85.93 -67.95 0
29423 -5.52 -80.66 -76.07 0
29424 -6.09 -80.71 -75.93 0
29425 -7.10 -81.09 -75.79 0
29426 -7.79 -81.10 -75.60 0
29427 -26.48 -86.39 -69.88 0
29428 -26.94 -86.56 -69.66 0
29429 -28.13 -85.37 -67.97 0
29443 -4.38 -80.46 -76.30 0
29444 -5.04 -80.53 -76.15 0
29445 -7.45 -81.90 -76.04 0
29446 -8.11 -81.80 -75.82 0
29447 -9.23 -82.39 -75.79 0
29448 -9.58 -83.05 -76.02 0
29449 -26.02 -86.25 -70.11 0
29460 -3.01 -80.75 -76.71 0
29461 -3.67 -80.47 -76.47 0
29462 -9.84 -82.23 -75.53 0
29463 -10.18 -82.98 -75.81 0
29464 -11.20 -83.60 -75.83 0
29465 -12.27 -84.01 -75.72 0
29466 -12.76 -84.52 -75.86 0
29467 -25.41 -86.33 -70.57 0
29468 -25.54 -87.06 -70.90 0
29476 -1.71 -81.10 -77.10 0
29477 -2.36 -80.95 -76.91 0
29478 -12.76 -83.76 -75.42 0
29479 -13.33 -84.32 -75.55 0
29480 -13.87 -84.89 -75.70 0
29481 -24.33 -85.83 -70.98 0
29482 -25.05 -87.26 -71.32 0
29483 -24.96 -88.24 -71.90 0
29484 -24.98 -88.71 -72.14 0
29495 -0.35 -81.35 -77.46 0
29496 -1.04 -81.20 -77.28 0
29497 -13.93 -84.11 -75.22 0
29498 -14.49 -84.70 -75.37 0
29499 -15.03 -85.29 -75.52 0
29500 -23.30 -85.45 -71.41 0
29501 -23.92 -86.60 -71.66 0
29502 -24.27 -87.69 -72.02 0
29503 -24.52 -88.73 -72.42 0
29504 -24.41 -89.55 -72.89 0
29505 -24.38 -90.22 -73.23 0
29506 -24.35 -90.84 -73.55 0
29507 -24.27 -91.41 -73.87 0
29508 -24.20 -91.81 -74.11 0
29509 -24.14 -91.99 -74.23 0
29519 0.38 -81.77 -77.71 0
29520 -15.28 -84.51 -74.97 0
29521 -15.37 -85.07 -75.26 0
29522 -22.82 -85.59 -71.78 0
29523 -23.10 -86.21 -71.95 0
29524 -23.43 -87.16 -72.25 0
29525 -23.69 -88.14 -72.60 0
29526 -23.83 -89.03 -72.97 0
29527 -23.89 -89.80 -73.31 0
29528 -23.93 -90.44 -73.60 0
29529 -23.83 -91.03 -73.94 0
29530 -23.82 -91.70 -74.28 0
29531 -24.04 -91.91 -74.25 0
29542 1.94 -81.99 -78.02 0
29543 1.27 -82.35 -78.00 0
29544 -15.58 -84.16 -74.66 0
29545 -16.05 -84.77 -74.83 0
29546 -16.83 -84.98 -74.64 0
29547 -21.86 -90.00 -74.59 0
29548 -22.59 -90.73 -74.52 0
29549 -23.32 -91.28 -74.37 0
29550 -23.53 -91.68 -74.44 0
29559 2.13 -82.49 -78.15 0
29560 1.68 -83.38 -78.30 0
29561 -16.04 -84.04 -74.43 0
29562 -16.67 -84.27 -74.32 0
29563 -17.32 -84.72 -74.30 0
29564 -17.91 -85.07 -74.21 0
29565 -20.77 -87.67 -74.05 0
29566 -21.17 -88.45 -74.22 0
29567 -21.55 -89.21 -74.38 0
29577 2.49 -83.22 -78.35 0
29578 2.13 -84.07 -78.51 0
29579 -17.22 -84.12 -74.02 0
29580 -17.80 -84.44 -73.93 0
29581 -18.60 -84.81 -73.74 0
29582 -19.42 -85.48 -73.66 0
29583 -19.95 -86.24 -73.77 0
29584 -20.39 -86.97 -73.91 0
29595 -9.01 -92.14 -80.30 0
29596 -9.23 -92.36 -80.36 0
29597 -17.58 -83.89 -73.74 0
29598 -18.10 -84.03 -73.58 0
29599 -18.49 -84.15 -73.45 0
29606 -7.88 -92.68 -80.64 0
29607 -8.07 -92.63 -80.60 0
29608 -8.65 -92.47 -80.48 0
29609 -9.31 -92.78 -80.52 0
29610 -9.84 -92.87 -80.48 0
29619 -7.94 -92.81 -80.69 0
29620 -8.30 -92.98 -80.72 0
29621 -8.93 -93.22 -80.74 0
29622 -9.56 -93.24 -80.67 0
29623 -10.13 -93.26 -80.58 0
29638 -9.36 -93.61 -80.84 0
29639 -9.82 -93.67 -80.80 0
29640 -10.29 -93.72 -80.74 0
30780 -27.09 -86.13 -69.29 0
30781 -27.38 -85.87 -68.91 0
30782 -27.71 -85.64 -68.51 0
30783 -27.93 -85.50 -68.24 0
30787 -5.46 -79.78 -75.78 0
30788 -6.43 -80.00 -75.57 0
30789 -7.12 -80.12 -75.40 0
30790 -7.68 -80.51 -75.38 0
30791 -26.14 -85.81 -69.77 0
30792 -26.56 -85.78 -69.46 0
30793 -26.90 -85.41 -68.99 0
30794 -27.24 -85.12 -68.55 0
30795 -27.65 -84.93 -68.10 0
30804 -3.81 -79.49 -76.14 0
30805 -4.62 -79.64 -75.97 0
30806 -8.26 -80.98 -75.40 0
30807 -8.82 -81.49 -75.47 0
30808 -25.58 -85.38 -69.90 0
30809 -26.02 -85.21 -69.50 0
30810 -26.35 -84.93 -69.10 0
30811 -26.70 -84.59 -68.64 0
30812 -27.08 -84.29 -68.17 0
30824 -2.42 -80.29 -76.71 0
30825 -2.71 -79.45 -76.42 0
30826 -8.89 -80.83 -75.14 0
30827 -9.62 -81.44 -75.20 0
30828 -10.35 -82.10 -75.30 0
30829 -11.04 -82.70 -75.39 0
30830 -11.73 -83.20 -75.44 0
30831 -24.68 -84.95 -70.25 0
30840 -1.18 -80.59 -77.08 0
30841 -1.63 -79.97 -76.81 0
30842 -1.57 -78.47 -76.44 0
30843 -10.38 -81.40 -74.92 0
30844 -11.06 -81.81 -74.90 0
30845 -11.72 -82.50 -75.05 0
30846 -12.42 -83.16 -75.19 0
30847 -13.04 -83.53 -75.19 0
30848 -23.06 -83.71 -70.61 0
30849 -23.55 -84.41 -70.69 0
30861 -0.12 -80.70 -77.35 0
30862 -0.35 -80.07 -77.14 0
30863 -0.78 -78.76 -76.71 0
30864 -0.92 -77.94 -76.47 0
30865 -11.73 -81.83 -74.68 0
30866 -12.35 -82.27 -74.71 0
30867 -13.07 -82.86 -74.79 0
30868 -13.64 -83.54 -74.99 0
30869 -14.24 -83.88 -74.98 0
30870 -22.77 -83.90 -70.90 0
30871 -22.90 -84.58 -71.19 0
30880 0.33 -80.67 -77.43 0
30881 0.45 -79.90 -77.28 0
30882 -13.65 -82.89 -74.61 0
30883 -14.24 -83.17 -74.57 0
30884 -14.91 -83.86 -74.73 0
30885 -22.40 -84.17 -71.28 0
30886 -22.46 -84.94 -71.65 0
30887 -22.40 -85.75 -72.12 0
30888 -22.65 -86.68 -72.47 0
30889 -22.91 -87.64 -72.80 0
30890 -23.13 -88.56 -73.14 0
30891 -23.29 -89.40 -73.47 0
30892 -23.45 -90.13 -73.73 0
30893 -23.59 -90.62 -73.89 0
30903 1.87 -81.50 -77.90 0
30904 1.30 -80.93 -77.68 0
30905 -14.97 -83.00 -74.23 0
30906 -15.58 -83.58 -74.34 0
30907 -21.84 -84.15 -71.58 0
30908 -21.48 -84.90 -72.20 0
30909 -21.85 -86.17 -72.66 0
30910 -22.13 -87.18 -73.02 0
30911 -22.38 -88.13 -73.36 0
30912 -22.61 -89.00 -73.66 0
30913 -22.74 -89.89 -74.02 0
30914 -23.21 -90.59 -74.10 0
30915 -23.50 -90.88 -74.07 0
30923 3.18 -81.57 -78.09 0
30924 2.50 -81.62 -78.01 0
30925 -15.64 -83.02 -74.01 0
30926 -16.33 -83.41 -73.97 0
30927 -16.84 -83.85 -74.02 0
30928 -20.53 -84.81 -72.69 0
30929 -21.03 -85.76 -72.91 0
30930 -21.37 -86.72 -73.22 0
30931 -21.54 -87.70 -73.63 0
30932 -21.91 -88.65 -73.89 0
30933 -22.14 -89.36 -74.11 0
30941 2.88 -82.35 -78.21 0
30942 -16.94 -82.95 -73.51 0
30943 -17.10 -83.58 -73.78 0
30944 -19.00 -83.74 -72.97 0
30945 -19.53 -84.51 -73.09 0
30946 -20.20 -85.53 -73.26 0
30947 -20.66 -86.39 -73.45 0
30948 -20.96 -87.09 -73.65 0
30954 -17.29 -82.74 -73.26 0
30955 -17.65 -83.29 -73.39 0
30956 -18.42 -83.59 -73.19 0
30957 -18.82 -84.16 -73.29 0
32190 -4.64 -77.95 -75.45 0
32191 -5.11 -78.54 -75.48 0
32192 -5.99 -78.98 -75.34 0
32193 -6.84 -79.29 -75.18 0
32194 -7.55 -79.67 -75.08 0
32199 -4.23 -78.43 -75.72 0
32200 -4.85 -79.11 -75.74 0
32201 -8.30 -80.07 -75.00 0
32202 -25.64 -84.83 -69.54 0
32203 -25.79 -84.48 -69.23 0
32204 -26.12 -84.06 -68.76 0
32205 -26.49 -83.69 -68.28 0
32216 -3.26 -78.42 -75.99 0
32217 -9.46 -80.13 -74.64 0
32218 -10.06 -80.92 -74.80 0
32219 -25.14 -84.24 -69.54 0
32220 -25.47 -83.55 -68.93 0
32221 -25.87 -83.10 -68.40 0
32235 -2.31 -77.71 -76.06 0
32236 -10.16 -79.94 -74.30 0
32237 -10.81 -80.68 -74.42 0
32238 -11.43 -81.37 -74.54 0
32239 -23.24 -83.33 -70.29 0
32240 -24.06 -83.50 -69.85 0
32241 -24.68 -82.93 -69.12 0
32242 -25.17 -82.45 -68.52 0
32251 0.07 -78.54 -76.87 0
32252 -0.25 -77.55 -76.55 0
32253 -1.07 -76.93 -76.20 0
32254 -11.55 -80.54 -74.07 0
32255 -12.12 -81.14 -74.18 0
32256 -13.02 -82.07 -74.37 0
32257 -13.40 -82.53 -74.49 0
32258 -22.67 -83.21 -70.58 0
32260 1.03 -79.89 -77.40 0
32261 0.80 -78.94 -77.13 0
32262 0.93 -77.35 -76.79 0
32263 0.29 -75.76 -76.28 0
32265 -12.70 -80.80 -73.79 0
32266 -13.29 -81.24 -73.83 0
32267 -13.87 -82.31 -74.21 0
32268 -14.42 -82.72 -74.25 0
32269 -21.97 -83.30 -71.05 0
32272 2.36 -80.58 -77.78 0
32273 1.85 -79.75 -77.52 0
32274 1.48 -79.13 -77.32 0
32275 2.03 -76.49 -76.85 0
32276 1.46 -75.69 -76.55 0
32278 -13.80 -81.01 -73.54 0
32279 -14.35 -81.49 -73.62 0
32280 -14.60 -82.36 -74.00 0
32281 -20.87 -83.39 -71.74 0
32282 -20.76 -84.26 -72.27 0
32285 3.74 -81.07 -78.05 0
32286 3.15 -80.82 -77.94 0
32290 -15.27 -81.30 -73.24 0
32291 -15.39 -82.27 -73.70 0
32292 -15.91 -82.81 -73.81 0
32293 -19.70 -82.91 -72.14 0
32294 -20.14 -83.91 -72.43 0
32297 -15.73 -81.17 -73.04 0
32298 -16.09 -81.65 -73.15 0
32299 -16.27 -82.54 -73.54 0
32300 -18.76 -82.87 -72.63 0
32301 -19.43 -83.59 -72.65 0
32305 -16.65 -81.57 -72.91 0
32306 -16.95 -82.16 -73.10 0
32307 -17.62 -82.58 -73.04 0
32308 -18.11 -82.95 -73.00 0
33550 -4.95 -77.55 -75.23 0
33551 -5.66 -77.93 -75.11 0
33552 -6.47 -78.28 -74.94 0
33553 -7.44 -78.63 -74.73 0
33554 -7.91 -79.34 -74.84 0
33562 -4.29 -77.26 -75.36 0
33563 -7.91 -78.36 -74.47 0
33564 -8.36 -78.96 -74.54 0
33576 -3.26 -76.98 -75.60 0
33577 -9.14 -78.94 -74.25 0
33590 -1.98 -76.00 -75.73 0
33591 -9.83 -79.29 -74.14 0
33592 -10.55 -79.60 -74.01 0
33593 -22.77 -82.64 -70.19 0
33594 -23.25 -82.48 -69.80 0
33595 -23.82 -82.14 -69.24 0
33596 -24.38 -81.69 -68.63 0
33607 -0.79 -75.07 -75.85 0
33608 -11.41 -79.88 -73.81 0
33609 -11.87 -80.43 -73.90 0
33610 -22.13 -82.35 -70.43 0
33611 -22.54 -81.81 -69.87 0
33612 -23.04 -81.42 -69.34 0
33613 -23.46 -80.78 -68.72 0
33627 1.51 -78.48 -77.18 0
33628 1.26 -78.11 -77.04 0
33631 -11.84 -79.52 -73.51 0
33632 -12.43 -80.11 -73.56 0
33633 -12.98 -80.65 -73.63 0
33634 -21.09 -81.93 -70.82 0
33635 -21.70 -81.19 -70.05 0
33636 -22.32 -80.75 -69.43 0
33637 -22.81 -80.52 -68.99 0
33647 3.14 -80.02 -77.78 0
33648 2.72 -79.42 -77.60 0
33649 2.22 -78.53 -77.33 0
33650 1.82 -77.65 -77.06 0
33652 -13.05 -79.82 -73.22 0
33653 -13.51 -80.42 -73.35 0
33654 -14.05 -80.87 -73.40 0
33655 -19.94 -81.78 -71.40 0
33666 4.20 -80.68 -78.02 0
33667 3.98 -80.02 -77.88 0
33668 3.52 -79.26 -77.69 0
33669 3.23 -78.35 -77.46 0
33670 2.98 -76.89 -77.12 0
33674 -13.96 -80.00 -73.01 0
33675 -14.52 -80.53 -73.09 0
33676 -19.02 -81.92 -71.99 0
33686 4.79 -80.30 -78.00 0
33687 4.58 -79.74 -77.89 0
33692 -15.54 -80.68 -72.85 0
33693 -15.99 -81.07 -72.90 0
33694 -17.32 -81.02 -72.37 0
33695 -17.63 -81.27 -72.36 0
33696 -18.26 -81.83 -72.34 0
33711 -16.09 -80.72 -72.69 0
33712 -16.46 -81.11 -72.75 0
33713 -17.09 -81.35 -72.63 0
33714 -17.61 -81.94 -72.71 0
33715 -18.08 -82.43 -72.75 0
34932 -4.67 -76.74 -75.09 0
34933 -5.34 -76.86 -74.89 0
34934 -6.10 -77.32 -74.76 0
34935 -6.81 -77.49 -74.56 0
34953 -4.01 -75.90 -75.09 0
34954 -4.79 -76.08 -74.86 0
34955 -7.70 -77.58 -74.27 0
34956 -8.13 -78.22 -74.33 0
34980 -2.81 -75.08 -75.27 0
34981 -8.14 -77.25 -73.99 0
34982 -8.58 -77.94 -74.07 0
35008 -1.64 -74.20 -75.42 0
35009 -9.49 -78.33 -73.89 0
35010 -10.24 -78.70 -73.76 0
35034 -10.87 -79.04 -73.66 0
35056 -11.44 -78.97 -73.42 0
35057 -12.08 -79.10 -73.24 0
35058 -20.33 -81.12 -70.82 0
35059 -20.60 -80.33 -70.25 0
35060 -21.47 -79.96 -69.52 0
35061 -22.28 -79.59 -68.82 0
35070 -12.75 -79.25 -73.08 0
35071 -13.51 -79.48 -72.92 0
35072 -19.69 -80.42 -70.82 0
35073 -19.86 -79.78 -70.38 0
35079 4.04 -79.22 -77.74 0
35080 4.01 -78.53 -77.61 0
35081 3.93 -77.48 -77.40 0
35085 -14.30 -79.58 -72.71 0
35086 -15.14 -79.84 -72.56 0
35087 -17.51 -80.01 -71.76 0
35088 -17.94 -80.17 -71.63 0
35089 -18.84 -80.75 -71.47 0
35092 4.91 -79.58 -77.89 0
35093 4.65 -79.04 -77.77 0
35094 4.68 -77.83 -77.56 0
35099 -16.00 -80.15 -72.43 0
35100 -16.67 -80.27 -72.24 0
35101 -17.36 -80.52 -72.09 0
35102 -18.11 -80.99 -71.98 0
35103 -18.56 -81.37 -71.95 0
35109 5.63 -79.21 -77.87 0
35110 5.38 -78.17 -77.69 0
35117 -16.43 -80.61 -72.52 0
35118 -16.87 -80.80 -72.44 0
35119 -17.17 -80.92 -72.39 0
36364 -5.28 -75.93 -74.64 0
36365 -5.92 -76.43 -74.55 0
36366 -6.40 -76.87 -74.51 0
36383 -3.55 -74.17 -74.81 0
36384 -4.68 -74.95 -74.60 0
36385 -5.69 -75.32 -74.32 0
36386 -6.76 -76.23 -74.19 0
36411 -2.41 -73.22 -74.97 0
36412 -7.83 -76.49 -73.86 0
36413 -8.46 -76.94 -73.77 0
36438 -9.23 -77.18 -73.57 0
36439 -9.95 -77.89 -73.55 0
36464 -10.03 -77.17 -73.27 0
36465 -10.77 -77.99 -73.29 0
36482 -11.67 -78.24 -73.05 0
36483 -12.36 -78.41 -72.87 0
36486 -20.62 -79.08 -69.56 0
36487 -21.30 -78.79 -68.99 0
36495 -13.09 -78.52 -72.66 0
36496 -13.90 -78.69 -72.45 0
36497 -18.56 -78.85 -70.62 0
36498 -19.17 -79.21 -70.47 0
36499 -19.97 -79.15 -69.98 0
36504 -14.77 -78.92 -72.26 0
36505 -15.71 -79.20 -72.05 0
36506 -16.53 -79.15 -71.72 0
36507 -17.38 -79.38 -71.48 0
36508 -18.36 -79.39 -71.01 0
36509 -19.02 -79.94 -70.94 0
36514 -16.38 -79.72 -72.07 0
36515 -16.95 -79.83 -71.90 0
36516 -17.31 -79.94 -71.81 0
37767 -3.20 -72.54 -74.54 0
37768 -4.23 -73.30 -74.34 0
37769 -5.23 -73.90 -74.11 0
37770 -6.30 -74.48 -73.85 0
37791 -7.40 -75.10 -73.60 0
37792 -8.53 -75.82 -73.38 0
37804 -9.62 -76.11 -73.06 0
37821 -10.58 -76.60 -72.87 0
37822 -11.42 -77.23 -72.78 0
37840 -12.01 -77.70 -72.73 0
37841 -12.60 -77.60 -72.48 0
37842 -16.41 -73.62 -69.15 0
37843 -16.96 -74.10 -69.09 0
37844 -17.72 -75.10 -69.16 0
37845 -18.31 -75.67 -69.12 0
37846 -19.74 -77.62 -69.30 0
37847 -20.25 -77.72 -69.05 0
37856 -13.42 -77.66 -72.20 0
37857 -14.34 -77.95 -71.98 0
37858 -17.94 -77.83 -70.42 0
37859 -18.42 -78.14 -70.32 0
37860 -19.43 -77.99 -69.68 0
37861 -20.07 -78.49 -69.57 0
37869 -15.18 -78.23 -71.79 0
37870 -15.96 -78.37 -71.56 0
37871 -16.73 -78.36 -71.24 0
37872 -17.65 -78.19 -70.74 0
37873 -18.26 -78.64 -70.67 0
39106 -4.39 -71.78 -73.91 0
39136 -3.97 -71.81 -74.07 0
39137 -4.75 -72.40 -73.91 0
39138 -5.76 -72.91 -73.63 0
39157 -6.94 -73.36 -73.27 0
39158 -8.05 -74.17 -73.05 0
39171 -9.13 -74.67 -72.78 0
39186 -10.23 -75.18 -72.52 0
39187 -11.45 -75.86 -72.28 0
39188 -12.06 -75.47 -71.90 0
39189 -15.49 -73.29 -69.49 0
39190 -16.00 -73.14 -69.15 0
39203 -12.03 -76.95 -72.45 0
39204 -12.68 -76.33 -71.96 0
39205 -15.60 -73.77 -69.64 0
39206 -16.05 -74.08 -69.55 0
39207 -16.94 -75.58 -69.80 0
39208 -18.02 -76.20 -69.55 0
39209 -18.81 -76.47 -69.25 0
39210 -19.53 -77.15 -69.18 0
39218 -13.94 -76.83 -71.67 0
39219 -14.81 -77.34 -71.53 0
39220 -16.90 -76.73 -70.37 0
39221 -17.72 -77.16 -70.19 0
39222 -18.59 -77.19 -69.74 0
39223 -19.10 -77.20 -69.46 0
39234 -15.46 -77.61 -71.39 0
39235 -16.09 -77.63 -71.15 0
39236 -16.73 -77.43 -70.78 0
39237 -17.26 -77.38 -70.52 0
40511 -4.59 -71.63 -73.79 0
40535 -4.30 -71.03 -73.74 0
40536 -5.13 -71.46 -73.50 0
40537 -6.20 -71.82 -73.14 0
40556 -7.16 -72.02 -72.78 0
40557 -7.73 -72.97 -72.82 0
40570 -7.89 -72.19 -72.52 0
40571 -8.59 -73.05 -72.49 0
40587 -9.74 -73.63 -72.21 0
40588 -10.90 -74.17 -71.91 0
40589 -11.70 -74.87 -71.83 0
40590 -14.61 -72.71 -69.69 0
40604 -11.67 -74.04 -71.54 0
40605 -12.41 -74.79 -71.50 0
40606 -15.24 -73.94 -69.89 0
40607 -15.77 -75.17 -70.17 0
40608 -16.34 -76.09 -70.33 0
40618 -13.58 -75.38 -71.23 0
40619 -14.79 -76.31 -71.10 0
40620 -15.72 -76.26 -70.67 0
40621 -16.36 -76.71 -70.60 0
40627 -15.15 -77.06 -71.27 0
40628 -15.55 -76.98 -71.07 0
40629 -16.09 -77.01 -70.86 0
41975 -4.69 -70.00 -73.30 0
41976 -5.61 -70.40 -73.00 0
41977 -6.59 -70.72 -72.66 0
41996 -7.60 -71.04 -72.30 0
41997 -8.37 -70.95 -71.94 0
42016 -8.34 -71.82 -72.22 0
42017 -9.27 -71.85 -71.83 0
42018 -10.30 -71.78 -71.36 0
42033 -10.29 -72.84 -71.72 0
42034 -11.25 -72.73 -71.27 0
42035 -12.20 -72.57 -70.79 0
42036 -13.15 -71.92 -70.10 0
42050 -12.12 -73.59 -71.19 0
42051 -13.06 -73.80 -70.85 0
42052 -14.17 -73.81 -70.34 0
42053 -14.94 -74.70 -70.35 0
42065 -13.81 -74.52 -70.79 0
42066 -14.40 -75.04 -70.73 0
42067 -15.13 -75.50 -70.60 0
43382 -8.77 -70.17 -71.53 0
43401 -9.74 -70.55 -71.21 0
43402 -10.95 -70.91 -70.78 0
43420 -11.60 -71.92 -70.83 0
