# Label from mne_analyze
1451
16113 -0.11 -101.75 -80.13 0
16114 -0.73 -101.23 -79.96 0
16131 -1.00 -101.71 -79.97 0
16140 -2.13 -101.50 -79.69 0
16141 -5.37 -101.34 -78.58 0
16148 -3.25 -100.97 -79.32 0
16149 -4.06 -100.75 -79.03 0
16150 -4.72 -100.96 -78.81 0
17306 1.73 -100.55 -80.13 0
17321 2.10 -101.48 -80.30 0
17322 0.87 -100.58 -80.07 0
17323 0.03 -100.10 -79.93 0
17326 -11.15 -100.95 -75.39 0
17342 0.86 -101.62 -80.23 0
17343 -0.30 -100.72 -79.96 0
17345 -11.27 -99.83 -75.30 0
17346 -12.09 -99.91 -74.75 0
17364 -1.50 -100.72 -79.74 0
17366 -10.67 -98.88 -75.66 0
17367 -11.33 -98.98 -75.25 0
17368 -12.05 -99.10 -74.78 0
17369 -12.82 -99.13 -74.25 0
17381 -2.78 -100.36 -79.38 0
17382 -6.20 -100.81 -78.18 0
17383 -6.64 -100.61 -77.95 0
17384 -10.71 -98.42 -75.63 0
17385 -11.23 -98.18 -75.30 0
17386 -12.02 -98.32 -74.79 0
17387 -12.74 -98.43 -74.30 0
17388 -13.43 -98.45 -73.81 0
17396 -3.86 -100.07 -79.03 0
17397 -4.97 -99.82 -78.62 0
17398 -5.89 -100.17 -78.26 0
17399 -6.60 -100.28 -77.95 0
17400 -11.02 -97.27 -75.40 0
17401 -11.27 -97.46 -75.25 0
17402 -12.02 -97.49 -74.77 0
17403 -12.72 -97.72 -74.30 0
17404 -13.35 -97.85 -73.86 0
17405 -13.85 -97.93 -73.49 0
17409 -5.43 -99.28 -78.41 0
17410 -5.79 -99.33 -78.25 0
17411 -10.94 -97.12 -75.44 0
17412 -11.25 -96.98 -75.25 0
17413 -11.77 -96.92 -74.91 0
18499 5.46 -97.95 -79.55 0
18517 4.41 -98.51 -79.73 0
18518 3.63 -99.10 -79.87 0
18519 2.91 -99.53 -79.97 0
18520 2.16 -99.82 -80.02 0
18521 1.66 -99.49 -79.97 0
18535 1.91 -100.22 -80.09 0
18536 1.32 -99.80 -80.00 0
18539 -8.28 -102.19 -77.23 0
18540 -8.97 -102.05 -76.83 0
18541 -9.65 -101.96 -76.41 0
18550 0.38 -99.70 -79.92 0
18551 -0.26 -99.58 -79.84 0
18554 -8.00 -101.74 -77.36 0
18555 -8.74 -101.49 -76.93 0
18556 -9.52 -101.33 -76.46 0
18557 -10.19 -101.32 -76.04 0
18563 -0.55 -99.88 -79.83 0
18566 -7.61 -101.36 -77.54 0
18567 -8.37 -100.99 -77.10 0
18568 -9.26 -100.67 -76.58 0
18569 -10.28 -100.47 -75.95 0
18577 -1.26 -99.84 -79.69 0
18579 -7.12 -101.10 -77.77 0
18580 -7.85 -100.61 -77.36 0
18581 -8.76 -100.12 -76.83 0
18582 -9.86 -99.62 -76.17 0
18583 -10.69 -99.55 -75.67 0
18587 -2.34 -99.62 -79.43 0
18588 -6.61 -100.99 -78.00 0
18589 -7.15 -100.39 -77.69 0
18590 -8.06 -99.72 -77.18 0
18591 -9.13 -99.12 -76.57 0
18592 -10.18 -98.54 -75.95 0
18593 -10.74 -98.10 -75.60 0
18594 -14.30 -97.66 -73.13 0
18595 -14.84 -97.68 -72.67 0
18596 -3.58 -99.23 -79.05 0
18597 -4.51 -99.28 -78.75 0
18598 -6.34 -99.40 -78.01 0
18599 -7.09 -99.43 -77.65 0
18600 -8.39 -98.69 -76.94 0
18601 -9.50 -98.08 -76.31 0
18602 -10.60 -97.56 -75.66 0
18603 -10.97 -97.82 -75.46 0
18604 -12.32 -96.80 -74.55 0
18605 -12.78 -97.00 -74.24 0
18606 -13.37 -97.22 -73.83 0
18607 -13.96 -97.36 -73.40 0
18608 -4.59 -98.56 -78.67 0
18609 -5.50 -98.69 -78.34 0
18610 -6.57 -98.66 -77.86 0
18611 -7.71 -98.19 -77.28 0
18612 -8.81 -97.62 -76.67 0
18613 -9.87 -96.97 -76.05 0
18614 -10.86 -96.67 -75.46 0
18615 -11.59 -96.44 -75.00 0
18616 -12.16 -96.39 -74.63 0
18617 -6.34 -97.97 -77.95 0
18618 -7.17 -97.60 -77.53 0
18619 -8.21 -97.14 -76.98 0
18620 -9.17 -96.69 -76.44 0
18621 -9.78 -96.30 -76.07 0
19590 -20.31 -90.86 -67.08 0
19591 -20.48 -91.10 -66.85 0
19592 -20.67 -91.57 -66.56 0
19593 -20.82 -92.18 -66.29 0
19609 -20.09 -91.23 -67.32 0
19610 -20.22 -91.64 -67.12 0
19611 -20.31 -92.20 -66.94 0
19612 -20.41 -92.87 -66.72 0
19628 -19.91 -91.61 -67.50 0
19629 -19.81 -92.10 -67.57 0
19630 -19.89 -92.83 -67.39 0
19631 -19.96 -93.57 -67.19 0
19645 -19.39 -92.74 -68.00 0
19646 -19.39 -93.51 -67.91 0
19647 -19.42 -94.34 -67.74 0
19657 5.27 -96.82 -79.35 0
19659 -18.92 -93.31 -68.49 0
19660 -18.69 -94.26 -68.65 0
19661 -18.83 -95.31 -68.36 0
19675 3.79 -97.06 -79.51 0
19676 3.23 -98.11 -79.72 0
19677 2.66 -98.71 -79.83 0
19678 2.12 -99.14 -79.91 0
19679 1.82 -99.36 -79.95 0
19680 -18.07 -95.30 -69.31 0
19692 2.77 -96.78 -79.53 0
19693 2.65 -97.29 -79.61 0
19694 2.26 -97.93 -79.72 0
19695 1.83 -98.45 -79.81 0
19696 1.35 -98.96 -79.88 0
19697 -16.61 -95.36 -70.92 0
19698 -16.92 -95.65 -70.60 0
19699 -17.36 -95.79 -70.12 0
19709 0.52 -99.04 -79.85 0
19710 -0.20 -99.06 -79.79 0
19711 -16.04 -95.53 -71.47 0
19712 -16.42 -95.98 -71.12 0
19713 -16.79 -96.30 -70.73 0
19721 -0.95 -99.13 -79.68 0
19722 -15.08 -95.72 -72.37 0
19723 -15.45 -96.01 -72.05 0
19724 -15.84 -96.36 -71.70 0
19725 -16.23 -96.70 -71.32 0
19733 -1.94 -98.93 -79.46 0
19734 -14.57 -96.00 -72.82 0
19735 -14.90 -96.34 -72.56 0
19736 -15.25 -96.69 -72.27 0
19737 -15.57 -97.23 -71.98 0
19739 -3.34 -97.62 -79.00 0
19740 -2.95 -98.61 -79.19 0
19741 -12.81 -94.99 -74.07 0
19742 -13.20 -95.43 -73.83 0
19743 -13.61 -95.88 -73.57 0
19744 -14.03 -96.24 -73.28 0
19745 -14.39 -96.57 -73.02 0
19746 -14.63 -97.05 -72.84 0
19747 -15.08 -97.16 -72.44 0
19748 -4.41 -97.11 -78.65 0
19749 -4.03 -98.11 -78.83 0
19750 -12.16 -95.33 -74.54 0
19751 -12.58 -95.66 -74.29 0
19752 -12.81 -96.22 -74.17 0
19753 -13.42 -96.56 -73.76 0
19754 -13.91 -96.82 -73.42 0
19755 -14.23 -96.95 -73.17 0
19756 -5.10 -96.82 -78.40 0
19757 -5.31 -97.49 -78.35 0
19758 -5.92 -97.80 -78.13 0
19759 -10.04 -95.51 -75.89 0
19760 -10.34 -95.90 -75.72 0
19761 -11.42 -95.76 -75.05 0
19762 -12.06 -95.94 -74.67 0
19763 -12.41 -96.05 -74.45 0
19764 -5.98 -96.82 -78.06 0
19765 -6.50 -97.08 -77.83 0
19766 -7.67 -96.59 -77.24 0
19767 -8.69 -96.19 -76.68 0
19768 -9.62 -95.91 -76.15 0
19769 -9.92 -96.03 -75.98 0
20701 -21.16 -89.30 -66.17 0
20702 -21.29 -89.49 -65.98 0
20703 -21.56 -89.84 -65.60 0
20720 -20.58 -89.35 -66.87 0
20721 -20.89 -89.48 -66.47 0
20722 -21.15 -90.11 -66.10 0
20723 -21.58 -90.55 -65.50 0
20724 -21.67 -91.33 -65.28 0
20746 -20.43 -89.28 -67.06 0
20747 -20.26 -89.79 -67.22 0
20748 -20.59 -90.41 -66.77 0
20749 -20.95 -90.86 -66.28 0
20750 -21.19 -91.45 -65.90 0
20765 -19.56 -90.37 -67.99 0
20766 -20.06 -90.69 -67.39 0
20783 -18.94 -90.98 -68.63 0
20784 -19.50 -91.49 -67.98 0
20785 -19.40 -92.21 -68.03 0
20798 5.55 -96.06 -79.18 0
20800 -17.75 -90.15 -69.87 0
20801 -17.97 -90.80 -69.63 0
20802 -18.30 -91.37 -69.28 0
20803 -18.73 -91.75 -68.80 0
20804 -18.88 -92.49 -68.59 0
20815 4.14 -95.20 -79.15 0
20816 4.36 -95.94 -79.26 0
20817 -17.12 -90.27 -70.44 0
20818 -17.26 -90.88 -70.30 0
20819 -17.55 -91.62 -70.00 0
20820 -18.00 -92.41 -69.52 0
20821 -18.18 -93.56 -69.28 0
20822 -18.00 -94.52 -69.45 0
20832 3.56 -95.24 -79.21 0
20833 3.41 -95.95 -79.35 0
20834 -15.87 -90.53 -71.52 0
20835 -16.40 -90.78 -71.06 0
20836 -16.68 -91.71 -70.80 0
20837 -17.00 -92.57 -70.49 0
20838 -17.27 -93.51 -70.23 0
20839 -17.45 -94.39 -70.05 0
20840 -17.54 -95.08 -69.94 0
20845 2.73 -95.32 -79.30 0
20846 2.58 -96.13 -79.44 0
20847 2.05 -96.63 -79.54 0
20848 1.76 -97.21 -79.63 0
20849 1.43 -97.75 -79.72 0
20850 1.13 -98.20 -79.77 0
20851 -15.48 -91.05 -71.83 0
20852 -15.74 -91.79 -71.61 0
20853 -16.08 -92.64 -71.32 0
20854 -16.37 -93.53 -71.08 0
20855 -16.56 -94.59 -70.94 0
20856 -17.06 -95.08 -70.45 0
20857 -17.23 -95.40 -70.28 0
20861 1.91 -95.31 -79.36 0
20862 1.36 -95.78 -79.44 0
20863 1.19 -96.53 -79.55 0
20864 0.94 -97.10 -79.63 0
20865 0.68 -97.63 -79.69 0
20866 0.38 -98.19 -79.75 0
20867 -0.10 -98.52 -79.74 0
20868 -14.05 -91.76 -72.97 0
20869 -14.62 -91.84 -72.53 0
20870 -15.13 -92.73 -72.13 0
20871 -15.50 -93.54 -71.85 0
20872 -15.75 -94.34 -71.67 0
20873 -15.83 -94.99 -71.64 0
20879 1.26 -95.14 -79.37 0
20880 0.92 -95.21 -79.38 0
20881 -0.42 -97.93 -79.65 0
20882 -0.78 -98.36 -79.64 0
20883 -12.98 -92.27 -73.79 0
20884 -13.55 -92.18 -73.37 0
20885 -14.18 -92.92 -72.91 0
20886 -14.65 -93.64 -72.57 0
20887 -14.99 -94.34 -72.33 0
20888 -15.22 -95.05 -72.19 0
20889 -15.53 -95.46 -71.94 0
20894 -1.64 -96.74 -79.34 0
20895 -1.34 -97.33 -79.45 0
20896 -1.66 -98.21 -79.46 0
20897 -11.88 -93.04 -74.60 0
20898 -12.56 -92.75 -74.11 0
20899 -13.27 -93.29 -73.62 0
20900 -13.82 -93.86 -73.24 0
20901 -14.24 -94.45 -72.95 0
20902 -14.56 -95.02 -72.74 0
20903 -14.74 -95.48 -72.64 0
20904 -2.31 -96.35 -79.16 0
20905 -2.47 -97.34 -79.21 0
20906 -2.47 -98.15 -79.27 0
20907 -11.30 -93.36 -74.99 0
20908 -11.86 -93.59 -74.63 0
20909 -12.48 -93.80 -74.22 0
20910 -13.04 -94.21 -73.85 0
20911 -13.50 -94.69 -73.54 0
20912 -13.89 -95.18 -73.29 0
20913 -14.24 -95.63 -73.06 0
20914 -3.22 -95.75 -78.90 0
20915 -3.69 -96.38 -78.81 0
20916 -9.74 -94.09 -76.00 0
20917 -10.44 -93.96 -75.57 0
20918 -11.16 -94.21 -75.13 0
20919 -11.79 -94.38 -74.72 0
20920 -12.34 -94.62 -74.37 0
20921 -4.96 -96.24 -78.41 0
20922 -5.71 -96.41 -78.15 0
20923 -9.10 -94.60 -76.39 0
20924 -9.78 -94.71 -76.00 0
20925 -10.39 -94.95 -75.64 0
20926 -11.14 -95.04 -75.18 0
20927 -11.77 -95.02 -74.77 0
20928 -6.40 -96.31 -77.86 0
20929 -7.19 -96.04 -77.47 0
20930 -8.24 -95.47 -76.90 0
20931 -9.21 -95.36 -76.36 0
20932 -9.81 -95.29 -76.01 0
21871 -21.60 -88.08 -65.73 0
21872 -21.89 -88.55 -65.32 0
21873 -22.16 -89.04 -64.92 0
21887 -21.16 -88.28 -66.25 0
21888 -21.27 -88.93 -66.06 0
21889 -21.70 -89.27 -65.48 0
21890 -22.04 -89.80 -64.98 0
21911 -20.74 -88.86 -66.71 0
21912 -20.97 -89.09 -66.41 0
21913 -21.96 -90.31 -65.04 0
21914 -22.05 -90.68 -64.87 0
21936 -20.13 -89.09 -67.42 0
21937 -19.78 -89.65 -67.79 0
21958 -19.56 -89.21 -68.07 0
21959 -19.36 -89.77 -68.25 0
21976 -18.66 -89.10 -69.04 0
21977 -18.92 -89.38 -68.75 0
21978 -18.96 -90.21 -68.66 0
21986 5.08 -94.08 -78.82 0
21988 -18.27 -89.35 -69.41 0
21989 -18.41 -90.09 -69.24 0
21990 -18.53 -90.69 -69.09 0
21996 3.86 -94.44 -79.03 0
21997 4.77 -95.16 -79.08 0
21998 -16.78 -89.51 -70.78 0
21999 -17.39 -89.52 -70.23 0
22004 2.84 -94.54 -79.15 0
22005 -16.20 -89.97 -71.25 0
22006 -16.79 -90.01 -70.75 0
22011 2.09 -94.71 -79.25 0
22012 -14.64 -90.56 -72.51 0
22013 -15.38 -90.33 -71.92 0
22020 1.43 -94.71 -79.30 0
22021 0.64 -95.97 -79.47 0
22022 0.41 -96.48 -79.53 0
22023 0.19 -97.02 -79.59 0
22024 0.01 -97.50 -79.65 0
22025 -0.15 -97.76 -79.67 0
22026 -13.29 -91.34 -73.54 0
22027 -13.98 -91.26 -73.02 0
22028 -14.82 -91.01 -72.36 0
22033 0.69 -94.64 -79.29 0
22034 0.37 -95.25 -79.36 0
22035 -0.12 -95.80 -79.41 0
22036 -0.39 -96.42 -79.47 0
22037 -0.49 -96.99 -79.54 0
22038 -0.55 -97.43 -79.59 0
22039 -12.24 -91.91 -74.30 0
22040 -12.85 -91.87 -73.87 0
22041 -13.42 -91.66 -73.45 0
22042 0.24 -94.18 -79.22 0
22043 -0.25 -94.32 -79.20 0
22044 -0.67 -95.00 -79.26 0
22045 -1.03 -95.69 -79.31 0
22046 -1.26 -96.53 -79.38 0
22047 -0.91 -97.07 -79.50 0
22048 -11.79 -92.46 -74.63 0
22049 -12.36 -92.25 -74.23 0
22050 -0.81 -93.94 -79.11 0
22051 -1.11 -94.21 -79.12 0
22052 -1.85 -94.69 -79.08 0
22053 -1.89 -95.66 -79.18 0
22054 -9.92 -93.03 -75.85 0
22055 -10.69 -92.89 -75.36 0
22056 -2.69 -94.37 -78.92 0
22057 -2.93 -95.02 -78.91 0
22058 -3.94 -95.22 -78.68 0
22059 -9.35 -93.64 -76.21 0
22060 -10.03 -93.52 -75.80 0
22061 -4.82 -95.37 -78.40 0
22062 -5.99 -95.31 -77.96 0
22063 -7.18 -94.65 -77.40 0
22064 -8.29 -94.31 -76.82 0
22065 -6.22 -95.90 -77.92 0
22066 -6.75 -95.57 -77.66 0
22067 -7.53 -95.21 -77.26 0
23030 -22.43 -87.40 -64.79 0
23031 -22.52 -87.62 -64.64 0
23044 -21.78 -87.41 -65.59 0
23045 -22.15 -87.68 -65.09 0
23046 -22.43 -88.29 -64.66 0
23060 -21.35 -87.62 -66.10 0
23079 -20.86 -87.92 -66.66 0
23099 -19.98 -87.91 -67.69 0
23100 -20.34 -88.28 -67.25 0
23116 -19.48 -88.11 -68.23 0
23117 -19.80 -88.57 -67.84 0
23132 -18.78 -88.56 -68.94 0
23133 -19.31 -88.77 -68.37 0
23139 4.66 -92.75 -78.58 0
23140 -0.12 -86.23 -77.38 0
23141 -0.53 -85.52 -77.27 0
23142 -1.09 -84.72 -77.16 0
23143 -1.66 -83.95 -77.06 0
23144 -17.93 -88.61 -69.77 0
23150 3.82 -93.34 -78.80 0
23151 -0.33 -86.79 -77.51 0
23152 -0.78 -86.19 -77.41 0
23153 -1.29 -85.48 -77.30 0
23154 -1.84 -84.75 -77.19 0
23155 -16.43 -89.27 -71.09 0
23156 -17.05 -88.77 -70.57 0
23161 2.75 -93.49 -78.94 0
23162 2.15 -92.96 -78.89 0
23163 -0.43 -87.22 -77.61 0
23164 -0.93 -86.94 -77.57 0
23165 -1.45 -86.18 -77.43 0
23166 -2.02 -85.49 -77.32 0
23167 -15.74 -89.35 -71.65 0
23168 -16.37 -88.72 -71.16 0
23174 2.07 -94.01 -79.12 0
23175 1.82 -93.29 -78.98 0
23176 -1.28 -87.16 -77.63 0
23177 -1.59 -86.77 -77.56 0
23178 -2.05 -86.14 -77.44 0
23179 -14.14 -90.31 -72.89 0
23180 -14.88 -89.85 -72.33 0
23186 1.59 -94.27 -79.21 0
23187 1.35 -93.70 -79.10 0
23188 -12.93 -91.25 -73.80 0
23189 -13.28 -90.63 -73.53 0
23192 1.03 -94.16 -79.21 0
23193 0.65 -93.56 -79.10 0
23194 -11.92 -91.82 -74.52 0
23195 -12.31 -91.18 -74.22 0
23196 -12.69 -90.54 -73.95 0
23197 0.52 -94.05 -79.20 0
23198 -0.01 -93.66 -79.11 0
23199 -11.34 -91.71 -74.89 0
23200 -11.72 -91.10 -74.62 0
23201 -0.66 -93.61 -79.07 0
23202 -1.22 -93.59 -79.02 0
23203 -1.85 -93.71 -78.96 0
23204 -9.52 -92.95 -76.08 0
23205 -10.00 -92.17 -75.74 0
23206 -2.60 -93.80 -78.87 0
23207 -3.33 -93.92 -78.75 0
23208 -4.18 -94.14 -78.55 0
23209 -5.18 -93.81 -78.21 0
23210 -6.00 -93.52 -77.87 0
23211 -8.81 -92.94 -76.47 0
23212 -9.19 -91.98 -76.21 0
23213 -4.74 -94.60 -78.39 0
23214 -5.58 -94.42 -78.08 0
23215 -6.70 -93.88 -77.57 0
23216 -7.77 -93.61 -77.05 0
24148 -22.61 -86.49 -64.72 0
24149 -22.67 -87.03 -64.55 0
24170 -22.21 -86.84 -65.15 0
24171 -22.37 -87.24 -64.89 0
24199 -21.59 -86.85 -65.90 0
24224 -21.08 -87.17 -66.47 0
24245 -19.81 -87.30 -67.94 0
24246 -20.49 -87.29 -67.16 0
24261 -19.16 -87.49 -68.62 0
24275 -3.15 -81.14 -76.77 0
24276 -18.43 -87.64 -69.35 0
24281 4.23 -91.55 -78.36 0
24282 3.22 -90.30 -78.16 0
24283 2.36 -89.20 -77.96 0
24284 1.55 -88.18 -77.77 0
24285 0.82 -87.36 -77.60 0
24286 0.25 -86.78 -77.48 0
24287 -2.22 -83.19 -76.98 0
24288 -2.83 -82.36 -76.89 0
24289 -3.14 -81.60 -76.81 0
24290 -17.61 -87.81 -70.12 0
24294 3.50 -92.37 -78.62 0
24295 2.82 -91.32 -78.43 0
24296 2.03 -90.18 -78.22 0
24297 1.26 -89.11 -78.00 0
24298 0.56 -88.13 -77.79 0
24299 0.06 -87.35 -77.62 0
24300 -2.39 -84.03 -77.10 0
24301 -2.93 -83.34 -77.01 0
24302 -16.78 -87.94 -70.85 0
24308 3.10 -92.90 -78.78 0
24309 2.34 -92.36 -78.72 0
24310 1.61 -91.13 -78.47 0
24311 0.89 -90.02 -78.24 0
24312 0.19 -88.95 -78.01 0
24313 -0.51 -87.79 -77.75 0
24314 -1.06 -87.36 -77.67 0
24315 -2.57 -84.80 -77.21 0
24316 -3.11 -84.16 -77.12 0
24317 -15.09 -89.03 -72.18 0
24318 -15.82 -88.24 -71.63 0
24326 1.68 -92.69 -78.85 0
24327 1.17 -91.96 -78.70 0
24328 0.42 -90.90 -78.48 0
24329 -0.13 -89.84 -78.23 0
24330 -0.93 -88.79 -77.99 0
24331 -1.52 -87.53 -77.72 0
24332 -2.27 -86.64 -77.54 0
24333 -2.90 -85.57 -77.34 0
24334 -3.16 -84.75 -77.20 0
24335 -13.81 -90.06 -73.14 0
24336 -14.27 -89.48 -72.80 0
24337 -14.72 -88.22 -72.49 0
24344 0.96 -92.85 -78.92 0
24345 0.01 -91.81 -78.70 0
24346 -0.23 -91.04 -78.52 0
24347 -1.96 -88.34 -77.88 0
24348 -2.50 -87.37 -77.67 0
24349 -3.05 -86.44 -77.48 0
24350 -3.35 -85.87 -77.38 0
24351 -13.56 -89.81 -73.32 0
24352 -13.68 -89.02 -73.23 0
24353 -13.79 -88.02 -73.17 0
24354 0.06 -92.86 -78.94 0
24355 -0.62 -92.27 -78.80 0
24356 -12.39 -90.50 -74.15 0
24357 -12.79 -89.85 -73.86 0
24358 -12.96 -88.69 -73.73 0
24359 -13.09 -87.80 -73.66 0
24360 -0.59 -93.01 -78.96 0
24361 -1.22 -92.51 -78.82 0
24362 -11.42 -91.06 -74.81 0
24363 -11.79 -90.45 -74.55 0
24364 -11.97 -89.12 -74.40 0
24365 -12.49 -88.28 -74.06 0
24366 -12.67 -87.73 -73.95 0
24367 -1.09 -93.13 -78.96 0
24368 -1.76 -92.90 -78.85 0
24369 -2.53 -93.01 -78.78 0
24370 -4.61 -92.69 -78.38 0
24371 -4.79 -92.81 -78.33 0
24372 -5.18 -92.75 -78.19 0
24373 -10.86 -90.99 -75.17 0
24374 -10.91 -89.76 -75.10 0
24375 -11.35 -89.08 -74.81 0
24376 -3.31 -93.08 -78.66 0
24377 -4.22 -93.08 -78.48 0
24378 -4.88 -93.25 -78.30 0
24379 -5.68 -92.88 -77.98 0
24380 -6.82 -92.61 -77.45 0
24381 -8.26 -91.97 -76.71 0
24382 -9.69 -90.83 -75.87 0
24383 -10.15 -89.76 -75.57 0
24384 -7.54 -92.99 -77.14 0
24385 -8.10 -92.88 -76.85 0
25355 -23.05 -86.03 -64.27 0
25375 -22.51 -86.06 -64.92 0
25400 -22.00 -85.89 -65.57 0
25426 -21.14 -86.15 -66.55 0
25444 -19.53 -86.72 -68.30 0
25445 -20.20 -86.24 -67.61 0
25455 -18.92 -86.57 -68.95 0
25456 -19.55 -85.97 -68.35 0
25464 -3.19 -80.40 -76.70 0
25465 -18.14 -86.78 -69.70 0
25472 -3.43 -81.98 -76.85 0
25473 -3.68 -81.18 -76.77 0
25474 -17.32 -87.05 -70.43 0
25480 -3.48 -82.72 -76.93 0
25481 -4.02 -82.03 -76.85 0
25482 -16.48 -87.02 -71.16 0
25483 -16.41 -86.40 -71.26 0
25484 -16.66 -79.06 -72.13 0
25485 -16.67 -78.53 -72.22 0
25486 -16.65 -78.26 -72.29 0
25492 -3.53 -83.55 -77.03 0
25493 -4.10 -83.03 -76.95 0
25494 -15.55 -87.31 -71.89 0
25495 -16.00 -86.52 -71.59 0
25496 -16.45 -79.87 -72.14 0
25497 -16.37 -79.58 -72.26 0
25498 -16.32 -78.98 -72.41 0
25499 -16.50 -78.48 -72.36 0
25505 -0.37 -90.52 -78.40 0
25506 -0.97 -89.87 -78.24 0
25507 -1.60 -89.20 -78.07 0
25508 -3.55 -85.48 -77.31 0
25509 -4.03 -84.46 -77.13 0
25510 -4.65 -83.26 -76.95 0
25511 -15.01 -87.33 -72.30 0
25512 -15.27 -86.48 -72.16 0
25513 -15.04 -85.77 -72.38 0
25514 -16.18 -80.64 -72.21 0
25515 -16.18 -80.23 -72.28 0
25516 -15.98 -79.74 -72.53 0
25517 -15.87 -79.27 -72.69 0
25523 -0.71 -91.68 -78.67 0
25524 -0.95 -90.94 -78.48 0
25525 -1.80 -89.94 -78.23 0
25526 -2.35 -89.02 -78.01 0
25527 -2.84 -88.10 -77.79 0
25528 -3.37 -87.13 -77.59 0
25529 -3.89 -85.99 -77.36 0
25530 -4.75 -85.34 -77.18 0
25531 -14.51 -87.26 -72.68 0
25532 -14.51 -86.36 -72.73 0
25533 -14.64 -85.42 -72.71 0
25534 -14.62 -84.74 -72.79 0
25535 -15.90 -80.92 -72.38 0
25536 -15.63 -80.48 -72.65 0
25537 -15.48 -79.86 -72.87 0
25538 -15.62 -79.39 -72.86 0
25539 -1.28 -91.71 -78.65 0
25540 -2.21 -90.89 -78.41 0
25541 -2.70 -89.72 -78.13 0
25542 -3.18 -88.80 -77.91 0
25543 -3.68 -87.90 -77.69 0
25544 -4.22 -86.97 -77.48 0
25545 -4.80 -86.14 -77.28 0
25546 -5.17 -85.67 -77.17 0
25547 -13.77 -87.09 -73.22 0
25548 -13.84 -86.11 -73.22 0
25549 -14.05 -85.14 -73.16 0
25550 -14.35 -84.27 -73.03 0
25551 -14.57 -83.40 -72.99 0
25552 -14.84 -82.56 -72.92 0
25553 -15.21 -81.51 -72.80 0
25554 -15.03 -80.61 -73.07 0
25555 -15.14 -80.11 -73.08 0
25556 -1.94 -92.00 -78.66 0
25557 -2.73 -91.62 -78.52 0
25558 -12.04 -88.42 -74.36 0
25559 -12.23 -87.85 -74.24 0
25560 -12.87 -86.95 -73.85 0
25561 -13.25 -85.64 -73.67 0
25562 -13.61 -84.63 -73.52 0
25563 -13.92 -83.74 -73.40 0
25564 -14.22 -82.92 -73.31 0
25565 -14.48 -82.11 -73.24 0
25566 -14.58 -81.34 -73.28 0
25567 -14.65 -80.87 -73.30 0
25568 -2.44 -92.35 -78.68 0
25569 -3.21 -92.22 -78.56 0
25570 -4.77 -92.57 -78.33 0
25571 -5.03 -92.45 -78.22 0
25572 -5.48 -92.35 -78.04 0
25573 -11.04 -89.02 -75.01 0
25574 -11.48 -88.41 -74.72 0
25575 -11.86 -87.26 -74.50 0
25576 -12.28 -86.04 -74.29 0
25577 -12.85 -84.95 -74.00 0
25578 -13.22 -84.01 -73.85 0
25579 -13.58 -83.20 -73.71 0
25580 -13.90 -82.49 -73.59 0
25581 -14.11 -81.84 -73.54 0
25582 -14.20 -81.39 -73.53 0
25583 -3.96 -92.39 -78.47 0
25584 -4.63 -92.30 -78.31 0
25585 -5.31 -91.87 -78.04 0
25586 -6.16 -91.78 -77.69 0
25587 -7.36 -91.21 -77.11 0
25588 -8.55 -90.33 -76.48 0
25589 -9.57 -89.64 -75.91 0
25590 -10.43 -88.83 -75.38 0
25591 -10.96 -87.68 -75.06 0
25592 -11.36 -86.62 -74.85 0
25593 -11.64 -85.76 -74.71 0
25594 -13.10 -83.44 -74.00 0
25595 -13.29 -83.08 -73.93 0
25596 -8.97 -89.27 -76.23 0
25597 -9.61 -88.80 -75.87 0
25598 -9.97 -88.42 -75.66 0
26637 -23.45 -85.02 -64.01 0
26653 -22.71 -85.04 -64.89 0
26675 -21.83 -84.41 -66.05 0
26676 -21.58 -83.49 -66.51 0
26694 -20.82 -85.14 -67.07 0
26695 -20.89 -83.80 -67.22 0
26696 -20.37 -83.12 -67.90 0
26710 -20.06 -85.07 -67.91 0
26711 -19.91 -84.07 -68.22 0
26712 -19.77 -83.20 -68.51 0
26724 -18.61 -86.13 -69.31 0
26725 -19.02 -85.19 -68.99 0
26726 -19.34 -83.96 -68.83 0
26727 -19.37 -83.35 -68.89 0
26735 -3.71 -79.30 -76.61 0
26736 -18.33 -85.96 -69.60 0
26737 -18.10 -85.40 -69.86 0
26746 -4.26 -80.01 -76.67 0
26747 -4.96 -80.16 -76.66 0
26748 -17.74 -86.24 -70.12 0
26749 -17.39 -85.74 -70.48 0
26750 -18.03 -80.55 -70.68 0
26751 -17.91 -80.21 -70.85 0
26752 -17.74 -79.65 -71.11 0
26753 -17.55 -78.98 -71.40 0
26754 -17.36 -78.29 -71.70 0
26755 -17.20 -77.94 -71.89 0
26760 -4.53 -81.07 -76.74 0
26761 -5.39 -80.83 -76.69 0
26762 -17.15 -86.45 -70.63 0
26763 -16.78 -86.15 -70.97 0
26764 -17.74 -80.84 -70.88 0
26765 -17.45 -80.44 -71.20 0
26766 -17.21 -79.86 -71.52 0
26767 -17.00 -79.20 -71.82 0
26768 -16.97 -78.49 -71.98 0
26769 -16.91 -77.93 -72.13 0
26774 -4.89 -82.18 -76.83 0
26775 -5.95 -81.72 -76.71 0
26776 -16.37 -85.89 -71.34 0
26777 -16.14 -85.48 -71.56 0
26778 -17.23 -81.28 -71.24 0
26779 -16.89 -80.75 -71.61 0
26780 -16.63 -80.11 -71.95 0
26781 -16.62 -79.57 -72.06 0
26782 -16.35 -78.54 -72.46 0
26783 -16.48 -78.10 -72.43 0
26790 -5.14 -84.57 -77.05 0
26791 -5.56 -83.32 -76.88 0
26792 -6.49 -82.32 -76.69 0
26793 -15.89 -85.94 -71.72 0
26794 -15.64 -85.31 -71.97 0
26795 -15.71 -84.69 -71.98 0
26796 -16.52 -81.86 -71.73 0
26797 -16.33 -80.93 -72.04 0
26798 -16.33 -80.48 -72.12 0
26799 -16.09 -78.59 -72.64 0
26800 -16.23 -78.15 -72.61 0
26807 -5.44 -85.21 -77.08 0
26808 -5.88 -84.48 -76.94 0
26809 -15.14 -85.26 -72.35 0
26810 -15.26 -84.53 -72.34 0
26811 -15.46 -83.57 -72.31 0
26812 -15.80 -82.67 -72.17 0
26813 -15.85 -81.70 -72.28 0
26814 -15.40 -79.41 -73.00 0
26815 -15.69 -79.02 -72.86 0
26816 -3.07 -90.93 -78.35 0
26817 -3.18 -90.24 -78.20 0
26818 -3.52 -89.43 -78.00 0
26819 -3.97 -88.61 -77.79 0
26820 -4.50 -87.76 -77.57 0
26821 -5.06 -86.90 -77.36 0
26822 -5.69 -85.96 -77.12 0
26823 -6.01 -85.18 -76.99 0
26824 -14.79 -84.35 -72.71 0
26825 -14.93 -83.86 -72.66 0
26826 -15.16 -83.06 -72.60 0
26827 -15.37 -82.30 -72.55 0
26828 -14.89 -80.15 -73.24 0
26829 -15.14 -79.79 -73.12 0
26830 -3.49 -91.34 -78.38 0
26831 -3.73 -90.56 -78.21 0
26832 -3.85 -89.91 -78.07 0
26833 -4.22 -89.26 -77.88 0
26834 -4.74 -88.51 -77.66 0
26835 -5.31 -87.68 -77.43 0
26836 -5.82 -86.85 -77.21 0
26837 -14.34 -80.97 -73.49 0
26838 -14.62 -80.54 -73.36 0
26839 -3.99 -91.71 -78.36 0
26840 -4.17 -90.99 -78.21 0
26841 -12.14 -85.07 -74.45 0
26842 -12.62 -84.29 -74.22 0
26843 -12.88 -83.83 -74.10 0
26844 -13.43 -82.72 -73.88 0
26845 -13.59 -82.09 -73.86 0
26846 -13.91 -81.55 -73.71 0
26847 -14.05 -81.20 -73.66 0
26848 -4.34 -91.94 -78.33 0
26849 -4.77 -91.35 -78.13 0
26850 -5.74 -90.97 -77.78 0
26851 -6.70 -90.55 -77.37 0
26852 -7.65 -90.00 -76.92 0
26853 -8.33 -89.41 -76.57 0
26854 -10.22 -87.93 -75.52 0
26855 -10.44 -87.00 -75.40 0
26856 -10.97 -85.96 -75.12 0
26857 -11.48 -85.10 -74.86 0
26858 -12.01 -84.29 -74.60 0
26859 -12.60 -83.58 -74.31 0
26860 -13.02 -82.96 -74.11 0
26861 -13.19 -82.47 -74.07 0
26862 -8.67 -88.89 -76.39 0
26863 -9.11 -88.55 -76.15 0
26864 -9.63 -88.11 -75.86 0
26865 -9.87 -87.56 -75.72 0
27934 -23.41 -83.94 -64.33 0
27946 -22.77 -83.88 -65.10 0
27966 -22.54 -83.27 -65.51 0
27967 -22.07 -83.02 -66.09 0
27983 -21.57 -82.69 -66.70 0
27984 -20.99 -82.40 -67.39 0
27995 -20.30 -82.12 -68.18 0
27996 -19.97 -81.33 -68.69 0
27997 -19.83 -80.56 -68.99 0
28009 -3.79 -78.32 -76.52 0
28010 -18.96 -84.30 -69.17 0
28011 -19.01 -83.64 -69.21 0
28012 -19.38 -82.56 -69.03 0
28013 -19.33 -81.34 -69.32 0
28014 -19.35 -80.22 -69.53 0
28015 -19.13 -79.35 -69.93 0
28016 -19.21 -78.66 -70.00 0
28025 -4.21 -77.41 -76.46 0
28026 -4.81 -78.48 -76.55 0
28027 -5.70 -78.35 -76.53 0
28028 -18.46 -84.36 -69.65 0
28029 -18.58 -83.25 -69.69 0
28030 -18.70 -82.17 -69.76 0
28031 -18.74 -81.14 -69.92 0
28032 -18.71 -80.25 -70.12 0
28033 -18.62 -79.61 -70.34 0
28034 -18.75 -78.71 -70.41 0
28035 -18.43 -77.97 -70.84 0
28036 -18.22 -77.25 -71.16 0
28037 -18.13 -76.73 -71.34 0
28048 -4.93 -79.51 -76.62 0
28049 -5.68 -79.40 -76.58 0
28050 -17.64 -84.85 -70.34 0
28051 -17.88 -83.85 -70.26 0
28052 -18.04 -82.85 -70.26 0
28053 -18.15 -81.87 -70.33 0
28054 -18.19 -80.93 -70.47 0
28055 -18.28 -80.19 -70.53 0
28056 -18.23 -79.54 -70.70 0
28057 -18.10 -78.82 -70.96 0
28058 -17.87 -78.07 -71.31 0
28059 -17.55 -77.05 -71.76 0
28060 -17.37 -76.39 -72.02 0
28067 -6.33 -80.44 -76.59 0
28068 -16.88 -85.32 -70.96 0
28069 -17.15 -84.36 -70.84 0
28070 -17.39 -83.40 -70.76 0
28071 -17.55 -82.48 -70.76 0
28072 -17.66 -81.60 -70.81 0
28073 -16.77 -77.10 -72.35 0
28074 -17.20 -76.63 -72.10 0
28081 -7.02 -81.19 -76.56 0
28082 -7.62 -81.02 -76.46 0
28083 -16.44 -85.39 -71.32 0
28084 -16.37 -84.83 -71.44 0
28085 -16.72 -83.84 -71.26 0
28086 -16.98 -82.97 -71.17 0
28087 -17.10 -82.14 -71.20 0
28088 -15.48 -78.03 -73.14 0
28089 -15.89 -77.82 -72.89 0
28090 -16.27 -77.74 -72.64 0
28097 -6.58 -83.06 -76.73 0
28098 -7.35 -82.28 -76.56 0
28099 -7.53 -81.46 -76.49 0
28100 -15.93 -84.75 -71.80 0
28101 -16.00 -84.16 -71.81 0
28102 -16.43 -83.30 -71.58 0
28103 -16.66 -82.62 -71.49 0
28104 -14.87 -78.82 -73.43 0
28105 -15.27 -78.65 -73.20 0
28106 -15.71 -78.47 -72.93 0
28107 -16.05 -78.15 -72.74 0
28114 -6.37 -83.82 -76.81 0
28115 -7.09 -83.50 -76.67 0
28116 -15.67 -83.91 -72.10 0
28117 -15.94 -83.40 -71.96 0
28118 -16.27 -82.77 -71.78 0
28119 -14.65 -79.30 -73.51 0
28120 -15.02 -79.35 -73.27 0
28121 -15.43 -78.99 -73.05 0
28122 -6.32 -85.51 -76.96 0
28123 -6.72 -84.71 -76.82 0
28124 -7.60 -84.06 -76.59 0
28125 -14.03 -80.20 -73.79 0
28126 -14.47 -79.99 -73.54 0
28127 -14.88 -79.83 -73.29 0
28128 -4.06 -90.17 -78.09 0
28129 -4.36 -89.82 -77.97 0
28130 -4.88 -89.25 -77.77 0
28131 -5.54 -88.50 -77.50 0
28132 -6.19 -87.53 -77.21 0
28133 -6.86 -86.15 -76.89 0
28134 -7.61 -84.89 -76.62 0
28135 -7.97 -84.32 -76.51 0
28136 -12.96 -81.41 -74.32 0
28137 -13.29 -81.21 -74.14 0
28138 -13.92 -80.78 -73.79 0
28139 -14.34 -80.58 -73.54 0
28140 -4.31 -90.36 -78.08 0
28141 -4.85 -89.98 -77.90 0
28142 -5.55 -89.44 -77.64 0
28143 -6.54 -88.61 -77.23 0
28144 -7.06 -87.37 -76.95 0
28145 -7.38 -86.75 -76.79 0
28146 -11.85 -82.82 -74.83 0
28147 -12.23 -82.55 -74.64 0
28148 -12.95 -82.01 -74.27 0
28149 -13.59 -81.49 -73.92 0
28150 -13.87 -81.27 -73.77 0
28151 -4.68 -90.61 -78.05 0
28152 -5.30 -90.38 -77.85 0
28153 -6.16 -89.89 -77.51 0
28154 -7.09 -89.40 -77.12 0
28155 -7.83 -89.11 -76.80 0
28156 -8.16 -88.56 -76.63 0
28157 -9.05 -87.42 -76.16 0
28158 -9.54 -87.10 -75.90 0
28159 -10.17 -86.10 -75.57 0
28160 -10.76 -85.18 -75.28 0
28161 -11.33 -84.33 -75.01 0
28162 -11.92 -83.38 -74.74 0
28163 -12.61 -82.84 -74.38 0
28164 -12.95 -82.57 -74.21 0
28165 -8.32 -88.87 -76.56 0
28166 -8.62 -88.37 -76.40 0
28167 -9.12 -87.85 -76.13 0
28168 -9.54 -87.66 -75.91 0
29327 -24.15 -82.58 -63.84 0
29328 -23.71 -83.18 -64.18 0
29342 -23.86 -82.08 -64.33 0
29343 -23.35 -82.70 -64.74 0
29363 -22.70 -82.30 -65.57 0
29364 -22.20 -81.96 -66.19 0
29381 -21.74 -81.48 -66.82 0
29382 -21.10 -81.14 -67.57 0
29383 -20.90 -80.48 -67.94 0
29400 -20.54 -81.08 -68.16 0
29401 -20.45 -80.29 -68.44 0
29402 -20.08 -79.58 -68.97 0
29403 -19.98 -78.88 -69.23 0
29421 -19.63 -79.33 -69.46 0
29422 -19.62 -78.60 -69.63 0
29423 -19.35 -77.94 -70.02 0
29424 -19.24 -77.05 -70.30 0
29425 -19.05 -76.51 -70.58 0
29442 -5.08 -76.67 -76.43 0
29443 -5.93 -77.29 -76.47 0
29444 -6.75 -77.25 -76.44 0
29445 -18.91 -77.78 -70.46 0
29446 -18.74 -77.18 -70.73 0
29447 -18.59 -76.46 -71.00 0
29448 -18.15 -76.13 -71.43 0
29449 -17.95 -75.76 -71.66 0
29464 -6.37 -78.23 -76.49 0
29465 -7.25 -77.84 -76.41 0
29466 -17.82 -76.21 -71.69 0
29467 -17.59 -75.90 -71.92 0
29468 -17.35 -75.49 -72.15 0
29475 -6.91 -79.24 -76.48 0
29476 -7.90 -78.48 -76.34 0
29477 -15.37 -77.03 -73.32 0
29478 -15.79 -76.50 -73.10 0
29479 -16.44 -76.26 -72.69 0
29480 -17.09 -75.97 -72.27 0
29481 -17.22 -75.52 -72.25 0
29487 -7.02 -80.23 -76.51 0
29488 -7.79 -80.05 -76.39 0
29489 -14.46 -78.10 -73.78 0
29490 -14.84 -77.87 -73.57 0
29491 -15.23 -77.63 -73.34 0
29492 -15.66 -77.36 -73.10 0
29493 -16.14 -77.13 -72.80 0
29499 -7.99 -82.23 -76.43 0
29500 -8.12 -81.34 -76.36 0
29501 -14.38 -78.59 -73.77 0
29502 -14.69 -78.42 -73.60 0
29503 -15.07 -78.24 -73.38 0
29510 -7.93 -83.04 -76.47 0
29511 -8.52 -82.23 -76.28 0
29512 -14.17 -79.03 -73.85 0
29513 -14.52 -78.93 -73.64 0
29514 -8.22 -83.81 -76.42 0
29515 -8.66 -83.10 -76.27 0
29516 -13.17 -80.32 -74.31 0
29517 -13.52 -80.06 -74.13 0
29518 -13.96 -79.71 -73.90 0
29519 -14.36 -79.40 -73.69 0
29520 -7.73 -86.36 -76.65 0
29521 -8.03 -85.54 -76.51 0
29522 -8.44 -84.50 -76.36 0
29523 -8.71 -83.77 -76.27 0
29524 -11.99 -81.59 -74.85 0
29525 -12.41 -81.27 -74.65 0
29526 -12.91 -80.91 -74.40 0
29527 -13.43 -80.60 -74.12 0
29528 -13.77 -80.28 -73.95 0
29529 -7.27 -88.71 -77.00 0
29530 -7.46 -88.05 -76.87 0
29531 -7.88 -87.11 -76.64 0
29532 -8.47 -86.22 -76.38 0
29533 -9.06 -85.06 -76.12 0
29534 -9.92 -84.31 -75.76 0
29535 -10.55 -83.59 -75.48 0
29536 -11.11 -82.94 -75.23 0
29537 -11.70 -82.32 -74.95 0
29538 -12.33 -81.88 -74.64 0
29539 -12.71 -81.50 -74.46 0
29540 -7.49 -88.94 -76.94 0
29541 -7.75 -88.55 -76.80 0
29542 -8.27 -87.91 -76.54 0
29543 -8.76 -87.08 -76.28 0
29544 -9.33 -86.13 -76.00 0
29545 -9.98 -85.20 -75.70 0
29546 -10.62 -84.37 -75.40 0
29547 -11.18 -83.61 -75.15 0
29548 -11.55 -83.02 -74.98 0
29549 -8.70 -87.94 -76.35 0
29550 -8.78 -87.64 -76.30 0
30640 -24.23 -81.48 -64.08 0
30651 -23.73 -81.54 -64.64 0
30652 -23.26 -81.52 -65.17 0
30660 -22.79 -81.29 -65.74 0
30661 -22.38 -80.97 -66.26 0
30662 -22.30 -80.35 -66.51 0
30668 -22.07 -80.81 -66.64 0
30669 -21.85 -80.42 -66.97 0
30670 -21.41 -80.02 -67.53 0
30671 -21.32 -79.29 -67.80 0
30680 -20.98 -79.85 -68.01 0
30681 -20.83 -79.17 -68.32 0
30682 -20.48 -78.56 -68.81 0
30683 -20.44 -77.73 -69.03 0
30684 -20.32 -76.94 -69.30 0
30685 -20.17 -76.24 -69.59 0
30698 -20.09 -78.31 -69.25 0
30699 -19.93 -77.75 -69.51 0
30700 -19.77 -76.97 -69.82 0
30701 -19.62 -75.91 -70.17 0
30702 -19.24 -75.35 -70.61 0
30718 -6.02 -75.79 -76.40 0
30719 -6.74 -76.24 -76.41 0
30720 -7.43 -76.64 -76.38 0
30721 -19.05 -75.94 -70.68 0
30722 -18.75 -75.46 -71.03 0
30723 -18.26 -75.21 -71.48 0
30724 -18.03 -74.82 -71.72 0
30738 -8.12 -77.17 -76.31 0
30739 -8.76 -77.14 -76.21 0
30740 -17.90 -75.33 -71.76 0
30741 -17.65 -74.95 -71.99 0
30749 -8.54 -77.83 -76.24 0
30750 -9.11 -77.61 -76.13 0
30751 -13.64 -77.35 -74.33 0
30752 -13.97 -77.17 -74.16 0
30753 -14.55 -76.93 -73.84 0
30754 -15.18 -76.41 -73.50 0
30755 -15.62 -75.76 -73.29 0
30756 -16.11 -75.56 -72.99 0
30757 -16.68 -75.31 -72.63 0
30758 -17.19 -75.09 -72.31 0
30764 -8.79 -78.75 -76.18 0
30765 -9.59 -78.07 -76.00 0
30766 -13.72 -77.90 -74.24 0
30767 -14.23 -77.68 -73.96 0
30768 -14.61 -77.56 -73.74 0
30769 -14.97 -77.24 -73.56 0
30774 -8.93 -80.10 -76.13 0
30775 -9.64 -79.06 -75.95 0
30776 -13.54 -78.67 -74.27 0
30777 -14.04 -78.44 -74.00 0
30783 -9.16 -81.27 -76.07 0
30784 -10.06 -80.09 -75.79 0
30785 -10.72 -79.92 -75.55 0
30786 -12.95 -79.47 -74.52 0
30787 -13.37 -79.27 -74.31 0
30788 -13.77 -79.13 -74.08 0
30789 -9.26 -82.34 -76.05 0
30790 -10.01 -81.47 -75.78 0
30791 -10.91 -80.61 -75.43 0
30792 -11.74 -80.48 -75.06 0
30793 -12.29 -80.31 -74.80 0
30794 -12.80 -80.19 -74.54 0
30795 -13.22 -79.82 -74.33 0
30796 -13.57 -79.60 -74.15 0
30797 -8.95 -84.05 -76.19 0
30798 -9.26 -83.35 -76.06 0
30799 -9.95 -82.56 -75.79 0
30800 -10.66 -81.87 -75.49 0
30801 -11.45 -81.45 -75.14 0
30802 -12.06 -80.98 -74.86 0
30803 -12.49 -80.74 -74.65 0
30804 -8.96 -84.44 -76.18 0
30805 -9.35 -84.12 -76.03 0
30806 -9.93 -83.46 -75.78 0
30807 -10.55 -82.79 -75.52 0
30808 -11.10 -82.28 -75.27 0
31899 -24.05 -80.47 -64.58 0
31900 -23.89 -79.89 -64.94 0
31910 -23.60 -80.96 -64.94 0
31911 -23.37 -80.31 -65.38 0
31912 -23.07 -79.55 -65.91 0
31913 -23.00 -79.00 -66.13 0
31920 -22.82 -80.69 -65.87 0
31921 -22.73 -80.21 -66.09 0
31922 -22.45 -79.37 -66.61 0
31923 -22.17 -78.54 -67.11 0
31924 -22.13 -77.99 -67.28 0
31929 -21.88 -79.75 -67.11 0
31930 -21.80 -79.19 -67.33 0
31931 -21.56 -78.19 -67.81 0
31932 -21.34 -77.10 -68.27 0
31933 -21.22 -76.31 -68.55 0
31934 -21.19 -75.81 -68.68 0
31940 -20.95 -78.44 -68.37 0
31941 -20.94 -77.83 -68.51 0
31942 -20.84 -76.98 -68.79 0
31943 -20.78 -75.97 -69.05 0
31944 -20.33 -75.41 -69.59 0
31954 -20.05 -74.84 -69.96 0
31955 -19.61 -74.80 -70.37 0
31966 -6.81 -75.05 -76.37 0
31967 -7.49 -75.42 -76.35 0
31968 -8.19 -75.90 -76.29 0
31969 -19.18 -74.64 -70.77 0
31970 -18.72 -74.45 -71.20 0
31971 -18.31 -74.50 -71.54 0
31983 -8.77 -76.35 -76.22 0
31984 -9.25 -76.71 -76.12 0
31985 -13.57 -76.11 -74.45 0
31986 -13.87 -75.93 -74.29 0
31987 -14.37 -75.61 -74.03 0
31988 -14.78 -75.34 -73.82 0
31989 -18.47 -73.94 -71.47 0
31990 -18.03 -74.07 -71.79 0
31998 -9.71 -77.11 -76.00 0
31999 -13.09 -76.89 -74.66 0
32000 -13.52 -76.74 -74.44 0
32001 -14.17 -76.40 -74.10 0
32002 -14.71 -76.01 -73.81 0
32003 -15.21 -75.39 -73.56 0
32004 -15.77 -74.95 -73.25 0
32005 -16.35 -74.56 -72.92 0
32006 -16.88 -74.43 -72.59 0
32007 -17.41 -73.96 -72.26 0
32015 -10.14 -77.53 -75.86 0
32016 -10.51 -77.74 -75.74 0
32017 -13.06 -77.34 -74.65 0
32018 -13.35 -77.61 -74.47 0
32019 -16.65 -73.95 -72.78 0
32020 -16.98 -73.70 -72.58 0
32021 -17.20 -73.42 -72.45 0
32031 -10.15 -78.29 -75.83 0
32032 -10.74 -78.29 -75.63 0
32033 -11.20 -78.49 -75.43 0
32034 -12.93 -77.99 -74.67 0
32035 -13.22 -78.33 -74.48 0
32041 -10.28 -79.00 -75.76 0
32042 -10.80 -79.23 -75.56 0
32043 -11.47 -79.00 -75.29 0
32044 -11.98 -79.07 -75.05 0
32045 -12.63 -78.87 -74.74 0
32046 -13.14 -78.92 -74.47 0
32047 -11.10 -79.71 -75.41 0
32048 -11.56 -79.77 -75.20 0
32049 -12.13 -79.71 -74.93 0
32050 -12.56 -79.72 -74.71 0
33269 -23.97 -79.07 -65.07 0
33284 -23.45 -79.46 -65.53 0
33285 -23.37 -78.91 -65.75 0
33286 -23.09 -78.17 -66.24 0
33301 -22.56 -78.51 -66.71 0
33302 -22.51 -77.96 -66.90 0
33303 -22.25 -77.28 -67.32 0
33312 -21.81 -77.00 -67.82 0
33313 -21.66 -76.31 -68.11 0
33314 -21.48 -75.74 -68.41 0
33315 -21.28 -75.25 -68.70 0
33323 -20.86 -74.85 -69.18 0
33324 -20.46 -74.66 -69.60 0
33331 -20.71 -74.16 -69.45 0
33332 -20.33 -74.04 -69.83 0
33333 -19.94 -74.23 -70.16 0
33340 -7.47 -74.07 -76.31 0
33341 -8.29 -74.58 -76.26 0
33342 -8.99 -75.21 -76.18 0
33343 -9.58 -75.35 -76.06 0
33344 -20.06 -73.66 -70.13 0
33345 -19.63 -73.82 -70.50 0
33346 -19.15 -73.94 -70.89 0
33356 -7.65 -72.89 -76.26 0
33357 -9.29 -75.94 -76.12 0
33358 -9.84 -76.06 -75.98 0
33359 -12.76 -75.53 -74.87 0
33360 -12.97 -75.55 -74.77 0
33361 -13.50 -75.59 -74.50 0
33362 -14.07 -75.15 -74.21 0
33363 -14.59 -74.82 -73.94 0
33364 -14.99 -74.86 -73.72 0
33365 -19.34 -73.37 -70.80 0
33366 -18.88 -73.41 -71.17 0
33367 -18.39 -73.26 -71.58 0
33375 -10.33 -76.68 -75.83 0
33376 -10.74 -76.79 -75.69 0
33377 -12.64 -75.87 -74.92 0
33378 -13.01 -76.35 -74.72 0
33379 -13.40 -76.20 -74.53 0
33380 -14.95 -74.36 -73.75 0
33381 -15.37 -74.39 -73.52 0
33382 -15.93 -74.02 -73.21 0
33383 -16.36 -73.69 -72.97 0
33384 -17.92 -73.03 -71.95 0
33393 -10.54 -77.22 -75.75 0
33394 -10.97 -77.31 -75.59 0
33395 -11.53 -77.25 -75.36 0
33396 -12.21 -76.79 -75.08 0
33397 -12.75 -77.12 -74.82 0
33398 -16.68 -73.37 -72.80 0
33399 -17.00 -73.05 -72.60 0
33400 -17.40 -72.96 -72.33 0
33410 -11.24 -77.88 -75.45 0
33411 -11.76 -78.03 -75.22 0
33412 -12.37 -77.69 -74.96 0
33413 -12.74 -77.66 -74.79 0
33420 -11.85 -78.63 -75.14 0
33421 -12.20 -78.41 -75.00 0
33422 -12.58 -78.13 -74.84 0
34541 -21.33 -74.52 -68.78 0
34550 -21.34 -73.26 -68.99 0
34551 -21.13 -73.98 -69.07 0
34559 -21.29 -72.31 -69.20 0
34560 -20.74 -73.28 -69.55 0
34561 -20.31 -73.44 -69.94 0
34569 -8.48 -73.02 -76.22 0
34570 -9.10 -73.86 -76.15 0
34571 -9.67 -74.46 -76.04 0
34572 -10.11 -75.03 -75.93 0
34574 -20.72 -72.24 -69.72 0
34575 -20.09 -72.77 -70.21 0
34576 -19.61 -73.13 -70.59 0
34585 -8.11 -72.02 -76.22 0
34586 -10.63 -75.59 -75.75 0
34587 -11.38 -75.25 -75.47 0
34588 -12.03 -75.12 -75.20 0
34589 -12.66 -75.14 -74.92 0
34590 -13.25 -74.83 -74.63 0
34591 -13.79 -74.59 -74.35 0
34592 -14.28 -74.35 -74.10 0
34593 -14.68 -74.04 -73.90 0
34594 -19.81 -72.11 -70.52 0
34595 -19.40 -72.55 -70.82 0
34596 -18.70 -72.37 -71.40 0
34597 -18.31 -72.69 -71.69 0
34607 -10.71 -76.36 -75.72 0
34608 -11.14 -76.35 -75.55 0
34609 -11.72 -75.92 -75.33 0
34610 -12.20 -75.86 -75.12 0
34611 -15.11 -73.69 -73.67 0
34612 -15.60 -73.45 -73.41 0
34613 -16.10 -73.06 -73.14 0
34614 -16.44 -73.19 -72.95 0
34615 -18.51 -71.82 -71.57 0
34616 -18.21 -72.10 -71.78 0
34627 -11.32 -76.88 -75.47 0
34628 -11.64 -76.59 -75.34 0
34629 -11.95 -76.30 -75.22 0
34630 -16.23 -72.47 -73.07 0
34631 -16.59 -72.65 -72.86 0
34632 -17.15 -72.19 -72.52 0
34633 -17.66 -72.11 -72.18 0
34641 -17.29 -71.67 -72.45 0
34642 -17.41 -71.82 -72.37 0
35763 -8.96 -72.36 -76.18 0
35764 -9.34 -72.56 -76.12 0
35765 -9.82 -73.33 -76.01 0
35766 -10.37 -73.96 -75.86 0
35767 -10.75 -73.66 -75.74 0
35771 -20.42 -71.96 -70.02 0
35780 -8.84 -71.79 -76.17 0
35781 -9.17 -72.06 -76.15 0
35782 -10.53 -74.71 -75.80 0
35783 -11.00 -74.23 -75.63 0
35784 -11.77 -74.25 -75.31 0
35785 -12.41 -74.22 -75.03 0
35786 -13.01 -74.11 -74.74 0
35787 -13.55 -73.96 -74.47 0
35788 -14.08 -73.65 -74.20 0
35789 -14.43 -73.82 -74.02 0
35791 -20.13 -71.51 -70.31 0
35792 -19.61 -71.60 -70.72 0
35793 -19.15 -71.63 -71.08 0
35803 -14.28 -73.03 -74.08 0
35804 -14.66 -73.21 -73.89 0
35805 -15.34 -72.69 -73.54 0
35806 -15.73 -72.85 -73.34 0
35807 -18.74 -71.44 -71.41 0
35808 -18.39 -71.34 -71.68 0
35819 -15.51 -72.17 -73.44 0
35820 -15.85 -72.19 -73.27 0
35821 -16.36 -72.00 -72.99 0
35822 -16.75 -71.89 -72.77 0
35823 -17.98 -71.34 -71.98 0
35831 -16.16 -71.50 -73.08 0
35832 -16.55 -71.30 -72.86 0
35833 -17.06 -71.33 -72.57 0
35834 -17.51 -71.32 -72.29 0
36955 -9.67 -72.03 -76.06 0
36956 -9.98 -72.26 -75.98 0
36957 -10.43 -72.82 -75.85 0
36958 -10.64 -73.38 -75.78 0
36972 -9.13 -71.24 -76.12 0
36973 -9.50 -71.52 -76.07 0
36974 -9.82 -71.79 -76.02 0
36975 -10.76 -72.46 -75.73 0
36976 -10.97 -73.03 -75.65 0
36977 -11.59 -73.29 -75.39 0
36978 -12.20 -73.36 -75.12 0
36979 -12.78 -73.31 -74.84 0
36980 -13.42 -73.14 -74.52 0
36981 -13.74 -73.40 -74.36 0
36984 -19.76 -70.75 -70.66 0
36985 -19.40 -71.06 -70.92 0
36994 -9.24 -70.66 -76.06 0
36995 -13.65 -72.76 -74.39 0
36996 -13.91 -72.83 -74.26 0
36997 -14.44 -72.41 -73.98 0
36998 -14.91 -72.35 -73.74 0
36999 -19.41 -70.52 -70.94 0
37000 -19.06 -70.76 -71.19 0
37001 -18.63 -70.70 -71.52 0
37010 -14.77 -71.79 -73.78 0
37011 -15.33 -71.64 -73.50 0
37012 -15.84 -71.35 -73.24 0
37013 -18.25 -70.61 -71.80 0
37022 -15.67 -70.79 -73.29 0
37023 -16.16 -70.66 -73.03 0
37024 -16.77 -70.46 -72.70 0
37025 -17.33 -70.45 -72.38 0
37026 -17.82 -70.51 -72.08 0
38150 -10.25 -71.93 -75.90 0
38151 -10.32 -72.23 -75.89 0
38164 -9.84 -71.07 -75.98 0
38165 -10.11 -71.33 -75.91 0
38166 -10.57 -71.87 -75.78 0
38167 -11.05 -72.06 -75.60 0
38168 -11.52 -72.31 -75.40 0
38169 -12.05 -72.49 -75.17 0
38170 -12.57 -72.56 -74.93 0
38171 -13.08 -72.44 -74.67 0
38183 -9.73 -70.61 -75.96 0
38184 -9.99 -70.82 -75.92 0
38185 -13.61 -72.28 -74.39 0
38186 -14.08 -71.97 -74.14 0
38187 -14.45 -71.66 -73.94 0
38189 -19.26 -69.97 -71.08 0
38190 -18.86 -70.02 -71.37 0
38197 -14.23 -71.26 -74.03 0
38198 -14.73 -70.89 -73.76 0
38199 -15.30 -70.58 -73.46 0
38200 -18.50 -70.00 -71.63 0
38208 -15.05 -69.86 -73.54 0
38209 -15.71 -69.72 -73.21 0
38210 -16.43 -69.56 -72.83 0
38211 -17.08 -69.49 -72.48 0
38212 -17.68 -69.60 -72.15 0
38213 -18.15 -69.76 -71.86 0
38221 -15.26 -69.01 -73.39 0
38222 -15.65 -68.56 -73.17 0
38240 -12.29 -64.69 -74.38 0
38247 -12.51 -64.22 -74.27 0
39437 -10.31 -70.83 -75.82 0
39438 -10.57 -70.89 -75.73 0
39439 -11.00 -71.24 -75.58 0
39440 -11.46 -71.42 -75.39 0
39441 -11.99 -71.54 -75.16 0
39442 -12.44 -71.82 -74.96 0
39443 -12.83 -71.90 -74.77 0
39457 -9.83 -70.04 -75.88 0
39458 -10.23 -70.25 -75.79 0
39459 -10.73 -70.18 -75.60 0
39460 -12.41 -71.17 -74.95 0
39461 -12.78 -71.23 -74.76 0
39462 -13.29 -71.42 -74.52 0
39463 -13.82 -71.36 -74.24 0
39465 -19.03 -69.18 -71.26 0
39466 -18.68 -69.50 -71.50 0
39475 -9.89 -69.42 -75.79 0
39476 -10.32 -69.01 -75.61 0
39477 -13.64 -70.80 -74.31 0
39478 -14.09 -70.43 -74.05 0
39479 -14.57 -69.92 -73.79 0
39480 -18.61 -68.91 -71.55 0
39481 -18.39 -69.39 -71.70 0
39488 -14.22 -69.39 -73.92 0
39489 -14.73 -69.02 -73.65 0
39490 -16.11 -68.72 -72.94 0
39491 -16.74 -68.30 -72.60 0
39492 -17.50 -68.53 -72.20 0
39493 -18.16 -68.85 -71.84 0
39494 -18.24 -69.33 -71.81 0
39500 -13.18 -67.06 -74.24 0
39501 -13.47 -67.23 -74.13 0
39502 -14.14 -68.03 -73.87 0
39503 -15.14 -67.90 -73.38 0
39504 -16.02 -67.46 -72.92 0
39505 -16.69 -67.17 -72.57 0
39513 -11.94 -66.13 -74.66 0
39514 -12.46 -66.10 -74.45 0
39515 -13.12 -66.37 -74.21 0
39516 -13.95 -66.08 -73.83 0
39517 -14.71 -66.63 -73.51 0
39518 -15.42 -66.53 -73.17 0
39519 -15.93 -66.24 -72.91 0
39525 -12.19 -65.37 -74.49 0
39526 -12.77 -65.01 -74.23 0
39527 -13.55 -64.97 -73.93 0
39528 -13.89 -65.22 -73.80 0
39535 -12.89 -63.93 -74.11 0
39536 -13.18 -64.41 -74.04 0
40739 -10.97 -70.54 -75.54 0
40740 -11.35 -70.60 -75.38 0
40741 -11.81 -70.73 -75.19 0
40742 -12.20 -70.80 -75.02 0
40754 -10.72 -69.41 -75.52 0
40755 -11.17 -69.78 -75.38 0
40756 -11.69 -69.91 -75.17 0
40757 -12.16 -70.09 -74.98 0
40758 -12.61 -70.45 -74.79 0
40759 -13.12 -70.60 -74.56 0
40760 -13.40 -70.72 -74.42 0
40772 -10.72 -68.48 -75.41 0
40773 -11.12 -68.78 -75.29 0
40774 -11.58 -69.02 -75.13 0
40775 -12.07 -69.21 -74.93 0
40776 -12.56 -69.46 -74.73 0
40777 -13.05 -69.74 -74.53 0
40778 -13.57 -70.04 -74.29 0
40779 -13.93 -69.76 -74.09 0
40781 -18.53 -68.22 -71.60 0
40790 -11.06 -67.92 -75.22 0
40791 -11.48 -68.11 -75.07 0
40792 -11.96 -68.31 -74.89 0
40793 -12.48 -68.49 -74.68 0
40794 -12.99 -68.77 -74.47 0
40795 -13.44 -69.10 -74.29 0
40796 -13.84 -69.17 -74.10 0
40797 -17.31 -67.19 -72.25 0
40798 -18.00 -67.75 -71.90 0
40799 -18.27 -68.14 -71.76 0
40803 -11.37 -67.15 -75.00 0
40804 -11.83 -67.46 -74.85 0
40805 -12.32 -67.60 -74.66 0
40806 -12.95 -67.58 -74.39 0
40807 -13.46 -68.23 -74.21 0
40808 -13.72 -68.64 -74.12 0
40809 -16.48 -66.19 -72.64 0
40815 -11.69 -66.75 -74.82 0
40816 -12.14 -66.82 -74.66 0
40817 -12.60 -66.90 -74.47 0
40818 -14.55 -65.56 -73.53 0
40819 -15.06 -65.64 -73.30 0
40820 -15.64 -65.28 -73.02 0
40829 -13.78 -64.32 -73.79 0
40830 -14.17 -64.61 -73.65 0
40831 -14.82 -64.83 -73.38 0
40832 -15.19 -64.97 -73.22 0
40838 -12.96 -62.80 -74.03 0
40839 -13.50 -63.74 -73.88 0
40840 -13.90 -63.98 -73.73 0
42045 -14.42 -63.82 -73.52 0
42046 -14.71 -64.06 -73.40 0
42050 -13.57 -62.27 -73.80 0
42051 -14.14 -63.23 -73.62 0
