# Label from mne_analyze
1210
128216 -14.94 64.77 -21.66 0
128217 -16.50 65.42 -21.96 0
128218 -17.88 66.24 -22.13 0
128219 -18.63 66.79 -22.19 0
128220 -23.95 67.22 -22.71 0
128221 -23.69 67.88 -22.60 0
128229 -19.27 65.89 -22.48 0
128230 -21.09 66.48 -22.62 0
128231 -22.75 66.81 -22.72 0
128232 -23.40 67.52 -22.65 0
128249 -21.95 72.72 -21.85 0
128250 -22.03 72.67 -21.87 0
128251 -22.09 72.69 -21.88 0
128259 -22.00 72.82 -21.84 0
128260 -22.05 72.77 -21.86 0
128261 -22.08 72.73 -21.88 0
129097 -14.65 67.41 -21.01 0
129098 -15.93 67.82 -21.32 0
129099 -17.12 68.32 -21.55 0
129100 -17.76 68.61 -21.67 0
129101 -25.46 68.41 -22.53 0
129102 -25.06 69.30 -22.42 0
129110 -12.26 65.79 -20.53 0
129111 -13.95 66.00 -21.07 0
129112 -15.48 66.40 -21.46 0
129113 -16.87 67.01 -21.73 0
129114 -18.30 67.91 -21.91 0
129115 -19.14 68.75 -21.93 0
129116 -24.66 67.78 -22.63 0
129117 -24.23 68.63 -22.50 0
129123 -8.49 63.62 -19.42 0
129124 -11.15 63.82 -20.55 0
129125 -13.20 64.25 -21.22 0
129126 -19.04 67.14 -22.20 0
129127 -19.95 68.01 -22.19 0
129128 -21.87 68.27 -22.40 0
129129 -23.18 68.19 -22.53 0
129140 -21.76 72.77 -21.80 0
129141 -21.79 72.64 -21.83 0
129142 -21.91 72.52 -21.87 0
129143 -22.10 72.59 -21.89 0
129150 -21.81 72.88 -21.78 0
129151 -21.91 72.89 -21.81 0
129152 -22.08 72.92 -21.84 0
129153 -22.16 72.79 -21.88 0
129157 -21.81 72.94 -21.77 0
129158 -21.84 72.97 -21.78 0
129998 -29.90 72.42 -21.66 0
130005 -28.92 72.42 -21.83 0
130014 -27.74 70.48 -22.13 0
130015 -28.06 71.95 -21.97 0
130022 -14.46 69.18 -20.62 0
130023 -15.40 69.55 -20.86 0
130024 -15.92 69.82 -20.97 0
130025 -26.62 69.57 -22.32 0
130026 -26.81 70.46 -22.21 0
130027 -27.18 71.59 -22.09 0
130033 -14.14 68.29 -20.68 0
130034 -15.15 68.58 -20.95 0
130035 -16.29 69.24 -21.17 0
130036 -17.54 69.37 -21.49 0
130037 -17.96 69.90 -21.50 0
130038 -26.12 69.13 -22.40 0
130039 -25.84 69.97 -22.32 0
130040 -26.38 71.24 -22.17 0
130048 -11.82 67.11 -20.11 0
130049 -13.20 67.37 -20.54 0
130050 -18.04 68.84 -21.70 0
130051 -18.54 69.50 -21.69 0
130052 -24.69 70.20 -22.31 0
130053 -25.52 71.52 -22.17 0
130060 -8.28 65.85 -18.90 0
130061 -10.20 66.17 -19.67 0
130062 -19.75 69.62 -21.90 0
130063 -21.13 70.06 -22.04 0
130064 -23.12 70.07 -22.26 0
130065 -24.34 71.72 -22.14 0
130071 -8.85 67.04 -18.97 0
130072 -21.27 72.27 -21.77 0
130073 -21.34 71.62 -21.87 0
130074 -22.21 71.45 -22.01 0
130075 -23.26 72.08 -22.05 0
130083 -21.56 72.64 -21.77 0
130084 -21.64 72.31 -21.84 0
130085 -21.95 72.20 -21.90 0
130086 -22.48 72.67 -21.92 0
130094 -21.70 72.85 -21.76 0
130095 -21.88 73.13 -21.76 0
130096 -22.06 73.16 -21.80 0
130097 -22.27 73.13 -21.84 0
130103 -21.77 72.92 -21.77 0
130104 -21.78 73.03 -21.75 0
130852 -31.39 75.19 -21.08 0
130868 -30.85 74.50 -21.29 0
130882 -29.80 74.61 -21.52 0
130883 -30.18 73.94 -21.49 0
130898 -29.48 74.58 -21.59 0
130899 -29.30 73.82 -21.66 0
130911 -14.20 70.45 -20.33 0
130912 -14.93 70.71 -20.53 0
130913 -15.32 70.93 -20.62 0
130914 -28.31 73.25 -21.84 0
130924 -13.99 69.75 -20.38 0
130925 -14.79 70.02 -20.59 0
130926 -15.75 70.50 -20.81 0
130927 -16.33 70.95 -20.91 0
130928 -27.51 72.72 -21.97 0
130934 -12.15 68.86 -19.91 0
130935 -13.25 68.91 -20.28 0
130936 -16.24 70.02 -21.03 0
130937 -16.97 70.51 -21.14 0
130938 -17.64 70.10 -21.39 0
130939 -26.52 72.70 -22.03 0
130944 -11.13 68.15 -19.67 0
130945 -12.31 68.08 -20.11 0
130946 -17.63 71.06 -21.21 0
130947 -18.08 70.65 -21.39 0
130948 -25.32 73.28 -22.02 0
130949 -25.32 74.21 -21.96 0
130954 -9.64 67.97 -19.14 0
130955 -19.50 70.99 -21.62 0
130956 -20.24 70.42 -21.85 0
130957 -24.14 73.18 -21.99 0
130958 -24.79 74.26 -21.92 0
130961 -8.41 68.11 -18.62 0
130962 -20.61 72.07 -21.67 0
130963 -20.57 71.03 -21.82 0
130964 -23.26 73.40 -21.91 0
130965 -23.86 74.36 -21.84 0
130969 -21.17 72.69 -21.68 0
130970 -21.80 73.75 -21.64 0
130971 -22.16 73.90 -21.69 0
130972 -22.62 73.76 -21.79 0
130973 -23.18 74.33 -21.78 0
130980 -21.53 72.98 -21.71 0
130981 -21.69 73.30 -21.69 0
130982 -21.97 73.45 -21.73 0
130983 -22.22 73.48 -21.78 0
130992 -21.70 72.96 -21.74 0
130993 -21.68 73.06 -21.72 0
131753 -31.25 76.19 -21.00 0
131754 -31.86 75.96 -20.85 0
131770 -30.32 75.80 -21.29 0
131771 -30.81 75.51 -21.20 0
131783 -29.92 75.35 -21.43 0
131784 -30.32 74.95 -21.38 0
131800 -29.58 75.01 -21.53 0
131801 -29.21 74.86 -21.60 0
131815 -13.81 70.90 -20.12 0
131816 -14.43 71.10 -20.30 0
131817 -15.05 71.28 -20.48 0
131818 -28.54 74.50 -21.72 0
131832 -12.35 70.18 -19.75 0
131833 -13.24 70.21 -20.05 0
131834 -15.55 71.26 -20.64 0
131835 -16.01 71.31 -20.76 0
131836 -27.47 74.10 -21.86 0
131848 -11.55 69.61 -19.56 0
131849 -12.51 69.56 -19.91 0
131850 -16.60 71.49 -20.88 0
131851 -26.27 74.45 -21.92 0
131852 -26.13 75.23 -21.87 0
131858 -10.24 69.24 -19.15 0
131859 -17.51 71.77 -21.05 0
131860 -17.93 71.33 -21.24 0
131861 -25.61 74.25 -21.95 0
131862 -25.54 75.06 -21.87 0
131865 -9.01 69.13 -18.71 0
131866 -18.05 72.45 -21.04 0
131867 -18.48 71.87 -21.25 0
131868 -24.54 75.46 -21.78 0
131872 -7.95 69.21 -18.27 0
131873 -19.67 72.80 -21.34 0
131874 -20.44 74.08 -21.28 0
131875 -21.22 74.95 -21.30 0
131876 -22.08 75.50 -21.39 0
131877 -23.27 75.57 -21.61 0
131881 -20.75 73.08 -21.53 0
131882 -21.31 73.74 -21.53 0
131883 -21.85 74.41 -21.54 0
131884 -22.48 74.61 -21.63 0
131885 -22.89 74.56 -21.72 0
131893 -21.26 73.15 -21.62 0
131894 -21.46 73.28 -21.64 0
132646 -31.05 77.10 -20.94 0
132647 -31.64 76.97 -20.79 0
132648 -32.29 76.80 -20.61 0
132661 -30.22 76.57 -21.23 0
132662 -30.69 76.43 -21.13 0
132679 -29.94 76.02 -21.35 0
132694 -29.48 75.69 -21.48 0
132695 -28.84 75.53 -21.59 0
132705 -12.49 71.28 -19.59 0
132706 -13.21 71.22 -19.86 0
132707 -13.96 71.52 -20.06 0
132708 -14.64 71.76 -20.25 0
132709 -28.08 75.46 -21.69 0
132721 -11.81 70.79 -19.44 0
132722 -12.62 70.74 -19.74 0
132723 -15.41 71.94 -20.47 0
132724 -15.75 71.63 -20.63 0
132725 -27.07 75.66 -21.77 0
132726 -26.84 76.43 -21.73 0
132740 -10.66 70.45 -19.08 0
132741 -15.72 72.24 -20.50 0
132742 -16.03 72.05 -20.63 0
132743 -26.44 75.35 -21.85 0
132744 -26.28 76.09 -21.78 0
132753 -9.49 70.16 -18.71 0
132754 -16.77 72.39 -20.74 0
132755 -25.36 76.60 -21.72 0
132756 -25.04 77.51 -21.62 0
132759 -7.99 70.30 -18.12 0
132760 -8.36 70.07 -18.30 0
132761 -17.60 73.09 -20.80 0
132762 -18.57 73.11 -21.03 0
132763 -21.29 77.15 -20.92 0
132764 -21.61 77.28 -20.97 0
132765 -24.38 76.91 -21.60 0
132766 -24.69 77.89 -21.54 0
132769 -7.52 70.02 -17.98 0
132770 -7.94 69.77 -18.19 0
132771 -18.28 74.07 -20.76 0
132772 -19.31 74.42 -20.94 0
132773 -20.33 75.48 -20.99 0
132774 -21.26 76.52 -21.02 0
132775 -22.41 76.96 -21.22 0
132776 -23.54 77.41 -21.39 0
133506 -30.93 77.60 -20.91 0
133507 -31.30 77.96 -20.75 0
133508 -32.03 77.83 -20.55 0
133509 -32.69 77.70 -20.37 0
133529 -30.11 76.99 -21.20 0
133530 -30.46 77.45 -21.05 0
133531 -30.87 77.88 -20.88 0
133552 -29.73 76.70 -21.31 0
133553 -29.99 77.23 -21.19 0
133567 -29.14 76.35 -21.47 0
133568 -28.60 76.36 -21.54 0
133578 -12.00 71.76 -19.32 0
133579 -12.81 71.92 -19.57 0
133580 -13.53 71.99 -19.82 0
133581 -14.13 72.20 -19.99 0
133582 -27.92 76.59 -21.60 0
133596 -11.04 71.56 -19.00 0
133597 -14.83 72.53 -20.14 0
133598 -27.26 76.88 -21.65 0
133599 -26.73 77.09 -21.67 0
133613 -9.41 71.81 -18.36 0
133614 -9.81 71.35 -18.60 0
133615 -15.72 72.76 -20.37 0
133616 -16.28 72.63 -20.56 0
133617 -26.14 77.34 -21.66 0
133630 -8.93 71.49 -18.25 0
133631 -8.85 70.73 -18.37 0
133632 -15.88 73.77 -20.16 0
133633 -16.59 73.35 -20.48 0
133634 -19.84 77.96 -20.35 0
133635 -20.17 78.11 -20.41 0
133636 -25.59 77.83 -21.61 0
133637 -25.14 78.33 -21.53 0
133641 -8.08 70.82 -18.06 0
133642 -8.43 70.53 -18.25 0
133643 -16.46 74.36 -20.19 0
133644 -17.44 74.49 -20.43 0
133645 -19.29 76.91 -20.42 0
133646 -19.75 77.41 -20.44 0
133647 -20.99 77.65 -20.74 0
133648 -22.08 78.13 -20.93 0
133649 -24.24 77.95 -21.46 0
133650 -24.65 78.75 -21.42 0
133657 -7.09 70.86 -17.66 0
133658 -18.49 75.23 -20.56 0
133659 -19.33 76.22 -20.57 0
133660 -20.43 76.71 -20.78 0
133661 -20.90 76.96 -20.85 0
133662 -23.01 78.33 -21.13 0
133663 -23.90 78.75 -21.27 0
133664 -24.42 79.48 -21.26 0
134426 -31.27 78.96 -20.60 0
134427 -31.79 78.83 -20.47 0
134428 -32.42 78.73 -20.30 0
134445 -30.22 78.45 -20.94 0
134446 -30.78 78.52 -20.80 0
134447 -33.06 78.64 -20.11 0
134462 -29.23 77.01 -21.37 0
134463 -29.65 77.78 -21.17 0
134480 -28.92 76.79 -21.45 0
134481 -28.70 77.46 -21.38 0
134497 -11.50 72.36 -19.00 0
134498 -12.38 72.66 -19.25 0
134499 -13.28 72.65 -19.59 0
134500 -13.76 72.44 -19.80 0
134501 -17.58 80.87 -18.84 0
134502 -17.78 80.92 -18.90 0
134503 -27.81 77.73 -21.48 0
134518 -9.34 73.52 -17.97 0
134519 -9.61 73.29 -18.11 0
134520 -10.44 72.66 -18.54 0
134521 -11.67 73.21 -18.86 0
134522 -13.50 73.35 -19.49 0
134523 -14.08 72.95 -19.79 0
134524 -17.56 80.57 -18.91 0
134525 -18.08 80.53 -19.10 0
134526 -18.63 80.39 -19.34 0
134527 -27.17 77.83 -21.55 0
134528 -26.68 78.03 -21.56 0
134545 -9.02 73.32 -17.90 0
134546 -9.20 72.40 -18.16 0
134547 -9.71 72.04 -18.42 0
134548 -14.05 73.91 -19.53 0
134549 -14.98 73.61 -19.92 0
134550 -17.55 79.80 -19.10 0
134551 -18.23 79.64 -19.39 0
134552 -19.11 79.75 -19.66 0
134553 -19.99 79.73 -19.96 0
134554 -26.17 78.41 -21.53 0
134575 -8.29 72.83 -17.74 0
134576 -8.23 71.88 -17.90 0
134577 -14.69 74.55 -19.58 0
134578 -15.65 74.78 -19.82 0
134579 -17.61 78.93 -19.35 0
134580 -18.35 78.44 -19.74 0
134581 -19.57 78.36 -20.16 0
134582 -20.68 79.14 -20.32 0
134583 -25.65 78.80 -21.49 0
134584 -25.22 79.18 -21.42 0
134598 -7.50 72.31 -17.55 0
134599 -7.39 71.52 -17.66 0
134600 -16.75 75.40 -20.00 0
134601 -17.87 75.99 -20.20 0
134602 -18.77 77.12 -20.21 0
134603 -19.37 77.63 -20.28 0
134604 -21.72 79.11 -20.64 0
134605 -22.70 79.42 -20.85 0
134606 -23.41 80.12 -20.91 0
134607 -24.90 79.66 -21.31 0
134622 -18.68 76.21 -20.39 0
134623 -18.93 76.51 -20.40 0
134624 -23.41 79.32 -21.06 0
134625 -24.02 79.98 -21.09 0
134626 -24.63 80.24 -21.16 0
135322 -30.91 79.73 -20.56 0
135323 -31.54 79.76 -20.39 0
135324 -32.14 79.73 -20.22 0
135332 -29.76 79.27 -20.90 0
135333 -30.40 79.23 -20.77 0
135334 -32.77 79.68 -20.04 0
135335 -33.42 79.61 -19.85 0
135341 -16.88 82.72 -18.12 0
135342 -17.65 83.36 -18.20 0
135343 -18.09 83.71 -18.24 0
135344 -29.08 78.65 -21.13 0
135350 -16.90 81.79 -18.37 0
135351 -17.58 82.26 -18.48 0
135352 -18.38 83.06 -18.52 0
135353 -19.06 83.23 -18.70 0
135354 -28.32 78.77 -21.24 0
135359 -12.44 73.49 -19.08 0
135360 -12.95 73.24 -19.33 0
135361 -16.54 80.97 -18.45 0
135362 -17.39 81.13 -18.71 0
135363 -18.26 81.54 -18.90 0
135364 -19.08 82.40 -18.94 0
135365 -27.48 78.85 -21.36 0
135366 -27.26 79.41 -21.30 0
135376 -9.39 73.98 -17.88 0
135377 -10.30 73.95 -18.20 0
135378 -11.13 73.84 -18.51 0
135379 -12.12 74.30 -18.75 0
135380 -13.13 74.03 -19.19 0
135381 -16.21 80.20 -18.52 0
135382 -16.92 80.17 -18.78 0
135383 -18.54 80.89 -19.17 0
135384 -19.16 81.14 -19.32 0
135385 -20.03 81.42 -19.53 0
135386 -27.04 78.45 -21.48 0
135387 -26.82 79.10 -21.39 0
135399 -7.82 74.20 -17.31 0
135400 -8.30 73.99 -17.51 0
135401 -12.99 74.96 -18.88 0
135402 -13.91 74.96 -19.20 0
135403 -16.29 79.53 -18.72 0
135404 -16.85 79.02 -19.05 0
135405 -19.82 80.57 -19.69 0
135406 -20.74 80.82 -19.93 0
135407 -21.64 81.12 -20.15 0
135408 -26.12 79.42 -21.38 0
135419 -7.48 73.94 -17.24 0
135420 -7.52 73.17 -17.39 0
135421 -14.85 75.50 -19.36 0
135422 -15.98 76.30 -19.51 0
135423 -17.05 77.76 -19.46 0
135424 -18.05 77.50 -19.87 0
135425 -21.56 80.22 -20.34 0
135426 -22.26 81.00 -20.37 0
135427 -25.64 79.64 -21.37 0
135428 -25.34 79.92 -21.32 0
135439 -17.10 76.49 -19.82 0
135440 -17.85 77.01 -19.93 0
135441 -18.23 77.21 -20.01 0
135442 -22.25 80.10 -20.58 0
135443 -23.00 80.77 -20.64 0
135444 -23.91 81.12 -20.83 0
135445 -25.11 80.39 -21.20 0
135457 -24.40 80.78 -21.02 0
135458 -24.91 81.13 -21.01 0
136146 -30.75 80.81 -20.41 0
136147 -31.26 80.66 -20.30 0
136148 -31.84 80.66 -20.14 0
136154 -15.28 83.70 -17.32 0
136155 -16.15 84.36 -17.41 0
136156 -16.99 84.98 -17.49 0
136157 -17.50 85.39 -17.52 0
136158 -29.74 80.61 -20.65 0
136159 -30.31 80.18 -20.62 0
136160 -32.46 80.69 -19.95 0
136161 -33.11 80.69 -19.76 0
136167 -15.23 82.48 -17.63 0
136168 -16.09 83.17 -17.73 0
136169 -16.96 83.86 -17.82 0
136170 -17.97 84.56 -17.94 0
136171 -18.69 84.89 -18.07 0
136172 -28.93 80.00 -20.91 0
136173 -33.77 80.65 -19.56 0
136178 -15.12 81.30 -17.89 0
136179 -16.08 81.87 -18.06 0
136180 -18.35 83.86 -18.28 0
136181 -18.93 84.11 -18.39 0
136182 -27.91 79.98 -21.09 0
136183 -27.65 80.52 -21.02 0
136188 -9.91 75.68 -17.67 0
136189 -10.54 75.57 -17.89 0
136190 -10.91 75.77 -17.96 0
136191 -15.01 80.26 -18.10 0
136192 -15.75 80.71 -18.24 0
136193 -19.82 83.33 -18.92 0
136194 -20.56 83.39 -19.14 0
136195 -27.48 79.59 -21.24 0
136196 -27.26 80.13 -21.15 0
136206 -9.10 75.02 -17.56 0
136207 -10.06 74.88 -17.90 0
136208 -11.15 75.12 -18.20 0
136209 -12.32 75.49 -18.51 0
136210 -14.98 79.71 -18.22 0
136211 -15.52 79.67 -18.41 0
136212 -19.76 82.15 -19.24 0
136213 -20.66 82.44 -19.45 0
136214 -26.53 80.16 -21.21 0
136224 -7.68 74.71 -17.17 0
136225 -8.37 74.81 -17.37 0
136226 -13.47 76.02 -18.75 0
136227 -14.22 75.78 -19.07 0
136228 -15.92 78.62 -18.83 0
136229 -16.54 78.36 -19.12 0
136230 -21.50 81.88 -19.89 0
136231 -22.11 81.68 -20.15 0
136232 -25.88 80.40 -21.22 0
136233 -25.72 80.76 -21.15 0
136243 -13.90 76.75 -18.68 0
136244 -14.66 76.64 -18.96 0
136245 -15.82 77.54 -19.10 0
136246 -16.34 78.07 -19.12 0
136247 -22.95 82.07 -20.30 0
136248 -25.60 80.12 -21.30 0
136249 -25.53 80.53 -21.20 0
136264 -23.44 81.58 -20.58 0
136922 -4.82 88.23 -13.57 0
136923 -5.75 88.29 -13.72 0
136924 -6.62 88.28 -13.88 0
136925 -7.38 88.21 -14.06 0
136926 -7.98 88.10 -14.22 0
136943 -5.35 87.39 -13.92 0
136944 -6.21 87.42 -14.07 0
136945 -6.97 87.45 -14.20 0
136946 -7.63 87.40 -14.35 0
136947 -14.47 85.57 -16.54 0
136948 -15.46 86.11 -16.66 0
136949 -16.30 86.60 -16.75 0
136950 -16.81 86.93 -16.79 0
136951 -30.69 81.35 -20.32 0
136952 -31.01 81.51 -20.20 0
136953 -31.51 81.49 -20.07 0
136965 -5.01 86.51 -14.11 0
136966 -5.85 86.61 -14.24 0
136967 -6.74 86.50 -14.44 0
136968 -7.28 86.90 -14.42 0
136969 -14.43 84.27 -16.90 0
136970 -15.34 84.93 -16.99 0
136971 -16.23 85.52 -17.08 0
136972 -17.11 86.16 -17.14 0
136973 -29.79 81.31 -20.50 0
136974 -30.28 81.46 -20.37 0
136975 -30.72 81.65 -20.25 0
136976 -32.11 81.64 -19.87 0
136977 -32.77 81.73 -19.66 0
136989 -4.68 85.61 -14.28 0
136990 -5.61 85.81 -14.41 0
136991 -6.20 86.05 -14.46 0
136992 -14.40 83.01 -17.23 0
136993 -17.91 85.86 -17.49 0
136994 -18.59 85.61 -17.79 0
136995 -29.32 81.49 -20.54 0
136996 -29.80 81.67 -20.42 0
136997 -33.44 81.77 -19.46 0
137003 -14.37 81.83 -17.51 0
137004 -19.24 85.26 -18.11 0
137005 -28.32 81.25 -20.75 0
137006 -27.86 80.75 -20.95 0
137012 -9.98 76.20 -17.58 0
137013 -10.44 76.09 -17.74 0
137014 -10.77 75.96 -17.87 0
137015 -14.29 80.69 -17.76 0
137016 -19.90 84.70 -18.51 0
137017 -20.60 84.19 -18.90 0
137018 -27.92 81.81 -20.68 0
137019 -27.55 81.24 -20.86 0
137031 -9.32 76.36 -17.34 0
137032 -10.26 76.71 -17.54 0
137033 -11.21 76.46 -17.89 0
137034 -11.78 75.92 -18.21 0
137035 -14.39 79.51 -18.08 0
137036 -14.98 79.44 -18.28 0
137037 -21.14 83.60 -19.26 0
137038 -26.82 81.03 -20.99 0
137048 -7.53 75.85 -16.91 0
137049 -8.38 75.55 -17.22 0
137050 -11.95 77.16 -17.94 0
137051 -12.45 76.64 -18.24 0
137052 -14.21 78.36 -18.33 0
137053 -15.00 78.91 -18.43 0
137054 -21.65 82.90 -19.65 0
137055 -22.14 82.34 -19.98 0
137056 -25.77 80.81 -21.14 0
137071 -13.38 76.97 -18.45 0
137072 -14.09 77.39 -18.56 0
137073 -14.95 77.90 -18.70 0
137677 -8.42 90.45 -13.58 0
137678 -8.66 90.23 -13.71 0
137693 -3.65 90.09 -12.72 0
137694 -4.77 90.20 -12.91 0
137695 -5.83 90.19 -13.13 0
137696 -6.83 90.13 -13.34 0
137697 -7.97 90.14 -13.58 0
137698 -8.74 89.43 -13.98 0
137699 -9.14 88.80 -14.27 0
137700 -13.57 88.26 -15.47 0
137701 -13.90 88.34 -15.52 0
137702 -14.57 88.53 -15.62 0
137718 -4.26 89.13 -13.17 0
137719 -5.28 89.21 -13.34 0
137720 -6.24 89.21 -13.52 0
137721 -7.17 89.14 -13.73 0
137722 -7.97 88.91 -13.97 0
137723 -8.56 88.46 -14.24 0
137724 -9.19 88.00 -14.52 0
137725 -9.62 87.51 -14.76 0
137726 -13.49 87.78 -15.60 0
137727 -14.20 87.66 -15.81 0
137728 -15.15 88.05 -15.93 0
137729 -15.85 88.05 -16.12 0
137743 -8.36 87.52 -14.47 0
137744 -9.03 86.94 -14.79 0
137745 -9.80 86.96 -14.96 0
137746 -12.71 85.95 -15.94 0
137747 -13.33 86.41 -15.97 0
137748 -14.72 86.84 -16.22 0
137749 -15.67 87.21 -16.36 0
137750 -16.50 87.62 -16.45 0
137751 -31.03 81.91 -20.11 0
137752 -31.21 81.94 -20.06 0
137756 -7.05 86.01 -14.63 0
137757 -7.79 86.26 -14.71 0
137758 -8.90 86.01 -15.01 0
137759 -12.70 85.31 -16.11 0
137760 -13.53 84.86 -16.47 0
137761 -17.34 87.33 -16.80 0
137762 -18.01 87.35 -17.01 0
137763 -30.32 82.39 -20.14 0
137764 -30.86 82.28 -20.05 0
137765 -31.62 82.55 -19.80 0
137766 -32.41 82.74 -19.55 0
137777 -4.26 84.66 -14.41 0
137778 -5.31 84.80 -14.59 0
137779 -6.61 85.30 -14.72 0
137780 -7.80 84.75 -15.10 0
137781 -12.70 84.03 -16.45 0
137782 -13.55 83.53 -16.83 0
137783 -17.77 86.69 -17.17 0
137784 -18.48 86.75 -17.36 0
137785 -29.30 82.34 -20.34 0
137786 -29.80 82.43 -20.23 0
137787 -33.09 82.85 -19.35 0
137800 -4.79 83.71 -14.73 0
137801 -5.92 83.78 -14.94 0
137802 -7.08 83.75 -15.19 0
137803 -8.02 83.63 -15.42 0
137804 -12.68 82.73 -16.76 0
137805 -13.56 82.28 -17.14 0
137806 -19.26 86.36 -17.75 0
137807 -28.83 82.33 -20.41 0
137814 -12.68 81.33 -17.10 0
137815 -13.63 81.23 -17.42 0
137816 -20.01 85.90 -18.14 0
137817 -20.78 85.42 -18.55 0
137818 -28.19 82.42 -20.49 0
137819 -27.62 82.35 -20.58 0
137834 -8.86 77.56 -16.95 0
137835 -9.85 77.61 -17.21 0
137836 -10.77 77.61 -17.47 0
137837 -12.27 80.25 -17.24 0
137838 -13.21 80.02 -17.59 0
137839 -21.37 84.68 -18.99 0
137840 -26.96 82.14 -20.69 0
137854 -7.41 76.91 -16.69 0
137855 -8.26 76.62 -16.98 0
137856 -11.61 77.70 -17.70 0
137857 -12.56 77.86 -17.94 0
137858 -13.42 78.74 -17.98 0
137859 -21.98 83.98 -19.41 0
137860 -22.46 83.13 -19.83 0
137861 -26.36 81.63 -20.87 0
137873 -12.95 77.30 -18.22 0
137874 -13.43 77.76 -18.24 0
137875 -22.51 83.87 -19.61 0
137880 -23.19 82.72 -20.19 0
138413 -12.25 90.77 -14.37 0
138414 -13.15 90.72 -14.57 0
138415 -13.98 90.82 -14.70 0
138416 -14.67 90.97 -14.78 0
138417 -15.08 91.10 -14.82 0
138428 -6.11 92.14 -12.54 0
138429 -7.04 91.97 -12.79 0
138430 -7.93 91.73 -13.06 0
138431 -8.62 90.99 -13.46 0
138432 -9.52 90.18 -13.93 0
138433 -10.69 89.88 -14.30 0
138434 -11.71 89.73 -14.58 0
138435 -12.70 89.72 -14.80 0
138436 -13.65 89.87 -14.96 0
138437 -14.51 90.14 -15.05 0
138438 -15.13 90.57 -15.03 0
138451 -2.92 91.10 -12.21 0
138452 -4.22 91.34 -12.40 0
138453 -5.42 91.26 -12.68 0
138454 -6.43 91.12 -12.94 0
138455 -7.37 91.01 -13.17 0
138456 -7.97 90.96 -13.32 0
138457 -9.32 89.30 -14.16 0
138458 -9.87 88.82 -14.43 0
138459 -11.03 88.70 -14.74 0
138460 -12.14 88.61 -15.02 0
138461 -13.29 88.64 -15.28 0
138462 -14.22 89.16 -15.32 0
138463 -15.36 89.44 -15.49 0
138464 -16.22 89.62 -15.65 0
138477 -9.75 88.00 -14.65 0
138478 -10.29 87.69 -14.86 0
138479 -11.45 87.48 -15.20 0
138480 -12.64 87.38 -15.51 0
138481 -15.66 88.58 -15.88 0
138482 -16.26 88.78 -15.97 0
138502 -9.56 86.31 -15.08 0
138503 -10.51 86.39 -15.27 0
138504 -12.08 86.11 -15.73 0
138505 -12.69 86.63 -15.74 0
138506 -17.20 88.47 -16.35 0
138514 -8.56 85.31 -15.12 0
138515 -9.56 85.28 -15.35 0
138516 -10.80 84.93 -15.72 0
138517 -11.85 84.52 -16.09 0
138518 -17.93 88.13 -16.70 0
138519 -18.53 87.86 -16.98 0
138520 -30.35 83.41 -19.87 0
138521 -31.17 83.75 -19.62 0
138522 -32.07 84.01 -19.35 0
138523 -32.74 83.69 -19.26 0
138531 -8.76 84.27 -15.42 0
138532 -9.85 83.76 -15.78 0
138533 -10.97 83.52 -16.10 0
138534 -11.86 83.25 -16.40 0
138535 -19.23 87.54 -17.31 0
138536 -29.24 83.12 -20.14 0
138537 -29.71 83.59 -19.94 0
138538 -32.72 84.61 -19.07 0
138554 -5.29 82.61 -15.07 0
138555 -6.45 82.57 -15.32 0
138556 -7.65 82.50 -15.60 0
138557 -8.82 82.91 -15.75 0
138558 -9.67 82.66 -15.99 0
138559 -11.23 82.70 -16.35 0
138560 -11.72 82.00 -16.66 0
138561 -20.02 87.09 -17.72 0
138562 -28.59 83.40 -20.16 0
138577 -5.80 81.31 -15.45 0
138578 -6.95 81.49 -15.67 0
138579 -7.76 81.42 -15.86 0
138580 -11.71 80.79 -16.94 0
138581 -20.81 86.59 -18.15 0
138582 -21.16 86.07 -18.45 0
138583 -27.85 83.36 -20.26 0
138584 -27.24 83.12 -20.39 0
138601 -7.28 78.98 -16.27 0
138602 -8.26 78.63 -16.57 0
138603 -9.40 78.69 -16.84 0
138604 -10.47 78.76 -17.10 0
138605 -11.41 79.62 -17.14 0
138606 -12.31 79.50 -17.44 0
138607 -21.44 86.49 -18.39 0
138608 -21.59 85.75 -18.69 0
138609 -26.80 83.04 -20.45 0
138620 -7.36 77.95 -16.49 0
138621 -8.03 77.53 -16.74 0
138622 -11.24 78.47 -17.39 0
138623 -11.97 78.68 -17.55 0
138624 -12.69 78.96 -17.69 0
138625 -22.07 85.11 -19.06 0
138626 -26.32 82.54 -20.61 0
138627 -25.87 82.20 -20.72 0
138633 -22.60 84.56 -19.40 0
138634 -22.98 83.79 -19.77 0
138635 -26.07 81.91 -20.81 0
138636 -25.70 81.28 -20.99 0
138641 -23.35 83.20 -20.07 0
138642 -23.45 82.63 -20.28 0
139130 -12.19 92.52 -13.77 0
139131 -12.55 92.43 -13.87 0
139132 -13.26 92.28 -14.06 0
139133 -13.89 92.18 -14.21 0
139144 -9.36 93.03 -12.97 0
139145 -9.72 92.79 -13.13 0
139146 -10.56 92.36 -13.46 0
139147 -11.75 92.07 -13.83 0
139148 -12.76 91.63 -14.18 0
139149 -13.57 91.55 -14.37 0
139150 -14.34 91.66 -14.48 0
139151 -14.95 91.55 -14.64 0
139166 -5.94 92.95 -12.23 0
139167 -6.70 92.97 -12.39 0
139168 -7.70 92.88 -12.64 0
139169 -8.86 92.58 -13.00 0
139170 -9.65 91.67 -13.48 0
139171 -10.60 91.15 -13.87 0
139172 -11.40 90.72 -14.20 0
139173 -15.56 91.30 -14.86 0
139174 -16.11 91.34 -14.98 0
139190 -3.45 92.80 -11.69 0
139191 -5.12 92.57 -12.17 0
139192 -15.57 90.47 -15.17 0
139193 -16.22 90.55 -15.31 0
139203 -17.02 89.69 -15.85 0
139222 -18.10 89.25 -16.33 0
139223 -18.79 89.70 -16.38 0
139235 -18.41 88.53 -16.70 0
139236 -19.08 88.89 -16.77 0
139237 -30.58 85.04 -19.40 0
139238 -31.51 85.24 -19.18 0
139239 -32.31 85.48 -18.96 0
139249 -10.34 82.79 -16.11 0
139250 -10.82 82.75 -16.24 0
139251 -19.99 88.33 -17.26 0
139252 -29.21 84.61 -19.73 0
139253 -29.95 84.41 -19.68 0
139263 -8.47 81.74 -15.94 0
139264 -9.33 81.84 -16.10 0
139265 -10.00 82.04 -16.20 0
139266 -10.75 82.01 -16.39 0
139267 -11.10 81.18 -16.67 0
139268 -20.76 87.83 -17.69 0
139269 -28.20 84.58 -19.86 0
139277 -6.60 80.52 -15.80 0
139278 -7.42 80.64 -15.96 0
139279 -8.26 80.76 -16.11 0
139280 -8.99 81.05 -16.21 0
139281 -11.11 80.41 -16.85 0
139282 -21.48 87.36 -18.08 0
139283 -27.26 84.30 -20.02 0
139284 -26.95 83.57 -20.28 0
139290 -7.04 79.85 -16.04 0
139291 -7.88 79.80 -16.24 0
139292 -9.00 79.96 -16.45 0
139293 -9.94 79.63 -16.75 0
139294 -10.65 79.74 -16.90 0
139295 -10.98 79.99 -16.92 0
139296 -22.14 86.67 -18.53 0
139297 -22.14 85.83 -18.83 0
139298 -26.75 84.61 -19.95 0
139299 -26.50 83.81 -20.21 0
139305 -22.73 86.67 -18.69 0
139306 -22.73 85.80 -19.00 0
139307 -25.66 83.07 -20.43 0
139308 -25.58 82.17 -20.73 0
139313 -23.29 84.81 -19.48 0
139314 -23.63 83.94 -19.87 0
139315 -25.14 83.06 -20.41 0
139316 -25.07 82.14 -20.71 0
139321 -23.82 83.12 -20.20 0
139322 -23.90 82.04 -20.57 0
139323 -24.55 81.87 -20.76 0
139328 -24.01 81.57 -20.75 0
139329 -24.26 81.54 -20.83 0
139818 -11.71 93.58 -13.29 0
139819 -12.26 93.07 -13.59 0
139820 -13.06 93.03 -13.76 0
139821 -13.77 92.86 -13.95 0
139822 -14.52 92.57 -14.20 0
139823 -15.01 92.83 -14.20 0
139837 -9.48 93.71 -12.76 0
139838 -10.41 93.41 -13.07 0
139839 -11.22 93.07 -13.37 0
139840 -11.74 92.95 -13.53 0
139841 -14.77 92.01 -14.44 0
139842 -15.28 92.26 -14.46 0
139843 -15.73 92.22 -14.57 0
139857 -5.58 93.35 -12.01 0
139858 -6.16 93.70 -12.02 0
139859 -7.24 94.14 -12.12 0
139860 -8.42 93.86 -12.47 0
139861 -15.65 91.93 -14.66 0
139862 -16.03 91.95 -14.75 0
139877 -5.10 94.18 -11.60 0
139878 -6.38 94.63 -11.75 0
139879 -6.97 94.87 -11.81 0
139880 -16.61 91.57 -15.04 0
139892 -17.29 90.96 -15.46 0
139893 -18.05 90.90 -15.70 0
139912 -17.81 90.23 -15.87 0
139913 -18.55 90.37 -16.05 0
139925 -19.76 90.58 -16.35 0
139926 -19.42 90.28 -16.36 0
139927 -29.82 86.90 -19.02 0
139928 -30.17 86.55 -19.07 0
139929 -31.03 86.54 -18.94 0
139930 -31.86 86.67 -18.77 0
139942 -19.97 90.43 -16.47 0
139943 -20.09 89.63 -16.81 0
139944 -29.49 86.39 -19.20 0
139945 -29.88 85.40 -19.42 0
139954 -9.51 81.55 -16.20 0
139955 -9.72 81.53 -16.25 0
139956 -10.19 81.44 -16.38 0
139957 -10.59 81.23 -16.52 0
139958 -20.75 89.02 -17.25 0
139959 -28.60 86.03 -19.38 0
139965 -9.47 81.29 -16.25 0
139966 -9.81 81.04 -16.38 0
139967 -10.24 80.83 -16.53 0
139968 -10.69 80.68 -16.67 0
139969 -21.47 88.57 -17.64 0
139970 -27.69 85.79 -19.52 0
139974 -9.41 80.74 -16.37 0
139975 -9.79 80.40 -16.53 0
139976 -10.35 80.24 -16.69 0
139977 -10.75 80.21 -16.80 0
139978 -22.18 87.98 -18.06 0
139979 -26.82 85.52 -19.64 0
139980 -26.42 84.79 -19.89 0
139986 -22.79 87.42 -18.43 0
139987 -23.22 86.77 -18.77 0
139988 -26.17 85.46 -19.65 0
139989 -25.80 84.55 -19.94 0
139995 -23.61 85.90 -19.16 0
139996 -24.13 84.87 -19.63 0
139997 -24.96 84.07 -20.03 0
139998 -24.83 82.95 -20.41 0
140004 -24.19 83.82 -20.02 0
140005 -24.38 83.07 -20.31 0
140006 -24.56 82.42 -20.56 0
140580 -11.69 94.22 -13.05 0
140581 -12.20 94.09 -13.20 0
140582 -12.90 93.89 -13.41 0
140583 -13.62 93.66 -13.64 0
140584 -14.26 93.43 -13.85 0
140585 -14.84 93.34 -14.00 0
140597 -9.69 94.76 -12.42 0
140598 -10.34 94.47 -12.66 0
140599 -11.15 94.08 -12.99 0
140600 -15.38 93.17 -14.17 0
140601 -15.94 92.76 -14.44 0
140611 -8.18 95.08 -11.99 0
140612 -9.06 94.73 -12.30 0
140613 -16.63 92.50 -14.71 0
140629 -7.38 95.14 -11.80 0
140630 -17.33 92.10 -15.05 0
140644 -17.99 91.66 -15.40 0
140645 -18.55 91.28 -15.72 0
140660 -19.09 90.99 -15.99 0
140669 -19.87 91.03 -16.22 0
140670 -19.46 90.92 -16.13 0
140671 -29.79 87.74 -18.78 0
140672 -30.60 87.83 -18.66 0
140673 -31.42 87.93 -18.52 0
140685 -20.65 90.64 -16.62 0
140686 -20.73 89.81 -16.95 0
140687 -28.95 87.53 -18.91 0
140694 -21.26 90.78 -16.76 0
140695 -21.39 89.97 -17.10 0
140696 -28.07 87.29 -19.03 0
140699 -22.25 89.28 -17.60 0
140700 -27.16 87.01 -19.14 0
140704 -22.94 88.56 -18.05 0
140705 -26.26 86.64 -19.24 0
140710 -23.50 87.82 -18.45 0
140711 -23.94 86.98 -18.84 0
140712 -25.50 85.78 -19.49 0
140713 -25.37 84.86 -19.81 0
140718 -24.35 86.12 -19.22 0
140719 -24.85 85.39 -19.56 0
140720 -25.18 85.03 -19.73 0
141273 -11.48 94.58 -12.87 0
141274 -11.90 94.79 -12.87 0
141275 -12.76 95.01 -12.96 0
141276 -13.53 94.51 -13.31 0
141277 -14.20 94.24 -13.54 0
141278 -14.65 93.91 -13.75 0
141287 -9.48 95.23 -12.20 0
141288 -10.08 95.63 -12.16 0
141289 -11.20 95.21 -12.55 0
141290 -12.10 95.60 -12.58 0
141291 -12.64 95.79 -12.62 0
141292 -14.70 94.44 -13.57 0
141293 -15.24 94.10 -13.81 0
141294 -15.96 93.75 -14.10 0
141303 -8.37 95.84 -11.75 0
141304 -9.09 95.76 -11.92 0
141305 -9.69 96.30 -11.81 0
141306 -16.56 93.45 -14.36 0
141322 -7.66 96.04 -11.53 0
141323 -17.29 93.18 -14.66 0
141341 -18.13 92.73 -15.06 0
141342 -18.55 92.00 -15.45 0
141363 -18.97 92.60 -15.37 0
141364 -19.06 91.73 -15.71 0
141380 -19.68 92.15 -15.76 0
141381 -19.44 91.37 -15.96 0
141382 -29.76 88.85 -18.46 0
141383 -30.21 89.01 -18.37 0
141384 -30.98 89.23 -18.23 0
141396 -20.50 91.90 -16.12 0
141397 -29.29 88.86 -18.49 0
141409 -21.30 91.59 -16.48 0
141410 -21.65 90.92 -16.83 0
141411 -28.47 88.82 -18.54 0
141416 -21.96 91.55 -16.70 0
141417 -22.33 90.70 -17.10 0
141418 -27.52 88.57 -18.62 0
141422 -23.13 89.86 -17.62 0
141423 -26.54 88.23 -18.71 0
141428 -23.73 88.98 -18.08 0
141429 -24.32 88.14 -18.49 0
141430 -25.37 87.79 -18.76 0
141435 -24.59 87.10 -18.91 0
141436 -24.94 86.44 -19.20 0
141967 -13.56 95.28 -13.01 0
141968 -14.14 94.97 -13.26 0
141969 -14.50 94.72 -13.43 0
141985 -10.88 96.25 -12.06 0
141986 -11.63 96.28 -12.20 0
141987 -12.45 96.49 -12.28 0
141988 -13.24 96.07 -12.62 0
141989 -14.12 95.85 -12.90 0
141990 -14.95 95.23 -13.33 0
141991 -16.16 94.88 -13.75 0
141992 -16.44 94.11 -14.10 0
142007 -8.55 96.47 -11.54 0
142008 -9.32 96.76 -11.56 0
142009 -10.25 97.04 -11.61 0
142010 -11.23 97.07 -11.78 0
142011 -11.92 97.03 -11.94 0
142012 -16.86 95.15 -13.83 0
142013 -17.07 94.38 -14.17 0
142032 -9.52 97.64 -11.22 0
142033 -17.97 93.93 -14.58 0
142052 -18.78 93.62 -14.94 0
142068 -19.55 93.34 -15.28 0
142084 -20.33 93.11 -15.62 0
142085 -29.74 89.76 -18.19 0
142086 -30.39 90.65 -17.88 0
142097 -21.15 92.84 -15.98 0
142098 -29.03 90.47 -18.00 0
142099 -29.72 90.71 -17.91 0
142112 -21.91 92.51 -16.33 0
142113 -27.95 90.16 -18.11 0
142121 -22.57 92.02 -16.70 0
142122 -23.30 91.30 -17.14 0
142123 -26.92 89.89 -18.17 0
142127 -24.22 90.31 -17.70 0
142128 -25.27 90.19 -17.92 0
142129 -25.94 89.45 -18.25 0
142134 -24.27 89.15 -18.13 0
142135 -24.80 89.13 -18.22 0
142136 -25.35 89.15 -18.30 0
142692 -12.48 97.47 -11.86 0
142693 -13.15 97.15 -12.15 0
142694 -13.97 96.91 -12.43 0
142695 -14.87 96.60 -12.76 0
142696 -15.86 96.26 -13.14 0
142710 -10.45 97.68 -11.36 0
142711 -10.90 98.02 -11.29 0
142712 -11.80 97.78 -11.58 0
142713 -16.88 96.01 -13.51 0
142714 -17.30 95.31 -13.89 0
142730 -10.19 97.96 -11.19 0
142731 -10.39 98.74 -10.87 0
142732 -17.75 96.01 -13.76 0
142733 -17.88 95.01 -14.17 0
142751 -18.50 95.73 -14.08 0
142752 -18.63 94.69 -14.51 0
142770 -19.22 95.42 -14.42 0
142771 -19.37 94.40 -14.84 0
142785 -19.90 95.15 -14.73 0
142786 -20.11 94.20 -15.15 0
142787 -30.40 91.93 -17.51 0
142798 -20.49 94.97 -14.99 0
142799 -20.97 94.21 -15.42 0
142800 -28.99 91.83 -17.58 0
142801 -29.70 91.94 -17.53 0
142811 -21.83 93.75 -15.86 0
142812 -28.34 91.69 -17.62 0
142820 -22.60 93.28 -16.25 0
142821 -23.34 92.74 -16.65 0
142822 -27.36 91.49 -17.66 0
142826 -24.16 92.13 -17.05 0
142827 -25.07 91.67 -17.37 0
142828 -26.18 91.40 -17.61 0
143327 -13.03 98.00 -11.74 0
143328 -13.74 97.96 -11.92 0
143329 -14.66 97.79 -12.21 0
143330 -15.67 97.57 -12.56 0
143331 -16.61 97.27 -12.94 0
143348 -11.79 98.72 -11.15 0
143349 -12.48 98.37 -11.46 0
143350 -17.53 97.18 -13.24 0
143369 -11.11 99.16 -10.80 0
143370 -18.37 96.79 -13.64 0
143390 -19.10 96.46 -13.99 0
143411 -19.78 96.11 -14.33 0
143423 -20.40 95.81 -14.65 0
143424 -30.48 93.17 -17.14 0
143435 -21.03 95.50 -14.96 0
143436 -21.79 95.09 -15.35 0
143437 -28.86 93.20 -17.15 0
143438 -29.70 93.54 -17.05 0
143448 -22.58 94.56 -15.78 0
143449 -27.82 92.98 -17.20 0
143457 -23.32 94.08 -16.16 0
143458 -24.10 93.61 -16.52 0
143459 -26.87 92.81 -17.20 0
143463 -24.89 93.12 -16.85 0
143464 -25.70 92.84 -17.08 0
143465 -26.27 92.77 -17.17 0
144011 -13.30 99.02 -11.33 0
144012 -14.33 98.89 -11.64 0
144013 -15.36 98.82 -11.94 0
144014 -16.60 98.69 -12.34 0
144015 -17.11 97.91 -12.82 0
144031 -11.97 99.76 -10.69 0
144032 -12.49 99.19 -11.07 0
144033 -17.34 99.31 -12.30 0
144034 -17.68 98.51 -12.74 0
144047 -18.28 97.76 -13.23 0
144065 -19.02 97.58 -13.53 0
144066 -19.62 97.94 -13.57 0
144083 -19.68 97.10 -13.93 0
144084 -20.22 97.76 -13.83 0
144090 -20.32 96.75 -14.26 0
144091 -20.94 97.32 -14.23 0
144092 -30.10 94.73 -16.68 0
144101 -20.87 96.38 -14.58 0
144102 -21.65 96.52 -14.75 0
144103 -28.79 94.56 -16.72 0
144104 -29.31 94.64 -16.71 0
144114 -22.67 95.97 -15.26 0
144115 -23.52 95.99 -15.49 0
144116 -28.20 94.43 -16.73 0
144124 -23.23 95.14 -15.74 0
144125 -24.06 95.10 -15.96 0
144126 -27.27 94.20 -16.76 0
144131 -24.84 94.41 -16.39 0
144132 -25.47 94.02 -16.64 0
144133 -26.30 93.99 -16.75 0
144747 -13.44 99.83 -10.99 0
144748 -13.99 99.85 -11.12 0
144749 -14.89 99.92 -11.32 0
144750 -15.97 100.07 -11.56 0
144762 -12.35 100.32 -10.50 0
144763 -12.88 100.07 -10.74 0
144764 -17.00 100.06 -11.87 0
144765 -18.09 99.99 -12.23 0
144766 -18.78 100.66 -12.16 0
144784 -12.59 100.76 -10.35 0
144785 -18.77 98.73 -12.98 0
144786 -19.15 100.00 -12.56 0
144804 -19.32 98.30 -13.33 0
144805 -19.84 98.94 -13.23 0
144813 -20.87 98.52 -13.72 0
144818 -21.70 97.97 -14.19 0
144830 -22.52 97.41 -14.65 0
144831 -28.75 95.93 -16.26 0
144832 -29.65 95.85 -16.32 0
144843 -23.39 97.08 -15.02 0
144844 -24.24 96.62 -15.41 0
144845 -27.65 95.69 -16.27 0
144850 -25.17 95.78 -15.94 0
144851 -26.12 95.84 -16.07 0
144852 -26.75 95.30 -16.34 0
144857 -25.31 94.79 -16.34 0
144858 -25.77 94.91 -16.37 0
144859 -26.24 95.02 -16.39 0
145471 -13.60 100.40 -10.76 0
145472 -14.35 101.01 -10.67 0
145473 -15.36 100.90 -11.00 0
145474 -15.99 101.03 -11.13 0
145491 -13.31 101.26 -10.28 0
145492 -13.97 101.74 -10.22 0
145493 -16.55 101.03 -11.29 0
145494 -17.46 101.23 -11.48 0
145495 -18.51 101.40 -11.73 0
145514 -19.38 101.23 -12.09 0
145515 -20.09 101.44 -12.21 0
145531 -20.01 100.43 -12.64 0
145532 -20.77 101.14 -12.55 0
145546 -20.80 99.83 -13.14 0
145547 -21.65 100.65 -13.03 0
145557 -21.68 99.30 -13.63 0
145558 -22.54 100.09 -13.54 0
145571 -22.51 98.73 -14.11 0
145572 -23.38 99.38 -14.07 0
145573 -28.75 97.41 -15.77 0
145574 -29.57 97.57 -15.75 0
145583 -23.20 98.18 -14.53 0
145584 -24.17 98.29 -14.73 0
145585 -28.04 97.24 -15.76 0
145590 -25.11 97.47 -15.27 0
145591 -25.88 97.03 -15.58 0
145592 -26.89 97.00 -15.73 0
146205 -15.12 101.69 -10.56 0
146206 -15.82 101.66 -10.78 0
146207 -16.25 101.51 -10.98 0
146225 -14.53 102.34 -10.09 0
146226 -15.54 102.54 -10.28 0
146227 -16.63 102.29 -10.73 0
146228 -17.98 102.62 -10.99 0
146229 -19.34 102.68 -11.39 0
146230 -20.08 103.30 -11.33 0
146247 -19.82 101.95 -11.89 0
146248 -20.48 102.45 -11.86 0
146257 -21.55 102.00 -12.39 0
146269 -22.53 101.53 -12.89 0
146277 -23.45 100.91 -13.44 0
146286 -24.37 100.09 -14.03 0
146287 -28.64 98.88 -15.24 0
146296 -25.51 99.14 -14.68 0
146297 -26.75 99.23 -14.87 0
146298 -27.52 98.52 -15.25 0
146304 -25.69 97.94 -15.20 0
146305 -26.27 98.10 -15.24 0
146306 -26.86 98.22 -15.28 0
146917 -15.03 103.52 -9.65 0
146918 -16.09 103.73 -9.86 0
146919 -17.34 103.97 -10.13 0
146920 -18.63 104.14 -10.45 0
146921 -19.84 104.28 -10.77 0
146922 -20.69 104.80 -10.77 0
146933 -20.67 103.78 -11.27 0
146944 -21.47 103.30 -11.75 0
146955 -22.41 102.90 -12.22 0
146959 -23.52 102.64 -12.68 0
146968 -24.38 101.70 -13.35 0
146977 -25.31 101.12 -13.83 0
146978 -26.44 100.85 -14.18 0
146979 -27.90 100.53 -14.55 0
147579 -18.45 106.44 -9.24 0
147580 -18.85 106.41 -9.38 0
147581 -19.57 106.40 -9.62 0
147594 -15.36 104.83 -9.08 0
147595 -16.65 105.22 -9.28 0
147596 -18.06 105.80 -9.44 0
147597 -19.20 105.47 -9.97 0
147598 -20.26 105.77 -10.15 0
148202 -17.74 107.34 -8.52 0
148203 -18.43 107.08 -8.89 0
148204 -19.36 107.26 -9.10 0
148211 -15.91 106.29 -8.48 0
148212 -17.12 106.68 -8.67 0
148213 -17.84 106.73 -8.88 0
148770 -16.94 109.06 -7.29 0
148771 -17.73 109.04 -7.58 0
148772 -18.48 109.09 -7.81 0
148780 -16.33 108.28 -7.52 0
148781 -17.20 108.00 -7.98 0
148782 -18.11 108.17 -8.19 0
148783 -19.05 108.45 -8.36 0
148789 -16.44 107.35 -8.07 0
156788 -24.32 81.12 -20.95 0
156789 -24.55 81.12 -20.99 0
156790 -23.44 81.90 -20.49 0
156791 -24.63 81.30 -20.97 0
156792 -24.45 81.27 -20.96 0
156793 -24.27 81.29 -20.91 0
156794 -25.32 80.83 -21.12 0
156795 -24.50 81.44 -20.92 0
156796 -22.99 82.99 -20.05 0
156797 -26.26 80.90 -21.07 0
156798 -24.69 81.54 -20.90 0
156799 -24.88 81.65 -20.87 0
156800 -24.81 81.80 -20.82 0
156801 -24.51 81.60 -20.86 0
156802 -23.94 81.58 -20.73 0
156803 -24.38 81.38 -20.92 0
