# Label from mne_analyze
1489
122051 27.64 65.67 -29.96 0
122052 27.15 65.61 -30.07 0
122053 26.30 65.56 -30.23 0
122054 25.40 65.63 -30.35 0
122071 27.61 64.97 -30.01 0
122072 26.80 64.51 -30.22 0
122073 25.68 64.41 -30.42 0
122074 24.42 64.86 -30.51 0
122075 23.11 65.10 -30.55 0
122076 22.23 65.68 -30.47 0
122092 24.87 62.98 -30.68 0
122093 23.31 63.42 -30.77 0
122094 21.60 64.03 -30.71 0
122095 21.20 65.77 -30.42 0
122109 19.78 64.69 -30.50 0
122118 17.86 65.42 -30.10 0
122120 14.82 65.57 -29.40 0
122132 17.56 66.58 -29.80 0
122133 16.79 66.35 -29.68 0
122134 15.93 66.13 -29.54 0
123072 30.80 67.85 -28.86 0
123073 30.44 67.78 -29.02 0
123074 28.12 67.38 -29.75 0
123075 27.40 67.47 -29.91 0
123076 26.55 67.60 -30.05 0
123077 25.65 67.78 -30.14 0
123078 24.85 68.13 -30.17 0
123079 24.44 68.45 -30.15 0
123091 31.28 67.30 -28.64 0
123092 30.29 66.96 -29.07 0
123093 29.38 66.47 -29.41 0
123094 28.60 66.65 -29.65 0
123095 27.70 66.42 -29.90 0
123096 26.84 66.55 -30.07 0
123097 25.90 66.63 -30.20 0
123098 24.68 66.69 -30.30 0
123099 24.10 67.87 -30.21 0
123115 28.82 65.51 -29.63 0
123116 28.10 65.67 -29.84 0
123117 23.86 65.85 -30.44 0
123118 23.22 66.77 -30.34 0
123119 22.01 66.78 -30.31 0
123133 21.22 66.90 -30.25 0
123144 20.33 66.54 -30.22 0
123151 19.20 66.32 -30.12 0
123152 14.62 67.02 -28.95 0
123153 13.51 66.53 -28.74 0
123164 18.32 67.18 -29.81 0
123165 17.26 67.36 -29.56 0
123166 15.88 67.47 -29.19 0
123176 17.88 68.16 -29.53 0
123177 17.09 68.44 -29.29 0
123178 16.44 68.83 -29.04 0
124078 31.93 70.50 -28.36 0
124079 31.57 70.12 -28.52 0
124080 30.90 69.68 -28.81 0
124081 30.16 69.46 -29.09 0
124082 29.40 69.31 -29.34 0
124083 28.59 69.32 -29.56 0
124084 27.77 69.49 -29.73 0
124085 26.95 69.57 -29.87 0
124086 26.25 69.56 -29.95 0
124097 32.68 70.42 -27.97 0
124098 32.21 69.99 -28.21 0
124099 31.44 68.73 -28.57 0
124100 30.53 68.53 -28.97 0
124101 29.79 68.42 -29.24 0
124102 28.91 68.00 -29.51 0
124103 28.00 68.36 -29.73 0
124104 27.17 68.52 -29.89 0
124105 26.35 68.67 -30.00 0
124106 25.53 69.01 -30.05 0
124107 24.73 69.00 -30.08 0
124117 32.89 69.84 -27.83 0
124118 32.41 68.46 -28.08 0
124119 31.78 67.97 -28.41 0
124120 30.14 67.82 -29.13 0
124121 29.61 67.46 -29.32 0
124122 29.13 67.14 -29.48 0
124123 24.10 68.83 -30.11 0
124135 23.33 68.36 -30.14 0
124136 22.47 67.87 -30.18 0
124147 21.69 67.71 -30.16 0
124157 20.86 67.75 -30.08 0
124158 13.71 69.60 -27.97 0
124159 12.93 69.24 -27.80 0
124165 19.69 67.80 -29.92 0
124166 14.26 68.52 -28.43 0
124167 12.46 67.76 -28.04 0
124176 18.75 68.61 -29.62 0
124177 15.69 69.05 -28.76 0
124189 17.96 69.24 -29.34 0
124190 17.12 69.57 -29.06 0
124191 16.40 69.61 -28.85 0
125028 31.41 71.77 -28.61 0
125029 30.83 71.50 -28.85 0
125030 30.21 71.34 -29.07 0
125031 29.56 71.29 -29.26 0
125032 28.87 71.37 -29.43 0
125033 28.18 71.45 -29.57 0
125034 27.78 71.47 -29.64 0
125046 31.78 71.10 -28.44 0
125047 31.17 70.77 -28.70 0
125048 30.52 70.51 -28.96 0
125049 29.83 70.36 -29.19 0
125050 29.10 70.34 -29.40 0
125051 28.35 70.45 -29.58 0
125052 27.53 70.76 -29.71 0
125053 26.61 70.47 -29.83 0
125054 25.81 70.13 -29.92 0
125066 32.59 71.04 -28.03 0
125067 32.16 70.84 -28.25 0
125068 25.09 69.86 -29.98 0
125069 24.39 69.75 -30.00 0
125081 33.05 70.85 -27.77 0
125082 23.60 69.60 -30.00 0
125092 33.55 70.49 -27.45 0
125093 22.49 69.26 -29.98 0
125094 22.05 68.36 -30.09 0
125104 21.48 69.80 -29.82 0
125105 21.54 68.63 -30.01 0
125106 13.48 71.99 -27.26 0
125107 12.42 71.41 -27.05 0
125108 11.40 71.00 -26.80 0
125118 20.58 70.16 -29.66 0
125119 20.65 68.91 -29.87 0
125120 14.36 71.37 -27.73 0
125121 13.33 70.54 -27.59 0
125122 12.08 70.14 -27.26 0
125131 19.76 70.59 -29.47 0
125132 19.72 69.33 -29.67 0
125133 15.02 70.82 -28.11 0
125134 14.31 70.12 -28.04 0
125141 19.05 71.10 -29.25 0
125142 18.88 69.93 -29.42 0
125143 15.81 70.84 -28.38 0
125144 15.18 69.89 -28.39 0
125156 18.65 71.47 -29.11 0
125157 18.04 70.71 -29.09 0
125158 16.77 70.63 -28.74 0
125159 15.97 70.00 -28.63 0
125946 30.84 73.08 -28.85 0
125947 30.32 72.97 -29.03 0
125948 29.78 72.99 -29.18 0
125949 29.23 73.06 -29.30 0
125950 28.91 73.09 -29.36 0
125960 31.61 72.68 -28.53 0
125961 31.10 72.43 -28.75 0
125962 30.55 72.24 -28.95 0
125963 29.96 72.17 -29.14 0
125964 29.35 72.22 -29.30 0
125965 28.69 72.48 -29.42 0
125966 27.83 72.18 -29.57 0
125967 27.37 72.42 -29.58 0
125977 31.95 72.15 -28.37 0
125978 27.55 71.52 -29.66 0
125979 27.03 71.68 -29.68 0
125980 26.07 71.17 -29.79 0
125990 32.70 71.92 -27.99 0
125991 32.29 71.62 -28.20 0
125992 25.34 70.74 -29.87 0
125993 24.77 70.54 -29.91 0
126005 33.05 71.73 -27.78 0
126006 23.68 71.29 -29.77 0
126007 24.09 70.69 -29.87 0
126018 33.52 71.61 -27.49 0
126019 23.38 71.32 -29.76 0
126020 23.21 70.71 -29.83 0
126021 12.74 73.47 -26.61 0
126022 12.07 73.15 -26.47 0
126023 11.61 72.96 -26.37 0
126032 34.14 71.59 -27.10 0
126033 21.88 71.77 -29.55 0
126034 22.27 70.85 -29.73 0
126035 14.25 73.67 -27.07 0
126036 13.54 73.26 -26.93 0
126037 12.64 72.58 -26.81 0
126038 11.62 72.26 -26.55 0
126039 10.81 71.58 -26.44 0
126048 21.24 72.14 -29.41 0
126049 21.33 71.01 -29.61 0
126050 14.68 73.72 -27.21 0
126051 14.57 72.85 -27.41 0
126061 20.49 72.44 -29.27 0
126062 20.53 71.34 -29.46 0
126063 15.44 71.91 -27.97 0
126069 19.80 72.58 -29.14 0
126070 19.80 71.71 -29.29 0
126071 16.49 71.80 -28.38 0
126082 19.48 72.62 -29.08 0
126083 19.13 72.20 -29.08 0
126084 18.35 71.86 -28.97 0
126085 17.56 71.91 -28.72 0
126096 18.59 72.45 -28.92 0
126097 18.15 72.39 -28.83 0
126098 17.88 72.51 -28.73 0
126861 30.82 74.26 -28.83 0
126862 30.46 74.28 -28.93 0
126863 30.05 74.34 -29.04 0
126864 29.82 74.39 -29.10 0
126869 31.06 73.87 -28.75 0
126870 30.61 73.69 -28.92 0
126871 30.14 73.69 -29.06 0
126872 29.64 73.90 -29.16 0
126873 28.98 73.69 -29.29 0
126874 28.66 73.95 -29.30 0
126881 31.75 73.36 -28.48 0
126882 31.37 73.33 -28.64 0
126883 28.74 73.15 -29.38 0
126884 28.35 73.34 -29.39 0
126885 27.60 73.07 -29.48 0
126891 32.06 73.10 -28.32 0
126892 27.00 72.75 -29.55 0
126893 26.29 72.25 -29.64 0
126900 33.03 72.56 -27.80 0
126901 32.53 72.68 -28.08 0
126902 25.31 71.76 -29.72 0
126903 25.02 71.05 -29.84 0
126910 33.42 72.44 -27.57 0
126911 24.31 71.83 -29.70 0
126912 24.70 71.17 -29.82 0
126913 13.31 75.08 -26.35 0
126914 12.75 74.88 -26.22 0
126915 12.34 74.82 -26.11 0
126924 33.93 72.58 -27.25 0
126925 23.39 71.95 -29.64 0
126926 23.23 71.33 -29.75 0
126927 13.89 74.90 -26.60 0
126928 13.19 74.25 -26.54 0
126929 12.26 74.16 -26.26 0
126930 11.54 73.53 -26.20 0
126939 34.65 73.03 -26.78 0
126940 34.85 73.95 -26.66 0
126941 22.57 72.03 -29.56 0
126942 22.94 71.37 -29.71 0
126943 14.59 74.47 -26.97 0
126944 13.89 74.10 -26.82 0
126945 11.24 72.95 -26.25 0
126946 10.77 72.51 -26.20 0
126955 35.20 74.04 -26.41 0
126956 21.99 72.83 -29.37 0
126957 15.31 73.93 -27.39 0
126958 15.54 73.01 -27.73 0
126969 21.18 73.91 -29.08 0
126970 21.23 73.46 -29.17 0
126971 16.14 73.64 -27.78 0
126972 16.25 72.75 -28.06 0
126978 20.94 73.90 -29.05 0
126979 20.35 73.41 -29.05 0
126980 16.75 73.40 -28.08 0
126981 17.11 72.76 -28.38 0
126988 19.52 73.09 -28.98 0
126989 18.88 72.97 -28.88 0
126990 17.65 72.67 -28.61 0
126998 18.41 72.86 -28.80 0
126999 18.09 72.77 -28.74 0
127000 17.90 72.81 -28.68 0
127804 31.16 74.63 -28.67 0
127805 30.78 74.85 -28.78 0
127806 30.37 74.91 -28.90 0
127807 29.89 74.88 -29.02 0
127808 29.64 75.10 -29.04 0
127812 31.90 74.45 -28.39 0
127813 31.58 74.25 -28.53 0
127814 29.69 74.44 -29.12 0
127815 29.40 74.62 -29.13 0
127816 28.89 74.39 -29.22 0
127823 32.00 73.98 -28.35 0
127824 31.68 73.72 -28.51 0
127825 28.41 74.39 -29.25 0
127826 27.88 73.86 -29.36 0
127830 32.53 73.79 -28.08 0
127831 27.83 74.57 -29.25 0
127832 27.17 73.92 -29.37 0
127833 26.52 73.17 -29.50 0
127839 33.32 72.97 -27.64 0
127840 33.18 73.64 -27.72 0
127841 26.31 73.94 -29.38 0
127842 25.82 72.99 -29.53 0
127843 13.58 76.25 -26.10 0
127844 13.31 76.19 -26.03 0
127845 12.81 76.07 -25.91 0
127852 33.65 73.24 -27.44 0
127853 33.85 74.24 -27.32 0
127854 25.53 73.95 -29.36 0
127855 24.95 72.92 -29.53 0
127856 13.72 75.85 -26.27 0
127857 13.04 75.58 -26.12 0
127858 12.35 75.46 -25.93 0
127859 11.74 75.22 -25.81 0
127867 34.18 73.61 -27.10 0
127868 34.40 74.62 -26.96 0
127869 24.69 74.00 -29.32 0
127870 24.04 73.04 -29.47 0
127871 14.92 76.14 -26.60 0
127872 14.63 75.76 -26.61 0
127873 12.02 74.82 -26.01 0
127874 11.43 74.48 -25.91 0
127883 34.61 73.99 -26.82 0
127884 34.92 74.78 -26.60 0
127885 23.91 74.10 -29.26 0
127886 22.98 73.45 -29.33 0
127887 15.21 76.06 -26.73 0
127888 15.47 75.26 -27.06 0
127889 10.68 73.55 -25.90 0
127899 35.50 75.23 -26.18 0
127900 21.87 74.62 -29.00 0
127901 22.00 74.14 -29.11 0
127902 16.16 74.61 -27.51 0
127914 21.38 74.35 -29.00 0
127915 21.54 73.99 -29.10 0
127916 16.81 74.19 -27.88 0
127922 20.59 74.34 -28.88 0
127923 19.84 74.07 -28.81 0
127924 17.44 73.71 -28.25 0
127925 17.61 73.10 -28.49 0
127932 19.14 73.77 -28.74 0
127933 18.52 73.46 -28.67 0
127934 17.97 73.40 -28.53 0
127935 17.85 72.98 -28.62 0
127938 18.20 73.09 -28.69 0
127939 17.99 72.99 -28.66 0
127940 17.92 72.92 -28.66 0
128764 31.10 75.87 -28.56 0
128765 30.96 75.91 -28.60 0
128766 30.68 75.99 -28.66 0
128771 31.52 75.03 -28.50 0
128772 31.18 75.55 -28.57 0
128773 30.71 75.47 -28.73 0
128774 30.30 75.65 -28.81 0
128775 29.81 75.62 -28.93 0
128776 29.47 75.80 -28.95 0
128780 32.10 74.62 -28.29 0
128781 31.91 74.99 -28.34 0
128782 29.47 75.28 -29.04 0
128783 28.99 75.31 -29.07 0
128790 32.42 74.60 -28.13 0
128791 28.24 75.37 -29.09 0
128794 32.95 74.78 -27.84 0
128795 33.33 75.53 -27.61 0
128796 27.42 75.32 -29.13 0
128797 26.73 74.75 -29.24 0
128800 33.53 74.92 -27.51 0
128801 33.73 75.91 -27.35 0
128802 26.67 75.72 -29.06 0
128803 26.07 74.89 -29.21 0
128804 13.97 77.07 -25.99 0
128805 13.71 76.74 -26.00 0
128806 13.00 76.74 -25.78 0
128807 12.38 76.42 -25.67 0
128813 34.11 75.45 -27.13 0
128814 34.10 76.36 -27.11 0
128815 25.91 75.99 -29.00 0
128816 25.29 74.99 -29.17 0
128817 14.26 77.00 -26.11 0
128818 14.31 76.36 -26.32 0
128819 11.75 75.98 -25.61 0
128820 11.18 75.42 -25.58 0
128828 34.68 75.68 -26.75 0
128829 25.07 76.11 -28.95 0
128830 24.43 75.04 -29.11 0
128831 14.93 76.63 -26.46 0
128832 14.62 76.24 -26.47 0
128833 10.57 74.75 -25.56 0
128842 35.21 76.01 -26.38 0
128843 24.19 76.13 -28.89 0
128844 23.38 74.97 -29.06 0
128845 22.57 74.52 -29.08 0
128846 16.08 76.54 -26.89 0
128847 16.29 75.52 -27.29 0
128859 35.71 76.44 -26.00 0
128860 23.35 76.23 -28.80 0
128861 22.22 75.35 -28.86 0
128862 22.26 74.67 -29.03 0
128863 16.82 76.03 -27.32 0
128864 16.94 75.17 -27.63 0
128877 20.90 75.44 -28.64 0
128878 20.06 75.63 -28.43 0
128879 17.42 74.61 -27.98 0
128886 20.14 74.88 -28.66 0
128887 19.33 74.90 -28.46 0
128888 18.51 74.70 -28.31 0
128889 17.92 74.42 -28.21 0
128896 18.75 74.17 -28.54 0
128897 18.26 74.00 -28.45 0
128898 17.90 73.88 -28.37 0
129651 31.15 76.16 -28.49 0
129652 30.91 76.43 -28.52 0
129653 30.51 76.50 -28.62 0
129654 30.18 76.77 -28.65 0
129659 31.74 75.73 -28.33 0
129660 31.51 76.36 -28.33 0
129661 30.12 76.19 -28.77 0
129662 29.78 76.44 -28.79 0
129663 29.29 76.34 -28.86 0
129668 32.27 75.08 -28.18 0
129669 32.28 75.84 -28.09 0
129670 28.72 76.31 -28.90 0
129676 32.63 75.36 -27.98 0
129677 32.83 76.23 -27.80 0
129678 28.02 76.37 -28.91 0
129682 33.03 75.65 -27.76 0
129683 33.36 76.41 -27.51 0
129684 27.29 76.55 -28.90 0
129685 12.99 78.10 -25.37 0
129686 12.71 77.97 -25.32 0
129687 12.19 77.74 -25.23 0
129690 33.88 76.84 -27.20 0
129691 26.55 76.89 -28.84 0
129692 13.96 77.50 -25.86 0
129693 13.25 77.76 -25.55 0
129694 12.55 77.27 -25.48 0
129695 11.79 77.02 -25.32 0
129700 34.48 76.48 -26.86 0
129701 34.29 77.14 -26.94 0
129702 25.69 77.87 -28.65 0
129703 25.76 77.36 -28.74 0
129704 14.65 77.76 -26.02 0
129705 11.10 76.36 -25.30 0
129706 10.47 75.76 -25.26 0
129714 34.95 76.78 -26.53 0
129715 25.38 77.98 -28.61 0
129716 24.86 77.18 -28.73 0
129717 15.65 77.83 -26.34 0
129727 35.46 77.20 -26.16 0
129728 24.76 78.77 -28.41 0
129729 24.72 78.26 -28.51 0
129730 24.01 77.26 -28.65 0
129731 16.82 78.08 -26.67 0
129743 35.80 77.32 -25.90 0
129744 24.52 78.79 -28.38 0
129745 23.97 78.35 -28.42 0
129746 22.97 77.45 -28.48 0
129747 21.50 77.10 -28.31 0
129748 20.46 77.44 -28.00 0
129749 17.40 76.98 -27.21 0
129750 17.40 75.95 -27.55 0
129763 20.47 76.42 -28.29 0
129764 19.47 76.51 -28.01 0
129765 18.21 76.28 -27.71 0
129766 17.65 75.34 -27.83 0
129776 18.73 75.51 -28.12 0
129777 18.13 75.18 -28.04 0
129778 17.78 74.88 -28.02 0
130505 31.26 76.85 -28.33 0
130506 30.91 77.17 -28.38 0
130507 30.49 77.35 -28.45 0
130508 30.00 77.37 -28.56 0
130509 29.63 77.56 -28.57 0
130518 32.00 76.62 -28.10 0
130519 31.70 77.26 -28.10 0
130520 29.58 76.99 -28.70 0
130521 29.19 77.23 -28.68 0
130533 32.54 76.92 -27.83 0
130534 28.55 77.29 -28.70 0
130544 33.09 77.21 -27.54 0
130545 27.87 77.41 -28.71 0
130546 13.05 79.67 -24.92 0
130547 12.86 79.45 -24.93 0
130548 12.37 79.09 -24.89 0
130549 11.86 78.81 -24.83 0
130558 33.63 77.53 -27.24 0
130559 27.19 77.65 -28.68 0
130560 13.28 79.43 -25.06 0
130561 13.01 78.58 -25.23 0
130562 12.29 78.38 -25.08 0
130563 11.58 78.08 -24.96 0
130570 34.11 77.77 -26.97 0
130571 26.24 78.37 -28.56 0
130572 26.45 78.08 -28.61 0
130573 13.93 78.71 -25.49 0
130574 13.40 78.34 -25.42 0
130575 10.98 77.33 -25.00 0
130579 34.70 77.48 -26.66 0
130580 34.48 77.96 -26.75 0
130581 25.92 78.28 -28.57 0
130582 26.04 77.90 -28.65 0
130583 15.18 78.93 -25.83 0
130584 10.41 76.69 -25.00 0
130590 35.16 77.88 -26.31 0
130591 25.16 79.27 -28.33 0
130592 25.33 78.95 -28.41 0
130593 16.26 79.11 -26.15 0
130603 35.82 78.46 -25.81 0
130604 35.63 78.25 -25.96 0
130605 24.89 79.22 -28.32 0
130606 24.92 78.80 -28.42 0
130607 17.23 79.33 -26.41 0
130618 35.99 78.14 -25.70 0
130619 35.72 77.72 -25.94 0
130620 24.23 79.38 -28.22 0
130621 23.37 78.94 -28.20 0
130622 22.35 78.88 -28.04 0
130623 21.12 78.73 -27.80 0
130624 19.76 78.45 -27.51 0
130625 18.27 78.71 -26.96 0
130638 23.69 79.81 -28.05 0
130639 23.02 79.80 -27.96 0
130640 22.48 79.97 -27.82 0
130641 18.77 77.45 -27.52 0
130642 18.16 77.35 -27.36 0
131326 31.36 77.78 -28.12 0
131327 30.92 78.10 -28.18 0
131328 30.41 78.21 -28.28 0
131329 29.89 78.26 -28.37 0
131330 29.46 77.95 -28.50 0
131341 32.23 77.67 -27.83 0
131342 31.87 78.28 -27.84 0
131343 29.53 78.52 -28.36 0
131344 29.05 78.19 -28.47 0
131356 32.79 77.98 -27.55 0
131357 28.40 78.24 -28.50 0
131358 12.76 80.47 -24.58 0
131359 12.50 80.38 -24.54 0
131360 11.99 80.18 -24.45 0
131372 33.35 78.26 -27.26 0
131373 27.77 78.40 -28.50 0
131374 13.00 80.13 -24.76 0
131375 12.42 79.79 -24.69 0
131376 11.76 79.55 -24.58 0
131377 11.28 78.97 -24.61 0
131387 34.20 79.20 -26.73 0
131388 33.97 78.74 -26.90 0
131389 27.16 78.62 -28.49 0
131390 13.82 80.07 -25.03 0
131391 10.70 78.33 -24.64 0
131392 10.08 78.18 -24.50 0
131401 34.40 79.14 -26.63 0
131402 34.39 78.43 -26.74 0
131403 26.35 78.76 -28.48 0
131404 26.78 78.96 -28.43 0
131405 14.76 80.03 -25.35 0
131406 10.28 77.53 -24.74 0
131417 34.80 78.64 -26.47 0
131418 34.56 78.34 -26.67 0
131419 26.01 79.28 -28.36 0
131420 15.81 80.17 -25.66 0
131428 35.65 79.27 -25.86 0
131429 35.45 78.96 -26.02 0
131430 25.26 79.66 -28.25 0
131431 25.67 79.81 -28.23 0
131432 16.87 80.39 -25.95 0
131433 17.46 81.10 -25.93 0
131441 35.83 78.99 -25.75 0
131442 35.64 78.73 -25.92 0
131443 24.94 80.54 -28.03 0
131444 24.92 80.19 -28.10 0
131445 20.59 80.77 -27.09 0
131446 20.29 80.75 -27.00 0
131447 17.92 80.39 -26.31 0
131448 18.00 81.43 -26.00 0
131456 36.37 79.15 -25.29 0
131457 24.78 80.63 -27.99 0
131458 24.26 80.40 -27.99 0
131459 22.29 80.68 -27.59 0
131460 21.96 80.22 -27.63 0
131461 20.71 80.28 -27.27 0
131462 19.55 80.09 -26.96 0
131463 18.79 80.37 -26.62 0
131475 23.55 80.54 -27.86 0
131476 22.70 80.66 -27.68 0
131477 22.38 80.28 -27.72 0
132124 31.49 79.04 -27.81 0
132125 30.84 79.09 -27.99 0
132126 30.32 79.12 -28.10 0
132127 29.83 79.13 -28.18 0
132137 32.47 78.98 -27.49 0
132138 31.97 79.01 -27.66 0
132139 29.37 79.09 -28.23 0
132140 28.85 79.06 -28.28 0
132141 12.31 81.64 -24.07 0
132142 11.58 81.31 -23.96 0
132143 11.16 81.10 -23.91 0
132158 33.06 78.88 -27.27 0
132159 28.27 79.15 -28.30 0
132160 12.76 80.91 -24.44 0
132161 12.06 80.80 -24.27 0
132162 11.21 80.40 -24.15 0
132163 10.58 80.21 -24.04 0
132179 33.84 79.83 -26.78 0
132180 33.55 79.30 -26.99 0
132181 27.42 79.69 -28.24 0
132182 27.66 79.34 -28.30 0
132183 13.52 81.04 -24.64 0
132184 11.20 79.59 -24.40 0
132185 10.56 79.47 -24.26 0
132186 9.99 79.16 -24.19 0
132199 34.21 79.74 -26.63 0
132200 33.89 79.40 -26.83 0
132201 27.22 79.87 -28.20 0
132202 27.12 79.34 -28.34 0
132203 14.42 81.11 -24.90 0
132204 10.18 78.75 -24.37 0
132205 9.59 78.63 -24.22 0
132216 35.10 80.50 -26.06 0
132217 34.85 80.09 -26.25 0
132218 26.70 79.65 -28.27 0
132219 26.87 79.31 -28.36 0
132220 15.39 81.22 -25.18 0
132232 35.28 80.37 -25.96 0
132233 35.25 79.56 -26.09 0
132234 25.94 80.58 -28.06 0
132235 26.09 80.26 -28.14 0
132236 16.36 81.36 -25.47 0
132237 16.87 81.90 -25.46 0
132246 35.66 79.88 -25.77 0
132247 35.45 79.47 -25.97 0
132248 25.40 80.87 -27.97 0
132249 25.58 80.54 -28.06 0
132250 25.78 80.20 -28.15 0
132251 17.01 81.34 -25.69 0
132252 17.48 81.97 -25.64 0
132258 36.26 80.12 -25.29 0
132259 25.12 80.83 -27.97 0
132260 25.21 80.51 -28.05 0
132261 21.19 81.63 -27.02 0
132262 20.77 81.30 -26.99 0
132263 19.84 81.32 -26.67 0
132264 18.85 81.42 -26.30 0
132265 18.27 82.33 -25.79 0
132272 36.81 80.25 -24.81 0
132273 24.61 81.20 -27.83 0
132274 24.04 81.05 -27.81 0
132275 22.22 81.17 -27.43 0
132276 21.43 81.34 -27.17 0
132277 20.97 80.97 -27.15 0
132278 19.19 80.80 -26.62 0
132279 18.94 80.85 -26.52 0
132288 24.20 81.64 -27.67 0
132289 23.56 81.50 -27.61 0
132290 22.84 81.82 -27.38 0
132937 31.03 80.50 -27.66 0
132938 30.92 80.53 -27.68 0
132951 31.68 80.34 -27.48 0
132952 31.18 80.00 -27.71 0
132953 30.74 80.10 -27.80 0
132954 30.18 79.93 -27.94 0
132967 32.61 80.36 -27.16 0
132968 32.07 79.76 -27.48 0
132969 29.69 79.86 -28.02 0
132970 29.22 79.83 -28.06 0
132971 12.59 82.67 -23.81 0
132972 11.77 82.25 -23.71 0
132973 10.94 81.70 -23.66 0
132974 10.39 81.68 -23.53 0
132991 33.52 80.70 -26.75 0
132992 33.14 79.93 -27.04 0
132993 28.73 79.89 -28.09 0
132994 13.12 81.92 -24.22 0
132995 10.90 81.01 -23.87 0
132996 10.30 80.88 -23.75 0
132997 9.57 80.70 -23.61 0
133014 33.96 80.65 -26.58 0
133015 33.60 80.08 -26.83 0
133016 27.65 80.21 -28.09 0
133017 28.20 80.03 -28.09 0
133018 14.02 82.11 -24.44 0
133019 10.26 80.08 -23.99 0
133020 9.63 79.80 -23.89 0
133036 34.90 81.39 -26.03 0
133037 34.54 80.92 -26.27 0
133038 27.17 80.48 -28.05 0
133039 14.97 82.23 -24.71 0
133040 8.65 78.97 -23.84 0
133058 35.18 81.06 -25.93 0
133059 34.87 80.86 -26.13 0
133060 26.42 80.91 -27.98 0
133061 26.63 80.66 -28.03 0
133062 16.04 82.44 -25.00 0
133063 16.47 83.09 -24.92 0
133075 35.66 81.11 -25.63 0
133076 26.14 80.96 -27.96 0
133077 26.32 80.69 -28.03 0
133078 16.55 82.10 -25.28 0
133079 16.92 82.74 -25.20 0
133088 36.16 81.14 -25.27 0
133089 25.49 81.26 -27.87 0
133090 25.88 81.45 -27.83 0
133091 17.79 83.01 -25.39 0
133098 36.70 81.36 -24.80 0
133099 25.16 81.73 -27.73 0
133100 21.77 82.57 -26.89 0
133101 21.39 82.27 -26.87 0
133102 20.55 82.44 -26.54 0
133103 19.71 82.50 -26.23 0
133104 19.01 82.82 -25.87 0
133105 18.49 83.34 -25.51 0
133115 24.66 82.14 -27.59 0
133116 22.07 82.29 -27.06 0
133117 21.63 81.96 -27.04 0
133125 24.09 82.30 -27.48 0
133126 23.51 82.47 -27.33 0
133127 22.96 82.86 -27.10 0
133808 31.06 80.75 -27.60 0
133809 30.98 80.66 -27.64 0
133810 9.55 84.71 -22.42 0
133811 9.12 84.69 -22.34 0
133829 32.36 81.89 -26.93 0
133830 31.86 81.44 -27.19 0
133831 31.29 80.97 -27.47 0
133832 30.91 80.89 -27.59 0
133833 30.46 80.78 -27.70 0
133834 12.23 84.22 -23.19 0
133835 11.56 84.06 -23.07 0
133836 10.72 83.83 -22.95 0
133837 9.85 83.80 -22.76 0
133838 9.01 84.05 -22.50 0
133839 8.51 83.86 -22.44 0
133854 32.65 81.36 -26.94 0
133855 32.21 80.85 -27.20 0
133856 29.99 80.64 -27.79 0
133857 29.54 80.55 -27.86 0
133858 12.76 83.76 -23.50 0
133859 12.02 83.31 -23.44 0
133860 11.21 82.94 -23.34 0
133861 10.24 82.51 -23.24 0
133862 9.28 82.93 -22.89 0
133863 8.60 83.28 -22.63 0
133880 33.75 81.58 -26.48 0
133881 33.16 81.29 -26.77 0
133882 29.11 80.59 -27.88 0
133883 13.53 83.18 -23.93 0
133884 10.08 81.66 -23.45 0
133885 9.42 81.61 -23.31 0
133886 8.59 82.36 -22.88 0
133898 34.25 81.73 -26.25 0
133899 28.18 80.92 -27.86 0
133900 28.67 80.72 -27.88 0
133901 14.54 83.22 -24.24 0
133902 8.96 80.53 -23.50 0
133903 8.35 81.30 -23.11 0
133911 35.16 82.10 -25.78 0
133912 34.74 82.01 -26.00 0
133913 27.67 81.18 -27.83 0
133914 15.43 83.32 -24.50 0
133915 8.80 79.82 -23.65 0
133932 35.60 82.10 -25.53 0
133933 26.60 81.33 -27.85 0
133934 27.12 81.35 -27.82 0
133935 16.17 83.53 -24.67 0
133936 16.76 83.67 -24.82 0
133953 36.07 82.12 -25.22 0
133954 26.09 82.27 -27.61 0
133955 26.27 81.97 -27.68 0
133956 17.43 83.77 -25.00 0
133964 36.55 82.25 -24.85 0
133965 25.80 82.15 -27.64 0
133966 25.99 81.85 -27.73 0
133967 21.17 84.42 -26.08 0
133968 20.84 84.36 -25.98 0
133969 20.17 84.30 -25.77 0
133970 19.60 84.29 -25.57 0
133971 18.14 83.94 -25.18 0
133978 25.27 83.22 -27.34 0
133979 25.26 82.85 -27.43 0
133980 21.85 83.16 -26.72 0
133981 21.25 83.80 -26.31 0
133982 20.36 83.48 -26.12 0
133983 19.65 83.54 -25.85 0
133984 19.07 83.87 -25.52 0
133985 18.65 84.09 -25.29 0
133993 25.12 83.30 -27.30 0
133994 24.60 83.11 -27.30 0
133995 24.13 83.53 -27.12 0
133996 22.56 83.51 -26.80 0
133999 23.99 82.95 -27.27 0
134000 23.59 83.38 -27.08 0
134001 23.17 83.70 -26.89 0
134713 9.56 86.50 -21.88 0
134732 11.49 85.87 -22.48 0
134733 10.77 85.78 -22.35 0
134734 9.94 85.64 -22.22 0
134735 9.04 85.35 -22.12 0
134757 32.50 82.77 -26.69 0
134758 32.06 82.48 -26.89 0
134759 31.53 82.12 -27.12 0
134760 31.07 81.77 -27.33 0
134761 30.68 81.63 -27.44 0
134762 12.78 84.79 -23.15 0
134763 12.04 85.19 -22.83 0
134764 11.15 84.91 -22.71 0
134765 10.33 84.77 -22.57 0
134766 8.87 84.65 -22.30 0
134767 8.34 84.52 -22.21 0
134784 32.91 82.45 -26.62 0
134785 30.24 81.49 -27.54 0
134786 29.78 81.28 -27.65 0
134787 13.44 84.41 -23.48 0
134788 8.10 83.60 -22.42 0
134804 34.05 82.46 -26.20 0
134805 33.58 82.71 -26.33 0
134806 29.40 81.14 -27.72 0
134807 14.22 84.23 -23.79 0
134808 8.13 82.89 -22.62 0
134818 34.50 82.80 -25.96 0
134819 28.64 81.49 -27.67 0
134820 29.08 81.45 -27.66 0
134821 15.06 84.23 -24.06 0
134822 7.82 82.18 -22.74 0
134829 35.49 82.91 -25.47 0
134830 35.06 83.16 -25.65 0
134831 28.22 81.91 -27.58 0
134832 15.82 84.28 -24.29 0
134841 36.25 83.65 -24.91 0
134842 36.02 83.30 -25.10 0
134843 26.98 82.18 -27.59 0
134844 27.64 82.27 -27.52 0
134845 20.99 86.20 -25.40 0
134846 20.82 86.18 -25.34 0
134847 16.47 84.37 -24.47 0
134848 17.11 84.56 -24.62 0
134862 36.39 83.56 -24.81 0
134863 36.39 82.85 -24.90 0
134864 26.19 82.69 -27.49 0
134865 26.74 82.92 -27.40 0
134866 21.36 85.76 -25.68 0
134867 21.07 85.90 -25.53 0
134868 20.46 85.79 -25.35 0
134869 17.86 84.74 -24.80 0
134881 25.66 83.59 -27.24 0
134882 25.80 83.30 -27.32 0
134883 21.86 85.15 -26.05 0
134884 21.43 85.11 -25.92 0
134885 20.65 85.09 -25.66 0
134886 19.91 85.08 -25.40 0
134887 19.20 84.71 -25.27 0
134888 18.61 84.72 -25.06 0
134895 25.42 83.51 -27.26 0
134896 25.50 83.22 -27.35 0
134897 22.07 84.56 -26.31 0
134898 21.58 84.48 -26.19 0
134899 18.85 84.35 -25.27 0
134900 18.70 84.38 -25.21 0
134908 25.02 83.81 -27.14 0
134909 24.52 84.02 -27.02 0
134910 23.91 84.19 -26.88 0
134911 23.20 84.48 -26.64 0
134913 23.43 83.96 -26.87 0
134914 23.27 84.04 -26.81 0
135587 10.04 87.55 -21.64 0
135605 12.19 86.63 -22.39 0
135606 11.30 86.83 -22.13 0
135607 10.42 86.72 -21.98 0
135624 32.81 83.53 -26.42 0
135625 32.33 83.49 -26.56 0
135626 31.78 83.22 -26.78 0
135627 31.13 82.85 -27.02 0
135628 30.86 82.21 -27.26 0
135629 13.35 85.29 -23.15 0
135630 12.85 85.89 -22.81 0
135647 33.27 83.63 -26.24 0
135648 30.86 83.06 -27.02 0
135649 30.53 82.62 -27.19 0
135650 29.97 82.00 -27.43 0
135651 13.99 85.22 -23.37 0
135652 13.67 86.16 -22.94 0
135666 34.16 83.49 -25.96 0
135667 33.79 84.08 -25.97 0
135668 29.81 82.77 -27.22 0
135669 29.47 81.86 -27.52 0
135670 14.78 85.16 -23.64 0
135680 34.71 83.97 -25.65 0
135681 29.01 82.47 -27.37 0
135682 29.19 81.92 -27.52 0
135683 15.56 85.18 -23.88 0
135684 16.02 85.71 -23.84 0
135693 35.59 83.91 -25.25 0
135694 35.22 84.39 -25.36 0
135695 27.90 83.55 -27.13 0
135696 28.16 83.16 -27.22 0
135697 16.20 85.08 -24.13 0
135698 16.57 85.85 -23.98 0
135707 36.31 84.11 -24.78 0
135708 36.03 84.53 -24.88 0
135709 27.52 83.26 -27.24 0
135710 27.78 82.89 -27.33 0
135711 21.38 86.71 -25.34 0
135712 21.09 86.52 -25.31 0
135713 20.47 86.49 -25.10 0
135714 16.75 85.11 -24.30 0
135715 17.38 85.70 -24.30 0
135724 26.44 83.57 -27.22 0
135725 26.99 83.84 -27.11 0
135726 21.98 86.34 -25.67 0
135727 21.58 86.29 -25.56 0
135728 21.25 86.23 -25.47 0
135729 19.85 86.03 -25.03 0
135730 19.22 85.94 -24.84 0
135731 18.47 85.79 -24.64 0
135736 25.73 83.96 -27.13 0
135737 26.16 84.19 -27.05 0
135738 22.07 85.79 -25.88 0
135739 21.70 85.73 -25.80 0
135740 19.43 85.41 -25.10 0
135741 18.94 85.30 -24.97 0
135742 18.68 85.26 -24.89 0
135744 25.42 84.33 -27.00 0
135745 22.86 85.54 -26.19 0
135748 24.98 84.61 -26.89 0
135749 24.48 84.85 -26.75 0
135750 23.97 85.15 -26.57 0
135751 23.56 85.66 -26.32 0
136370 10.30 88.12 -21.51 0
136387 12.50 87.43 -22.20 0
136388 12.06 87.97 -21.92 0
136389 10.87 88.02 -21.65 0
136390 10.43 88.39 -21.45 0
136404 33.08 84.25 -26.16 0
136405 32.75 84.61 -26.17 0
136406 32.10 84.36 -26.40 0
136407 31.49 84.05 -26.62 0
136408 13.11 87.30 -22.40 0
136409 12.65 87.81 -22.11 0
136422 33.45 84.80 -25.92 0
136423 33.11 84.70 -26.05 0
136424 30.90 83.74 -26.81 0
136425 30.29 83.83 -26.86 0
136426 14.51 86.11 -23.21 0
136427 14.18 87.17 -22.75 0
136436 34.34 84.95 -25.59 0
136437 33.88 84.90 -25.76 0
136438 29.57 83.87 -26.91 0
136439 15.30 85.98 -23.51 0
136440 15.15 87.02 -23.10 0
136449 34.96 85.05 -25.34 0
136450 28.63 84.73 -26.72 0
136451 28.86 83.88 -26.95 0
136452 15.73 85.86 -23.69 0
136453 16.03 86.58 -23.53 0
136461 35.67 85.19 -24.98 0
136462 35.29 85.10 -25.20 0
136463 28.01 84.23 -26.92 0
136464 28.42 84.00 -26.95 0
136465 20.36 88.21 -24.42 0
136466 19.69 88.10 -24.22 0
136467 19.29 88.05 -24.10 0
136468 16.99 86.92 -23.74 0
136469 17.24 87.54 -23.60 0
136479 27.17 85.04 -26.75 0
136480 27.41 84.35 -26.93 0
136481 22.09 87.79 -25.18 0
136482 21.46 87.33 -25.14 0
136483 20.73 87.33 -24.88 0
136484 19.88 87.10 -24.66 0
136485 19.28 87.53 -24.29 0
136486 17.89 86.94 -24.04 0
136487 17.44 87.31 -23.75 0
136495 26.71 84.51 -26.93 0
136496 27.07 84.44 -26.93 0
136497 22.28 86.93 -25.54 0
136498 21.86 87.09 -25.36 0
136499 19.52 86.44 -24.77 0
136500 19.12 86.69 -24.54 0
136501 18.56 86.81 -24.31 0
136506 25.91 84.87 -26.84 0
136507 26.37 84.93 -26.82 0
136508 22.88 86.52 -25.85 0
136512 25.43 85.21 -26.73 0
136513 23.35 86.25 -26.07 0
136517 24.96 85.45 -26.62 0
136518 24.52 85.71 -26.48 0
136519 24.12 86.05 -26.31 0
136520 23.82 86.46 -26.10 0
137070 10.71 91.18 -20.53 0
137071 10.34 89.87 -20.93 0
137085 12.26 88.75 -21.70 0
137086 11.78 89.73 -21.26 0
137087 10.66 88.91 -21.32 0
137101 33.21 86.18 -25.65 0
137102 32.99 85.84 -25.79 0
137103 32.41 85.53 -26.01 0
137104 31.79 85.25 -26.23 0
137105 13.27 87.99 -22.21 0
137106 12.94 88.57 -21.93 0
137107 13.42 90.27 -21.44 0
137121 33.39 85.92 -25.66 0
137122 33.15 85.17 -25.92 0
137123 31.23 84.91 -26.42 0
137124 30.73 84.84 -26.51 0
137125 13.76 88.10 -22.30 0
137126 14.17 89.25 -22.01 0
137127 14.41 90.42 -21.64 0
137139 34.40 86.22 -25.29 0
137140 33.92 85.81 -25.53 0
137141 30.13 85.16 -26.47 0
137142 14.91 88.35 -22.55 0
137143 14.88 89.23 -22.22 0
137154 35.30 86.61 -24.87 0
137155 34.87 86.15 -25.14 0
137156 28.85 85.65 -26.42 0
137157 29.31 85.11 -26.55 0
137158 20.38 89.74 -23.83 0
137159 20.10 89.75 -23.73 0
137160 15.95 87.93 -23.02 0
137161 16.42 88.59 -22.93 0
137170 35.30 85.75 -25.06 0
137171 28.32 85.52 -26.51 0
137172 21.42 89.19 -24.40 0
137173 20.78 89.27 -24.15 0
137174 19.97 89.13 -23.93 0
137175 19.33 88.60 -23.91 0
137176 16.47 87.38 -23.40 0
137177 16.91 88.08 -23.28 0
137188 27.34 86.06 -26.43 0
137189 27.71 85.31 -26.62 0
137190 22.41 88.64 -24.96 0
137191 21.84 88.62 -24.78 0
137192 21.10 88.32 -24.63 0
137193 18.84 87.99 -23.97 0
137194 18.20 87.82 -23.82 0
137195 17.64 87.84 -23.62 0
137206 26.75 85.59 -26.60 0
137207 22.68 88.10 -25.23 0
137208 18.85 87.28 -24.24 0
137209 18.47 87.36 -24.08 0
137214 25.93 85.96 -26.51 0
137215 26.29 85.51 -26.65 0
137216 23.10 87.56 -25.54 0
137221 25.38 86.08 -26.45 0
137222 23.61 87.06 -25.84 0
137223 24.96 86.25 -26.36 0
137224 24.59 86.51 -26.23 0
137225 24.24 86.79 -26.07 0
137226 23.99 86.97 -25.96 0
137759 13.29 94.33 -19.87 0
137760 12.62 93.32 -20.11 0
137761 11.67 92.06 -20.40 0
137775 13.73 94.18 -20.03 0
137776 13.73 93.32 -20.36 0
137777 12.92 91.76 -20.77 0
137789 33.24 86.80 -25.47 0
137790 32.72 86.68 -25.62 0
137791 32.09 86.48 -25.81 0
137792 31.38 86.15 -26.04 0
137793 31.06 86.56 -25.96 0
137794 14.39 93.05 -20.62 0
137795 14.33 91.88 -21.06 0
137803 33.71 86.88 -25.32 0
137804 31.04 85.46 -26.29 0
137805 30.79 85.95 -26.17 0
137806 14.86 89.84 -21.98 0
137807 15.30 90.86 -21.71 0
137818 34.66 87.17 -24.97 0
137819 34.19 87.02 -25.15 0
137820 30.36 86.35 -26.09 0
137821 15.63 88.65 -22.66 0
137822 15.58 89.48 -22.33 0
137823 16.23 90.54 -22.11 0
137836 35.10 87.31 -24.78 0
137837 29.27 86.33 -26.18 0
137838 29.83 86.21 -26.17 0
137839 20.81 90.27 -23.77 0
137840 20.20 90.31 -23.54 0
137841 19.66 90.29 -23.36 0
137842 16.07 88.83 -22.73 0
137843 16.76 89.52 -22.68 0
137844 16.78 90.51 -22.30 0
137854 28.71 86.56 -26.16 0
137855 21.94 89.71 -24.37 0
137856 21.39 90.02 -24.06 0
137857 19.85 89.80 -23.62 0
137858 19.27 89.56 -23.51 0
137859 18.58 89.25 -23.40 0
137860 17.79 88.91 -23.26 0
137874 27.46 86.85 -26.18 0
137875 27.98 86.68 -26.19 0
137876 22.57 89.00 -24.87 0
137877 22.45 89.32 -24.70 0
137878 18.88 88.78 -23.68 0
137879 18.38 88.50 -23.62 0
137880 18.00 88.27 -23.58 0
137891 26.64 87.16 -26.13 0
137892 26.92 86.90 -26.19 0
137893 22.83 89.04 -24.92 0
137894 22.90 89.80 -24.64 0
137896 26.34 86.95 -26.19 0
137897 26.45 86.18 -26.43 0
137898 23.32 88.63 -25.19 0
137900 25.72 86.90 -26.20 0
137901 25.40 87.23 -26.07 0
137902 23.80 88.10 -25.50 0
137904 25.30 86.70 -26.24 0
137905 25.03 87.05 -26.10 0
137906 24.65 87.20 -25.99 0
137907 24.27 87.57 -25.79 0
138434 14.04 94.20 -20.09 0
138446 33.28 87.43 -25.29 0
138447 33.08 87.73 -25.25 0
138448 32.48 87.72 -25.37 0
138449 31.75 87.54 -25.56 0
138450 31.25 87.03 -25.79 0
138451 14.37 94.71 -19.97 0
138452 14.53 93.90 -20.32 0
138453 14.97 93.10 -20.74 0
138461 33.49 87.79 -25.14 0
138462 33.35 88.60 -24.94 0
138463 31.24 87.78 -25.56 0
138464 30.79 87.14 -25.81 0
138465 15.56 92.29 -21.21 0
138466 16.19 92.30 -21.37 0
138476 34.45 88.10 -24.79 0
138477 33.98 87.97 -24.95 0
138478 29.79 87.70 -25.71 0
138479 30.21 87.30 -25.80 0
138480 20.19 91.83 -22.91 0
138481 19.57 91.65 -22.77 0
138482 19.19 91.53 -22.69 0
138483 16.17 91.60 -21.66 0
138484 16.48 92.12 -21.52 0
138498 34.89 88.21 -24.62 0
138499 29.26 87.46 -25.83 0
138500 29.68 87.00 -25.94 0
138501 20.71 91.31 -23.31 0
138502 19.90 91.02 -23.15 0
138503 19.05 90.75 -22.96 0
138504 18.17 90.74 -22.66 0
138505 17.35 90.74 -22.39 0
138506 16.80 91.26 -21.99 0
138507 16.65 91.84 -21.69 0
138518 28.17 88.22 -25.69 0
138519 28.57 87.72 -25.81 0
138520 21.95 90.71 -23.97 0
138521 21.41 90.98 -23.68 0
138522 18.82 89.87 -23.23 0
138523 18.35 89.91 -23.05 0
138524 17.68 89.96 -22.81 0
138533 27.61 87.77 -25.87 0
138534 28.08 87.60 -25.90 0
138535 22.59 90.42 -24.29 0
138539 26.65 87.63 -25.97 0
138540 27.05 87.89 -25.87 0
138541 23.45 89.77 -24.78 0
138542 23.17 90.43 -24.44 0
138545 26.06 87.90 -25.86 0
138546 25.85 88.53 -25.62 0
138547 24.02 89.21 -25.11 0
138552 25.63 87.50 -25.99 0
138553 25.35 87.98 -25.79 0
138554 24.88 88.39 -25.58 0
138555 24.47 88.58 -25.44 0
138560 24.95 87.50 -25.93 0
138561 24.78 87.79 -25.80 0
138562 24.60 88.08 -25.66 0
139095 14.48 95.69 -19.61 0
139108 32.97 89.08 -24.87 0
139109 32.23 88.86 -25.07 0
139110 31.55 88.76 -25.20 0
139111 14.95 94.88 -20.05 0
139112 15.32 94.10 -20.43 0
139113 15.74 93.39 -20.81 0
139127 33.76 89.15 -24.67 0
139128 33.39 89.26 -24.73 0
139129 30.83 88.42 -25.39 0
139130 30.58 87.70 -25.65 0
139131 16.19 92.90 -21.12 0
139132 16.56 92.60 -21.34 0
139143 34.69 89.30 -24.37 0
139144 34.23 88.93 -24.61 0
139145 30.17 88.42 -25.45 0
139146 30.45 87.96 -25.58 0
139147 20.79 92.62 -22.79 0
139148 19.95 92.56 -22.52 0
139149 19.12 92.21 -22.38 0
139150 18.37 92.21 -22.12 0
139151 17.98 92.14 -22.01 0
139152 16.80 92.29 -21.55 0
139166 29.63 88.34 -25.52 0
139167 22.33 92.56 -23.33 0
139168 21.68 92.14 -23.29 0
139169 18.99 91.49 -22.64 0
139170 18.61 91.50 -22.50 0
139171 17.94 91.58 -22.23 0
139172 17.37 91.64 -22.01 0
139173 17.03 91.95 -21.76 0
139180 28.60 88.93 -25.42 0
139181 29.15 88.61 -25.48 0
139182 22.50 91.73 -23.72 0
139183 21.89 91.39 -23.67 0
139188 28.00 89.07 -25.41 0
139189 23.19 91.27 -24.10 0
139193 26.88 88.21 -25.76 0
139194 27.18 88.93 -25.49 0
139195 24.20 90.40 -24.66 0
139196 23.69 90.89 -24.37 0
139200 26.62 88.40 -25.69 0
139201 26.33 89.30 -25.33 0
139202 25.66 89.91 -25.05 0
139203 24.84 89.77 -25.02 0
139208 25.68 88.94 -25.44 0
139209 25.21 88.99 -25.38 0
139210 24.85 88.93 -25.37 0
139812 15.05 96.62 -19.39 0
139824 33.07 90.17 -24.51 0
139825 32.64 90.08 -24.61 0
139826 31.97 89.97 -24.75 0
139827 15.35 95.83 -19.78 0
139828 15.69 95.05 -20.17 0
139829 16.03 94.32 -20.53 0
139845 33.87 90.27 -24.30 0
139846 33.48 90.23 -24.40 0
139847 31.27 89.98 -24.84 0
139848 20.66 94.01 -22.16 0
139849 20.30 94.19 -21.96 0
139850 19.92 94.48 -21.70 0
139851 16.39 93.69 -20.87 0
139852 16.71 93.18 -21.15 0
139863 34.25 90.14 -24.24 0
139864 30.53 89.69 -25.01 0
139865 21.79 94.05 -22.54 0
139866 21.08 93.82 -22.39 0
139867 20.40 93.47 -22.30 0
139868 19.60 93.60 -21.96 0
139869 18.68 93.12 -21.84 0
139870 17.90 92.73 -21.73 0
139871 17.37 92.81 -21.51 0
139872 16.99 92.81 -21.38 0
139885 29.75 89.52 -25.13 0
139886 22.24 93.36 -22.96 0
139887 21.52 93.20 -22.80 0
139888 17.72 92.07 -21.95 0
139889 17.42 92.27 -21.76 0
139890 17.12 92.42 -21.59 0
139895 28.60 90.29 -24.95 0
139896 29.11 89.68 -25.13 0
139897 22.91 92.98 -23.31 0
139903 27.82 90.29 -24.97 0
139904 23.39 92.35 -23.70 0
139908 27.23 91.67 -24.43 0
139909 27.11 90.46 -24.90 0
139910 24.36 91.73 -24.14 0
139911 23.75 91.77 -24.02 0
139916 26.95 92.11 -24.23 0
139917 26.43 91.29 -24.53 0
139918 25.45 91.16 -24.51 0
139919 24.79 91.02 -24.50 0
140605 15.50 97.64 -19.08 0
140606 15.84 96.79 -19.52 0
140622 33.54 91.92 -23.84 0
140623 33.19 91.28 -24.12 0
140624 32.37 91.15 -24.30 0
140625 31.76 91.00 -24.45 0
140626 16.11 95.97 -19.92 0
140627 16.39 95.20 -20.30 0
140628 16.68 94.49 -20.64 0
140645 33.96 91.59 -23.85 0
140646 33.55 91.03 -24.13 0
140647 31.35 91.10 -24.47 0
140648 20.84 94.58 -21.98 0
140649 20.37 95.00 -21.64 0
140650 19.81 95.13 -21.39 0
140651 19.28 95.02 -21.26 0
140652 17.01 93.84 -20.98 0
140653 17.09 93.29 -21.22 0
140667 30.88 90.93 -24.57 0
140668 21.97 94.64 -22.35 0
140669 21.54 94.82 -22.12 0
140670 19.50 94.49 -21.55 0
140671 18.88 94.25 -21.44 0
140672 18.17 93.71 -21.41 0
140673 17.52 93.53 -21.26 0
140674 17.24 93.10 -21.34 0
140687 30.23 90.88 -24.64 0
140688 22.36 94.45 -22.55 0
140694 28.87 91.30 -24.57 0
140695 29.42 91.05 -24.63 0
140696 23.04 94.14 -22.86 0
140701 28.17 92.22 -24.23 0
140702 28.35 91.72 -24.43 0
140703 24.45 93.93 -23.25 0
140704 23.92 93.73 -23.23 0
140707 27.86 92.22 -24.23 0
140708 27.68 91.27 -24.60 0
140709 25.56 93.50 -23.54 0
140710 24.91 93.40 -23.52 0
140711 24.07 92.60 -23.73 0
140715 27.36 92.65 -24.03 0
140716 26.77 92.82 -23.91 0
140717 25.88 92.93 -23.81 0
140718 25.08 92.05 -24.11 0
141450 16.07 98.90 -18.68 0
141459 16.44 97.80 -19.26 0
141460 16.60 96.86 -19.70 0
141472 33.45 92.87 -23.53 0
141473 32.65 92.49 -23.79 0
141474 32.00 92.06 -24.05 0
141475 31.59 91.71 -24.23 0
141476 16.79 96.06 -20.08 0
141477 17.08 95.33 -20.44 0
141478 17.20 94.57 -20.76 0
141491 31.22 91.90 -24.20 0
141492 21.07 95.66 -21.60 0
141493 20.28 95.95 -21.21 0
141494 19.50 95.84 -20.99 0
141495 18.69 95.36 -20.93 0
141496 17.77 95.03 -20.76 0
141497 17.48 94.17 -20.99 0
141507 30.70 92.00 -24.21 0
141508 22.19 95.23 -22.15 0
141509 21.79 95.73 -21.81 0
141510 18.26 94.50 -21.13 0
141511 17.80 94.14 -21.11 0
141512 17.60 93.95 -21.11 0
141519 30.10 92.10 -24.23 0
141520 22.92 95.25 -22.35 0
141525 29.08 92.15 -24.25 0
141526 29.63 92.50 -24.10 0
141527 24.29 95.16 -22.72 0
141528 23.87 95.04 -22.68 0
141532 28.29 92.73 -24.02 0
141533 28.79 92.93 -23.94 0
141534 24.49 94.64 -22.96 0
141535 24.10 94.47 -22.98 0
141539 27.93 93.30 -23.77 0
141540 26.31 94.52 -23.15 0
141541 25.88 94.16 -23.28 0
141542 25.27 94.71 -23.01 0
141546 27.39 93.76 -23.54 0
141547 26.61 94.19 -23.30 0
141548 26.13 93.76 -23.47 0
142214 17.75 100.95 -18.17 0
142215 16.68 100.40 -18.15 0
142225 18.53 100.62 -18.55 0
142226 17.63 98.94 -19.08 0
142227 17.02 97.63 -19.49 0
142238 32.87 94.03 -23.21 0
142239 32.00 93.53 -23.51 0
142240 31.60 92.47 -23.96 0
142241 18.44 97.54 -19.95 0
142242 17.41 96.91 -19.91 0
142243 17.20 96.06 -20.19 0
142258 31.54 93.95 -23.40 0
142259 31.21 93.15 -23.74 0
142260 20.99 97.06 -20.95 0
142261 19.92 96.98 -20.65 0
142262 19.01 96.62 -20.51 0
142263 18.14 96.23 -20.40 0
142264 17.52 95.91 -20.34 0
142274 30.53 93.04 -23.84 0
142275 22.51 96.48 -21.68 0
142276 21.65 96.45 -21.44 0
142282 29.93 93.87 -23.55 0
142283 30.05 93.09 -23.86 0
142284 24.13 96.68 -22.00 0
142285 23.51 96.16 -22.10 0
142290 29.38 93.39 -23.76 0
142291 29.75 93.22 -23.83 0
142292 24.49 95.79 -22.47 0
142293 24.01 95.92 -22.33 0
142297 28.63 93.97 -23.50 0
142298 29.00 93.63 -23.66 0
142299 25.53 95.90 -22.52 0
142300 25.06 95.44 -22.69 0
142304 28.19 95.38 -22.84 0
142305 28.05 94.44 -23.27 0
142306 26.40 95.21 -22.85 0
142307 25.80 95.26 -22.81 0
142308 25.43 95.33 -22.77 0
142312 27.97 95.61 -22.72 0
142313 27.58 95.18 -22.90 0
142314 27.03 95.38 -22.79 0
142319 27.51 95.70 -22.66 0
142320 27.38 95.58 -22.71 0
142975 19.35 100.77 -18.71 0
142976 18.89 99.81 -19.05 0
142988 32.42 95.14 -22.84 0
142989 20.06 101.00 -18.81 0
142990 19.86 99.92 -19.29 0
142991 19.10 98.78 -19.60 0
143007 31.69 94.89 -23.01 0
143008 31.26 94.23 -23.32 0
143009 22.23 98.59 -20.63 0
143010 21.71 98.40 -20.56 0
143011 20.40 98.68 -20.04 0
143012 19.37 97.73 -20.15 0
143021 31.08 95.06 -22.99 0
143022 30.80 94.07 -23.42 0
143023 22.54 98.09 -20.95 0
143024 21.88 97.30 -21.13 0
143029 30.19 95.65 -22.78 0
143030 30.37 95.09 -23.01 0
143031 30.34 93.83 -23.55 0
143032 24.27 97.42 -21.68 0
143033 23.60 97.57 -21.46 0
143037 29.91 95.58 -22.81 0
143038 29.66 94.61 -23.24 0
143039 25.31 97.31 -21.87 0
143040 24.87 97.17 -21.89 0
143044 29.01 96.03 -22.58 0
143045 29.20 95.48 -22.84 0
143046 29.18 94.22 -23.41 0
143047 25.53 96.88 -22.08 0
143048 25.11 96.24 -22.34 0
143053 28.70 95.94 -22.61 0
143054 28.56 95.04 -23.02 0
143055 26.48 95.83 -22.58 0
143056 26.22 96.26 -22.38 0
143061 28.19 96.09 -22.51 0
143062 27.89 95.81 -22.62 0
143063 26.78 96.03 -22.49 0
143064 26.73 96.65 -22.21 0
143069 27.94 96.21 -22.44 0
143070 27.70 95.97 -22.54 0
143071 27.35 96.07 -22.49 0
143676 20.80 100.63 -19.21 0
143677 20.46 99.74 -19.56 0
143692 31.45 96.07 -22.53 0
143693 22.45 99.27 -20.36 0
143694 21.47 99.78 -19.83 0
143695 20.78 99.72 -19.67 0
143703 30.90 95.98 -22.61 0
143704 24.12 99.19 -20.80 0
143705 23.41 98.98 -20.74 0
143710 30.29 96.28 -22.49 0
143711 30.57 95.98 -22.62 0
143712 25.12 98.77 -21.16 0
143713 24.45 98.25 -21.32 0
143714 23.90 98.50 -21.09 0
143718 29.75 96.37 -22.45 0
143719 25.50 97.89 -21.62 0
143720 25.00 98.02 -21.51 0
143725 29.12 96.68 -22.28 0
143726 29.42 96.38 -22.44 0
143727 26.57 97.92 -21.64 0
143728 26.10 97.39 -21.87 0
143733 28.55 96.85 -22.17 0
143734 26.94 97.49 -21.84 0
143735 26.58 97.12 -22.00 0
143739 28.01 96.80 -22.16 0
143740 27.60 97.02 -22.05 0
143741 27.15 96.83 -22.14 0
143742 26.86 97.03 -22.05 0
143746 27.84 96.36 -22.36 0
143747 27.67 96.47 -22.31 0
143748 27.45 96.60 -22.24 0
144296 21.80 101.11 -19.26 0
144310 24.01 101.09 -19.81 0
144311 23.39 100.43 -20.01 0
144312 22.39 100.58 -19.69 0
144319 31.19 97.09 -22.10 0
144320 25.07 100.60 -20.25 0
144321 24.42 100.34 -20.27 0
144322 23.84 99.74 -20.47 0
144327 30.72 97.49 -21.92 0
144328 30.73 96.57 -22.35 0
144329 25.22 99.91 -20.61 0
144330 24.67 99.30 -20.84 0
144335 29.92 98.17 -21.60 0
144336 30.05 97.54 -21.90 0
144337 26.36 99.64 -20.84 0
144338 25.86 99.25 -20.99 0
144343 29.55 97.89 -21.71 0
144344 29.58 96.97 -22.16 0
144345 26.59 98.94 -21.17 0
144346 26.13 98.28 -21.47 0
144350 28.91 97.87 -21.70 0
144351 27.04 98.29 -21.47 0
144355 28.34 97.75 -21.73 0
144356 27.85 97.69 -21.75 0
144357 27.38 97.74 -21.72 0
144912 23.70 101.90 -19.31 0
144913 22.90 101.50 -19.35 0
144914 22.37 101.37 -19.28 0
144921 24.99 101.14 -19.95 0
144922 24.51 101.65 -19.60 0
144929 30.47 98.77 -21.30 0
144930 26.04 100.98 -20.16 0
144931 25.63 100.96 -20.13 0
144936 29.96 98.89 -21.24 0
144937 30.10 98.34 -21.52 0
144938 26.20 100.42 -20.45 0
144939 25.73 100.14 -20.55 0
144944 29.27 99.14 -21.09 0
144945 26.79 99.93 -20.71 0
144949 28.97 99.50 -20.91 0
144950 28.57 98.92 -21.18 0
144951 27.96 99.09 -21.11 0
144952 27.36 99.25 -21.03 0
144955 28.08 98.37 -21.43 0
144956 27.67 98.43 -21.41 0
144957 27.37 98.43 -21.41 0
145612 25.30 102.12 -19.47 0
145620 26.30 101.53 -19.89 0
145621 25.82 101.79 -19.72 0
145628 26.84 100.90 -20.24 0
145635 27.39 100.41 -20.49 0
145639 28.71 99.88 -20.73 0
145640 28.26 99.77 -20.79 0
145641 27.82 99.78 -20.79 0
145642 27.57 99.92 -20.72 0
