# Label from mne_analyze
1149
24971 33.97 -78.45 -14.86 0
24972 33.94 -78.55 -14.91 0
24986 33.94 -78.34 -15.04 0
24987 33.85 -78.51 -15.28 0
25005 33.87 -78.03 -15.50 0
25006 33.74 -78.29 -15.81 0
25025 33.74 -77.93 -16.02 0
25026 33.67 -78.09 -16.17 0
26255 34.22 -79.57 -13.14 0
26256 34.11 -79.87 -13.35 0
26264 30.56 -90.91 -24.01 0
26267 34.14 -78.97 -13.84 0
26268 34.04 -79.53 -13.86 0
26272 30.41 -90.56 -24.71 0
26273 30.25 -90.23 -25.40 0
26276 34.04 -78.43 -14.60 0
26277 33.91 -78.99 -14.72 0
26278 30.09 -89.91 -26.03 0
26279 29.93 -89.61 -26.63 0
26291 34.00 -78.05 -15.02 0
26292 33.70 -78.81 -15.62 0
26293 33.54 -78.76 -16.23 0
26294 29.81 -89.37 -27.10 0
26295 29.68 -88.98 -27.47 0
26307 34.00 -77.66 -15.30 0
26308 33.61 -78.35 -16.20 0
26309 33.46 -78.35 -16.73 0
26310 29.55 -88.66 -27.87 0
26331 33.84 -77.43 -15.98 0
26332 33.60 -77.78 -16.59 0
26333 33.38 -77.85 -17.29 0
26334 29.46 -88.64 -28.27 0
26352 33.66 -77.01 -16.82 0
26353 33.43 -77.22 -17.47 0
26354 33.32 -77.54 -17.65 0
26355 29.20 -88.56 -29.30 0
26356 29.36 -88.72 -28.76 0
26369 33.52 -76.72 -17.43 0
26370 33.41 -76.75 -17.77 0
26372 29.10 -88.61 -29.81 0
27549 34.05 -80.67 -13.29 0
27554 30.76 -90.61 -22.65 0
27555 30.65 -90.51 -23.25 0
27556 30.57 -90.54 -23.78 0
27558 34.37 -78.96 -12.94 0
27559 34.02 -80.07 -13.65 0
27560 33.86 -80.36 -14.16 0
27565 30.50 -89.98 -23.92 0
27566 30.40 -89.99 -24.48 0
27567 30.24 -89.77 -25.22 0
27569 34.28 -78.31 -13.77 0
27570 33.87 -79.71 -14.44 0
27571 33.69 -79.91 -15.04 0
27572 30.09 -89.47 -25.83 0
27573 29.93 -89.18 -26.42 0
27584 34.17 -77.74 -14.62 0
27585 33.73 -79.36 -15.15 0
27586 33.53 -79.37 -15.90 0
27587 33.37 -79.43 -16.52 0
27588 29.77 -88.90 -27.03 0
27589 29.59 -88.45 -27.61 0
27599 34.10 -77.03 -15.33 0
27600 34.23 -76.47 -15.28 0
27601 33.40 -78.92 -16.65 0
27602 33.25 -79.16 -17.09 0
27603 29.41 -88.14 -28.19 0
27617 33.91 -76.57 -16.26 0
27618 34.10 -76.42 -15.73 0
27619 33.27 -78.45 -17.38 0
27620 33.11 -78.85 -17.78 0
27621 33.02 -78.92 -18.09 0
27622 29.27 -88.10 -28.74 0
27640 33.68 -76.32 -17.15 0
27641 33.28 -77.32 -17.92 0
27642 33.22 -77.78 -17.90 0
27643 33.07 -78.24 -18.20 0
27644 32.99 -78.66 -18.28 0
27645 29.04 -88.10 -29.66 0
27646 29.11 -88.00 -29.31 0
27665 33.43 -76.31 -17.93 0
27666 33.27 -76.77 -18.22 0
27667 33.14 -77.31 -18.37 0
27668 33.06 -77.73 -18.43 0
27669 28.84 -88.02 -30.51 0
27670 28.85 -87.63 -30.14 0
27671 28.97 -87.75 -29.72 0
27684 33.31 -76.16 -18.38 0
27685 33.29 -76.37 -18.34 0
27687 28.56 -87.28 -31.23 0
27688 28.71 -87.43 -30.66 0
28897 30.85 -90.51 -22.15 0
28908 33.91 -81.17 -13.69 0
28909 33.86 -81.96 -13.74 0
28910 33.94 -82.59 -13.38 0
28915 30.63 -89.65 -23.16 0
28916 30.53 -89.80 -23.69 0
28921 33.68 -80.59 -14.82 0
28922 33.66 -81.35 -14.66 0
28926 30.39 -88.25 -24.03 0
28927 30.34 -89.07 -24.42 0
28928 30.17 -89.13 -25.26 0
28929 30.10 -89.22 -25.64 0
28931 34.45 -77.50 -13.71 0
28932 34.56 -76.94 -13.72 0
28933 33.50 -80.04 -15.72 0
28934 33.47 -80.68 -15.60 0
28935 30.19 -87.06 -24.69 0
28936 30.08 -87.54 -25.24 0
28937 30.05 -88.23 -25.55 0
28938 29.91 -88.52 -26.26 0
28939 29.81 -88.67 -26.73 0
28947 34.29 -77.18 -14.56 0
28948 34.45 -76.84 -14.25 0
28949 33.41 -79.70 -16.22 0
28950 33.26 -79.96 -16.69 0
28951 33.09 -80.12 -17.29 0
28952 30.09 -86.44 -25.04 0
28953 29.98 -86.50 -25.48 0
28954 29.74 -88.03 -26.80 0
28955 29.65 -88.09 -27.21 0
28956 29.48 -87.97 -27.84 0
28966 34.30 -76.76 -14.85 0
28967 34.42 -76.27 -14.78 0
28968 34.47 -75.67 -15.05 0
28969 33.13 -79.36 -17.46 0
28970 33.01 -79.65 -17.80 0
28971 32.83 -79.39 -18.57 0
28972 29.99 -86.05 -25.36 0
28973 29.90 -85.90 -25.73 0
28974 29.43 -87.58 -27.89 0
28975 29.33 -87.59 -28.29 0
28985 34.05 -76.13 -16.10 0
28986 34.24 -75.86 -15.67 0
28987 34.43 -75.19 -15.51 0
28988 33.04 -79.16 -17.91 0
28989 32.93 -78.99 -18.37 0
28990 32.77 -78.89 -18.98 0
28991 29.22 -87.62 -28.70 0
29005 33.95 -75.65 -16.70 0
29006 34.25 -75.09 -16.16 0
29007 34.41 -74.82 -15.87 0
29008 32.98 -77.92 -18.65 0
29009 32.86 -78.29 -18.92 0
29010 32.74 -78.57 -19.21 0
29011 29.08 -87.52 -29.17 0
29030 33.62 -75.65 -17.70 0
29031 33.18 -76.61 -18.58 0
29032 33.10 -76.83 -18.72 0
29033 32.92 -77.42 -19.03 0
29034 32.78 -77.79 -19.35 0
29035 28.75 -87.06 -30.23 0
29036 28.89 -87.28 -29.77 0
29052 33.36 -75.74 -18.45 0
29053 33.16 -76.24 -18.80 0
29054 32.93 -76.62 -19.33 0
29055 32.78 -76.94 -19.66 0
29056 28.38 -86.40 -31.41 0
29057 28.59 -86.80 -30.75 0
29072 28.07 -85.98 -32.63 0
29073 28.26 -86.37 -31.98 0
29083 27.98 -86.08 -33.19 0
29098 27.77 -85.77 -34.00 0
30237 33.94 -83.02 -13.41 0
30238 33.84 -83.39 -13.78 0
30242 31.15 -91.23 -20.67 0
30243 30.98 -90.49 -21.50 0
30255 33.70 -81.90 -14.41 0
30256 33.70 -82.48 -14.36 0
30257 33.65 -82.99 -14.54 0
30262 31.24 -90.89 -20.28 0
30263 30.84 -89.75 -22.17 0
30271 33.59 -81.80 -14.86 0
30272 33.46 -81.92 -15.34 0
30276 30.66 -88.71 -22.91 0
30280 33.45 -81.33 -15.49 0
30281 33.26 -81.40 -16.22 0
30282 33.07 -81.21 -17.01 0
30283 30.44 -87.49 -23.73 0
30284 29.95 -87.20 -25.74 0
30285 29.92 -87.40 -25.89 0
30286 29.86 -87.73 -26.23 0
30289 34.64 -76.37 -13.86 0
30290 34.72 -75.71 -14.08 0
30291 33.31 -80.81 -16.20 0
30292 33.13 -80.64 -16.98 0
30293 32.91 -80.73 -17.76 0
30294 32.72 -80.46 -18.53 0
30295 30.22 -85.60 -24.45 0
30296 30.19 -86.18 -24.63 0
30297 29.83 -86.69 -26.10 0
30298 29.76 -87.04 -26.50 0
30299 29.67 -87.48 -26.94 0
30300 29.45 -87.25 -27.72 0
30309 34.58 -75.84 -14.51 0
30310 34.66 -75.19 -14.74 0
30311 34.73 -74.60 -14.93 0
30312 32.99 -80.22 -17.65 0
30313 32.81 -79.97 -18.38 0
30314 32.61 -79.95 -19.08 0
30315 30.08 -84.32 -24.95 0
30316 30.05 -84.91 -25.06 0
30317 29.83 -85.23 -25.92 0
30318 29.79 -85.85 -26.15 0
30319 29.25 -87.04 -28.38 0
30320 29.17 -87.21 -28.72 0
30328 34.57 -74.46 -15.58 0
30329 34.72 -74.29 -15.18 0
30330 32.62 -79.41 -19.27 0
30331 32.55 -79.69 -19.38 0
30332 29.91 -83.00 -25.65 0
30333 29.91 -83.76 -25.59 0
30334 29.71 -84.15 -26.29 0
30335 29.69 -84.56 -26.42 0
30336 29.00 -86.63 -29.14 0
30337 29.08 -87.19 -29.05 0
30345 33.79 -75.02 -17.53 0
30346 34.09 -74.50 -16.98 0
30347 34.35 -74.51 -16.21 0
30348 32.71 -78.39 -19.39 0
30349 32.63 -78.71 -19.51 0
30350 29.85 -81.86 -26.03 0
30351 29.76 -82.38 -26.18 0
30352 29.66 -82.87 -26.46 0
30353 29.69 -83.48 -26.36 0
30354 28.80 -86.46 -29.77 0
30355 28.94 -86.98 -29.46 0
30368 33.51 -74.88 -18.42 0
30369 33.79 -74.43 -17.85 0
30370 32.69 -77.40 -19.78 0
30371 32.67 -78.03 -19.64 0
30372 32.63 -78.36 -19.65 0
30373 29.70 -81.26 -26.55 0
30374 29.62 -81.81 -26.68 0
30375 29.62 -82.31 -26.63 0
30376 28.68 -86.55 -30.24 0
30377 28.82 -86.82 -29.82 0
30390 33.11 -75.17 -19.44 0
30391 32.91 -75.93 -19.68 0
30392 32.72 -76.39 -20.05 0
30393 32.64 -76.87 -20.11 0
30394 29.60 -80.93 -26.91 0
30395 29.56 -81.24 -26.95 0
30396 28.36 -85.93 -31.24 0
30397 28.49 -86.13 -30.78 0
30413 32.89 -74.88 -20.17 0
30414 32.82 -75.33 -20.19 0
30415 32.72 -75.81 -20.28 0
30416 28.03 -85.41 -32.47 0
30417 28.20 -85.67 -31.83 0
30427 27.88 -85.24 -33.10 0
30433 27.52 -84.74 -34.53 0
30434 27.71 -85.03 -33.77 0
31498 33.83 -84.09 -13.84 0
31499 33.79 -84.71 -13.96 0
31516 33.64 -83.46 -14.61 0
31517 33.61 -84.04 -14.72 0
31520 31.09 -90.30 -21.04 0
31521 30.96 -89.94 -21.60 0
31536 33.58 -82.71 -14.82 0
31537 33.50 -82.91 -15.12 0
31538 33.37 -83.31 -15.63 0
31541 31.40 -90.97 -19.56 0
31542 31.23 -90.08 -20.47 0
31543 30.96 -89.22 -21.65 0
31554 33.48 -82.43 -15.23 0
31555 33.32 -82.52 -15.85 0
31556 33.12 -82.56 -16.60 0
31557 30.72 -87.92 -22.66 0
31563 33.33 -82.03 -15.86 0
31564 33.14 -81.87 -16.63 0
31565 32.93 -81.93 -17.41 0
31566 30.51 -86.85 -23.43 0
31570 34.89 -75.22 -13.78 0
31572 32.95 -81.39 -17.43 0
31573 32.73 -81.20 -18.30 0
31574 32.49 -80.96 -19.18 0
31575 30.29 -85.33 -24.20 0
31576 30.38 -86.00 -23.90 0
31577 29.67 -86.45 -26.71 0
31578 29.57 -86.52 -27.11 0
31579 29.42 -86.66 -27.67 0
31580 29.29 -86.68 -28.17 0
31585 34.82 -74.78 -14.45 0
31586 34.86 -74.25 -14.69 0
31587 32.56 -80.45 -19.10 0
31588 32.37 -80.39 -19.73 0
31589 30.27 -83.66 -24.43 0
31590 30.17 -83.94 -24.69 0
31591 30.22 -84.69 -24.45 0
31592 29.67 -85.23 -26.56 0
31593 29.53 -85.58 -27.11 0
31594 29.37 -85.95 -27.74 0
31595 29.20 -86.07 -28.34 0
31596 29.11 -86.37 -28.70 0
31603 34.58 -73.99 -15.85 0
31604 34.72 -73.82 -15.51 0
31605 32.49 -79.37 -19.69 0
31606 32.42 -79.71 -19.77 0
31607 32.30 -80.02 -20.04 0
31608 30.30 -82.65 -24.60 0
31609 30.18 -83.09 -24.84 0
31610 30.03 -83.45 -25.20 0
31611 29.57 -83.87 -26.80 0
31612 29.52 -84.30 -27.03 0
31613 29.36 -84.66 -27.61 0
31614 29.02 -85.85 -28.90 0
31615 28.92 -85.95 -29.23 0
31622 34.16 -73.85 -17.13 0
31623 34.44 -73.68 -16.45 0
31624 34.67 -73.30 -15.97 0
31625 32.43 -78.98 -20.00 0
31626 32.31 -79.26 -20.26 0
31627 30.35 -81.44 -24.82 0
31628 30.17 -81.99 -25.13 0
31629 29.97 -82.46 -25.57 0
31630 29.53 -82.73 -26.91 0
31631 29.48 -83.16 -27.07 0
31632 29.36 -83.44 -27.52 0
31633 28.58 -85.49 -30.22 0
31634 28.76 -85.85 -29.72 0
31643 33.62 -73.97 -18.56 0
31644 33.94 -73.77 -17.77 0
31645 34.17 -73.44 -17.31 0
31646 32.54 -77.11 -20.34 0
31647 32.47 -77.64 -20.34 0
31648 32.51 -78.31 -20.01 0
31649 30.19 -79.84 -25.62 0
31650 30.14 -80.75 -25.53 0
31651 29.91 -81.27 -26.00 0
31652 29.48 -81.45 -27.17 0
31653 29.45 -82.19 -27.19 0
31654 29.40 -82.56 -27.35 0
31655 28.47 -85.46 -30.60 0
31656 28.62 -85.95 -30.20 0
31665 33.29 -74.17 -19.38 0
31666 32.58 -76.01 -20.59 0
31667 32.48 -76.54 -20.69 0
31668 32.39 -77.08 -20.75 0
31669 30.09 -79.08 -26.04 0
31670 29.92 -79.70 -26.35 0
31671 29.71 -80.49 -26.70 0
31672 29.45 -80.75 -27.40 0
31673 29.35 -81.30 -27.60 0
31674 28.36 -85.47 -31.03 0
31675 28.51 -85.91 -30.58 0
31687 32.92 -74.24 -20.37 0
31688 32.72 -74.80 -20.66 0
31689 32.56 -75.39 -20.89 0
31690 32.44 -75.94 -21.01 0
31691 30.27 -76.69 -26.14 0
31692 30.19 -77.30 -26.20 0
31693 30.05 -78.11 -26.37 0
31694 29.81 -78.72 -26.84 0
31695 29.59 -79.31 -27.31 0
31696 29.46 -79.96 -27.53 0
31697 28.01 -84.81 -32.25 0
31698 28.19 -85.13 -31.62 0
31707 32.73 -73.88 -21.01 0
31708 32.64 -74.26 -21.11 0
31709 32.53 -74.73 -21.21 0
31710 30.29 -75.43 -26.46 0
31711 30.22 -76.01 -26.46 0
31712 30.04 -76.57 -26.74 0
31713 29.90 -77.17 -26.95 0
31714 29.70 -77.68 -27.38 0
31715 29.57 -78.41 -27.56 0
31716 27.61 -83.84 -33.61 0
31717 27.82 -84.47 -32.98 0
31719 30.20 -74.96 -26.87 0
31720 30.10 -75.40 -26.96 0
31721 29.93 -75.80 -27.28 0
31722 29.80 -76.46 -27.42 0
31723 29.70 -76.91 -27.56 0
31724 27.48 -83.88 -34.25 0
31725 27.69 -84.48 -33.55 0
31727 30.10 -74.69 -27.22 0
31728 30.03 -74.96 -27.29 0
31729 29.95 -75.23 -27.39 0
31730 27.02 -83.15 -36.06 0
31731 27.29 -83.74 -35.07 0
32848 33.56 -84.63 -14.85 0
32849 33.47 -85.24 -15.03 0
32870 33.42 -84.04 -15.42 0
32871 33.29 -84.45 -15.82 0
32873 31.70 -90.21 -18.61 0
32874 31.50 -89.36 -19.64 0
32892 33.25 -83.75 -16.05 0
32893 33.06 -83.78 -16.71 0
32894 31.58 -90.93 -18.82 0
32895 31.45 -90.09 -19.63 0
32896 31.25 -89.03 -20.62 0
32897 30.98 -88.09 -21.72 0
32912 33.10 -83.19 -16.65 0
32913 32.87 -83.16 -17.45 0
32914 30.77 -87.18 -22.51 0
32923 32.90 -82.56 -17.41 0
32924 32.66 -82.56 -18.27 0
32925 32.46 -82.26 -19.02 0
32926 30.61 -86.36 -23.11 0
32932 32.75 -81.99 -18.07 0
32933 32.52 -81.69 -18.90 0
32934 32.31 -81.76 -19.58 0
32935 30.41 -85.10 -23.79 0
32936 30.49 -85.69 -23.53 0
32939 34.98 -73.55 -14.77 0
32940 35.11 -72.83 -14.84 0
32941 32.28 -81.06 -19.83 0
32942 32.21 -81.45 -19.95 0
32943 30.40 -83.59 -24.09 0
32944 30.37 -84.04 -24.05 0
32945 30.37 -84.53 -23.98 0
32946 29.31 -85.43 -27.86 0
32947 29.17 -85.45 -28.33 0
32948 29.03 -85.54 -28.79 0
32953 34.86 -73.01 -15.55 0
32954 35.03 -72.36 -15.46 0
32955 32.26 -79.82 -20.23 0
32956 32.17 -80.14 -20.40 0
32957 30.47 -82.48 -24.22 0
32958 30.42 -83.07 -24.17 0
32959 29.22 -84.00 -28.05 0
32960 29.18 -84.77 -28.23 0
32961 28.96 -84.96 -28.96 0
32962 28.84 -85.35 -29.38 0
32963 28.81 -85.67 -29.51 0
32970 34.47 -72.97 -16.75 0
32971 34.65 -72.69 -16.40 0
32972 34.87 -72.51 -15.88 0
32973 32.24 -78.92 -20.56 0
32974 32.14 -79.41 -20.69 0
32975 32.07 -79.78 -20.78 0
32976 30.57 -81.54 -24.27 0
32977 30.45 -81.91 -24.45 0
32978 29.20 -82.84 -28.05 0
32979 29.26 -83.50 -27.89 0
32980 28.64 -85.19 -29.99 0
32981 28.76 -85.51 -29.66 0
32993 33.74 -73.19 -18.62 0
32994 34.02 -73.02 -17.96 0
32995 34.31 -72.87 -17.24 0
32996 34.48 -72.65 -16.91 0
32997 32.28 -77.40 -20.94 0
32998 32.21 -78.14 -20.89 0
32999 32.13 -78.78 -20.92 0
33000 30.47 -80.29 -24.83 0
33001 30.45 -81.03 -24.69 0
33002 29.19 -81.39 -28.14 0
33003 29.28 -82.34 -27.77 0
33004 28.46 -85.01 -30.54 0
33015 33.45 -73.37 -19.30 0
33016 32.31 -76.18 -21.27 0
33017 32.19 -76.73 -21.40 0
33018 32.15 -77.40 -21.29 0
33019 30.50 -78.92 -25.07 0
33020 30.35 -79.41 -25.33 0
33021 29.23 -79.93 -28.20 0
33022 29.24 -80.71 -28.04 0
33023 28.20 -84.34 -31.34 0
33024 28.33 -84.93 -30.97 0
33037 33.13 -73.41 -20.15 0
33038 32.38 -74.96 -21.51 0
33039 32.26 -75.58 -21.59 0
33040 32.18 -76.10 -21.64 0
33041 30.63 -76.52 -25.33 0
33042 30.50 -77.17 -25.46 0
33043 30.40 -78.12 -25.49 0
33044 30.27 -78.73 -25.67 0
33045 29.36 -78.60 -28.12 0
33046 29.34 -79.34 -28.02 0
33047 27.82 -83.37 -32.65 0
33048 28.04 -84.15 -31.95 0
33049 28.21 -84.80 -31.39 0
33064 32.81 -73.37 -21.01 0
33065 32.57 -73.66 -21.51 0
33066 32.35 -74.25 -21.86 0
33067 32.21 -74.89 -21.97 0
33068 30.64 -75.29 -25.69 0
33069 30.54 -75.79 -25.77 0
33070 30.42 -76.44 -25.83 0
33071 29.43 -76.07 -28.59 0
33072 29.50 -76.75 -28.20 0
33073 29.42 -77.73 -28.16 0
33074 27.68 -83.48 -33.22 0
33075 27.86 -84.05 -32.62 0
33083 32.77 -72.83 -21.35 0
33084 32.59 -72.93 -21.77 0
33085 32.33 -73.30 -22.28 0
33086 30.67 -74.92 -25.76 0
33087 30.44 -75.01 -26.26 0
33088 29.81 -74.73 -28.00 0
33089 29.80 -75.09 -27.86 0
33090 29.62 -75.84 -28.14 0
33091 29.65 -76.49 -27.83 0
33092 27.45 -82.92 -34.04 0
33100 30.56 -74.37 -26.25 0
33101 30.25 -74.31 -27.00 0
33102 29.94 -74.54 -27.71 0
33103 29.93 -74.95 -27.57 0
33104 26.91 -82.02 -36.07 0
33105 27.14 -82.45 -35.19 0
33113 30.48 -73.77 -26.69 0
33114 30.32 -73.53 -27.20 0
33115 26.70 -81.62 -36.88 0
34081 33.42 -85.74 -15.08 0
34082 33.34 -86.45 -15.01 0
34100 33.21 -85.31 -15.91 0
34101 32.95 -85.88 -16.58 0
34102 32.88 -86.39 -16.63 0
34103 31.97 -89.65 -17.91 0
34120 33.02 -84.41 -16.77 0
34121 32.90 -84.96 -17.04 0
34122 31.67 -89.04 -19.14 0
34123 31.42 -88.46 -20.15 0
34137 32.84 -83.73 -17.51 0
34138 32.78 -84.25 -17.61 0
34139 31.18 -87.92 -21.05 0
34140 30.99 -87.30 -21.76 0
34153 32.68 -83.13 -18.13 0
34154 32.60 -83.64 -18.33 0
34155 32.46 -83.64 -18.79 0
34156 30.83 -86.57 -22.35 0
34168 32.62 -82.86 -18.39 0
34169 32.51 -82.87 -18.76 0
34170 32.41 -83.26 -19.02 0
34171 30.68 -85.91 -22.89 0
34176 32.27 -82.41 -19.58 0
34177 32.34 -82.88 -19.28 0
34178 30.58 -84.96 -23.29 0
34179 30.57 -85.42 -23.27 0
34183 35.23 -72.16 -14.91 0
34185 32.13 -81.27 -20.22 0
34186 32.13 -81.70 -20.14 0
34187 30.63 -83.59 -23.48 0
34188 30.56 -84.10 -23.52 0
34189 30.50 -84.44 -23.60 0
34193 35.18 -71.65 -15.45 0
34194 35.31 -71.70 -14.97 0
34195 32.01 -80.83 -20.68 0
34196 32.04 -81.31 -20.50 0
34197 30.69 -82.67 -23.61 0
34198 30.61 -83.01 -23.73 0
34199 29.01 -83.86 -28.74 0
34200 28.89 -84.23 -29.12 0
34201 28.80 -84.52 -29.44 0
34202 28.81 -84.85 -29.42 0
34207 34.69 -72.03 -16.67 0
34208 34.90 -71.95 -16.13 0
34209 31.99 -79.27 -21.14 0
34210 31.91 -79.77 -21.23 0
34211 31.59 -80.06 -22.04 0
34212 30.73 -81.66 -23.82 0
34213 30.70 -82.10 -23.78 0
34214 29.06 -82.57 -28.52 0
34215 29.00 -82.96 -28.75 0
34216 28.76 -83.33 -29.51 0
34217 28.68 -83.95 -29.79 0
34218 28.66 -84.60 -29.86 0
34227 33.72 -72.85 -18.84 0
34228 33.81 -72.56 -18.74 0
34229 34.12 -72.26 -18.07 0
34230 34.47 -72.06 -17.26 0
34231 32.02 -78.03 -21.43 0
34232 31.93 -78.63 -21.50 0
34233 31.54 -79.10 -22.40 0
34234 31.21 -79.81 -23.08 0
34235 30.84 -80.25 -23.92 0
34236 30.73 -81.14 -23.98 0
34237 29.01 -81.10 -28.75 0
34238 29.00 -81.92 -28.74 0
34239 28.76 -82.06 -29.48 0
34240 28.50 -83.17 -30.31 0
34241 28.46 -83.84 -30.46 0
34242 28.46 -84.50 -30.49 0
34253 33.60 -72.80 -19.17 0
34254 33.57 -72.14 -19.56 0
34255 32.03 -76.66 -21.86 0
34256 31.94 -77.31 -21.88 0
34257 31.49 -77.83 -22.88 0
34258 31.12 -78.49 -23.64 0
34259 30.80 -79.10 -24.30 0
34260 30.59 -79.59 -24.70 0
34261 29.10 -79.68 -28.66 0
34262 29.01 -80.21 -28.85 0
34263 28.25 -82.98 -31.10 0
34264 28.25 -83.84 -31.15 0
34265 28.33 -84.52 -30.90 0
34276 33.33 -72.70 -19.94 0
34277 33.24 -71.88 -20.54 0
34278 32.10 -75.22 -22.14 0
34279 31.96 -75.94 -22.27 0
34280 31.46 -76.42 -23.37 0
34281 30.95 -77.02 -24.44 0
34282 30.72 -78.08 -24.71 0
34283 30.60 -78.55 -24.90 0
34284 29.27 -75.44 -29.29 0
34285 29.24 -75.66 -29.30 0
34286 29.21 -77.88 -28.74 0
34287 29.08 -78.91 -28.90 0
34288 28.79 -79.25 -29.70 0
34289 27.97 -82.93 -32.07 0
34290 28.11 -83.81 -31.63 0
34301 32.98 -72.62 -20.90 0
34302 32.85 -71.72 -21.61 0
34303 32.16 -73.79 -22.52 0
34304 31.98 -74.48 -22.72 0
34305 31.50 -74.98 -23.74 0
34306 30.93 -75.45 -24.96 0
34307 30.75 -76.20 -25.13 0
34308 29.56 -74.56 -28.78 0
34309 29.51 -74.87 -28.81 0
34310 29.37 -75.46 -29.00 0
34311 29.28 -76.23 -29.00 0
34312 29.23 -77.05 -28.90 0
34313 27.58 -82.26 -33.38 0
34316 32.71 -72.42 -21.69 0
34317 32.35 -72.01 -22.77 0
34318 32.00 -73.15 -23.19 0
34319 31.59 -73.66 -24.03 0
34320 31.13 -73.93 -25.06 0
34321 30.80 -74.48 -25.63 0
34322 29.69 -74.55 -28.41 0
34323 29.62 -75.14 -28.37 0
34324 29.52 -75.33 -28.59 0
34325 27.01 -80.76 -35.32 0
34326 27.24 -81.62 -34.57 0
34329 32.06 -71.62 -23.67 0
34330 31.91 -72.10 -23.85 0
34331 31.70 -72.78 -24.11 0
34332 30.92 -72.96 -25.97 0
34333 30.74 -73.74 -26.08 0
34334 30.06 -73.66 -27.79 0
34335 29.84 -74.00 -28.22 0
34336 26.82 -80.88 -36.13 0
34337 27.04 -81.43 -35.31 0
34345 30.81 -72.39 -26.49 0
34346 30.57 -72.92 -26.86 0
34347 30.26 -73.02 -27.59 0
34349 26.44 -80.04 -37.50 0
35255 32.82 -86.75 -16.65 0
35256 32.70 -87.17 -16.83 0
35277 32.77 -85.73 -17.28 0
35278 32.71 -86.18 -17.28 0
35279 32.69 -86.69 -17.11 0
35280 32.10 -88.72 -17.90 0
35301 32.74 -85.29 -17.48 0
35302 32.64 -85.56 -17.76 0
35303 31.84 -88.48 -18.81 0
35304 31.60 -88.07 -19.69 0
35318 32.68 -84.62 -17.88 0
35319 32.52 -84.97 -18.31 0
35320 32.37 -84.91 -18.78 0
35321 31.32 -87.36 -20.73 0
35322 31.14 -87.33 -21.29 0
35337 32.63 -84.16 -18.12 0
35338 32.47 -84.11 -18.65 0
35339 32.32 -84.50 -19.01 0
35340 31.21 -86.69 -21.22 0
35341 31.07 -86.77 -21.60 0
35357 32.34 -83.55 -19.15 0
35358 32.20 -83.77 -19.52 0
35359 30.97 -85.64 -22.09 0
35360 30.91 -85.94 -22.22 0
35372 32.17 -82.55 -19.85 0
35373 32.18 -82.97 -19.74 0
35374 32.06 -83.34 -20.01 0
35375 30.94 -84.80 -22.37 0
35376 30.88 -85.15 -22.44 0
35377 30.72 -85.47 -22.82 0
35382 32.07 -82.26 -20.22 0
35383 31.96 -82.63 -20.42 0
35384 30.83 -83.78 -22.95 0
35385 30.84 -84.35 -22.74 0
35386 30.67 -84.60 -23.12 0
35390 35.23 -71.25 -15.54 0
35391 35.41 -71.11 -15.04 0
35392 31.89 -80.97 -20.99 0
35393 31.88 -81.42 -20.92 0
35394 30.99 -82.31 -22.99 0
35395 30.89 -82.51 -23.17 0
35396 30.83 -83.26 -23.11 0
35401 34.73 -71.42 -16.90 0
35402 35.10 -70.99 -16.10 0
35403 35.40 -70.32 -15.67 0
35404 31.79 -80.67 -21.33 0
35405 31.47 -80.96 -22.11 0
35406 31.18 -81.39 -22.77 0
35407 30.94 -81.87 -23.24 0
35408 30.84 -82.16 -23.41 0
35409 28.71 -82.55 -29.66 0
35410 28.55 -82.63 -30.14 0
35416 33.89 -71.68 -18.97 0
35417 34.23 -71.39 -18.22 0
35418 34.51 -71.12 -17.66 0
35419 31.13 -80.71 -23.07 0
35420 30.95 -81.12 -23.43 0
35421 30.87 -81.37 -23.55 0
35422 28.86 -80.88 -29.23 0
35423 28.66 -81.14 -29.85 0
35424 28.48 -81.76 -30.36 0
35425 28.34 -82.31 -30.82 0
35435 33.56 -71.20 -20.01 0
35436 28.66 -80.07 -29.94 0
35437 28.46 -80.38 -30.50 0
35438 28.22 -81.52 -31.17 0
35439 28.04 -81.81 -31.77 0
35450 33.16 -70.90 -21.18 0
35451 29.24 -74.83 -29.61 0
35452 29.22 -75.20 -29.53 0
35453 29.09 -75.97 -29.65 0
35454 28.99 -77.14 -29.60 0
35455 28.71 -78.13 -30.17 0
35456 28.51 -78.95 -30.60 0
35457 27.56 -80.46 -33.31 0
35458 27.70 -81.24 -32.88 0
35469 32.69 -70.50 -22.59 0
35470 32.53 -69.81 -23.33 0
35471 29.56 -73.52 -29.23 0
35472 29.50 -74.25 -29.09 0
35473 29.33 -74.81 -29.37 0
35474 29.30 -75.16 -29.31 0
35475 29.13 -76.67 -29.29 0
35476 29.11 -76.95 -29.27 0
35477 27.42 -80.55 -33.79 0
35478 27.51 -81.31 -33.52 0
35480 32.26 -71.02 -23.43 0
35481 32.29 -70.24 -23.73 0
35482 31.48 -72.94 -24.60 0
35483 31.36 -73.34 -24.73 0
35484 29.74 -73.09 -28.92 0
35485 29.69 -73.81 -28.72 0
35486 27.16 -80.33 -34.73 0
35487 27.37 -81.21 -34.00 0
35490 32.13 -71.40 -23.58 0
35491 31.88 -70.98 -24.44 0
35492 31.52 -72.08 -24.85 0
35493 31.24 -72.86 -25.22 0
35494 30.02 -72.75 -28.31 0
35495 29.87 -73.46 -28.40 0
35496 26.61 -78.35 -36.60 0
35497 26.84 -79.54 -35.83 0
35505 31.59 -70.62 -25.34 0
35506 31.39 -71.01 -25.65 0
35507 31.08 -71.94 -26.03 0
35508 30.71 -71.76 -27.05 0
35509 30.35 -72.26 -27.72 0
35510 26.35 -77.75 -37.48 0
35511 26.54 -79.16 -36.94 0
35524 31.23 -70.73 -26.20 0
35525 31.11 -71.08 -26.35 0
35526 30.95 -71.40 -26.61 0
36439 32.53 -87.24 -17.33 0
36440 32.46 -87.65 -17.34 0
36441 32.42 -88.22 -17.19 0
36460 32.55 -86.15 -17.81 0
36461 32.52 -86.63 -17.64 0
36462 32.36 -87.11 -17.90 0
36463 32.26 -87.64 -17.94 0
36464 32.24 -88.23 -17.73 0
36486 32.53 -85.78 -18.00 0
36487 32.40 -86.02 -18.27 0
36488 32.23 -86.44 -18.57 0
36489 32.14 -87.05 -18.56 0
36490 31.95 -87.58 -18.85 0
36491 31.75 -87.85 -19.32 0
36509 32.52 -85.42 -18.19 0
36510 32.36 -85.35 -18.64 0
36511 32.20 -85.77 -18.93 0
36512 31.74 -86.99 -19.65 0
36513 31.61 -87.26 -19.92 0
36527 32.25 -84.84 -19.12 0
36528 32.09 -85.08 -19.47 0
36529 31.41 -86.07 -20.83 0
36530 31.34 -86.41 -20.91 0
36531 31.10 -86.21 -21.61 0
36544 32.10 -84.37 -19.64 0
36545 31.86 -84.45 -20.25 0
36546 31.64 -84.62 -20.75 0
36547 31.30 -85.70 -21.21 0
36548 31.09 -85.63 -21.77 0
36549 31.01 -85.85 -21.92 0
36560 31.97 -83.04 -20.32 0
36561 31.88 -83.59 -20.41 0
36562 31.59 -83.95 -21.06 0
36563 31.36 -84.43 -21.48 0
36564 31.11 -84.90 -21.92 0
36565 31.02 -85.22 -22.05 0
36569 31.86 -82.17 -20.81 0
36570 31.75 -82.67 -20.98 0
36571 31.51 -83.10 -21.47 0
36572 31.27 -83.52 -21.95 0
36573 31.02 -83.92 -22.44 0
36574 30.99 -84.39 -22.37 0
36577 35.69 -70.09 -14.91 0
36579 31.63 -81.87 -21.48 0
36580 31.44 -82.32 -21.87 0
36581 31.15 -82.55 -22.53 0
36582 31.02 -83.20 -22.66 0
36583 30.95 -83.45 -22.75 0
36586 34.18 -70.12 -18.99 0
36587 34.33 -70.13 -18.60 0
36588 34.70 -70.37 -17.54 0
36589 35.20 -69.86 -16.52 0
36590 35.56 -69.52 -15.72 0
36591 31.38 -81.71 -22.17 0
36592 31.20 -81.99 -22.57 0
36593 31.10 -82.14 -22.78 0
36597 34.02 -70.51 -19.20 0
36598 34.39 -70.71 -18.18 0
36599 34.54 -70.74 -17.80 0
36600 28.41 -80.89 -30.61 0
36601 28.27 -81.01 -31.06 0
36609 33.53 -70.10 -20.62 0
36610 33.35 -69.44 -21.38 0
36611 28.40 -79.67 -30.79 0
36612 28.23 -80.15 -31.25 0
36613 28.02 -80.73 -31.84 0
36614 27.83 -80.94 -32.43 0
36624 33.12 -69.98 -21.71 0
36625 33.11 -69.25 -22.10 0
36626 29.26 -74.02 -29.86 0
36627 29.19 -74.47 -29.89 0
36628 28.99 -75.01 -30.25 0
36629 28.80 -75.85 -30.52 0
36630 28.58 -76.80 -30.87 0
36631 28.35 -77.76 -31.29 0
36632 28.17 -78.83 -31.63 0
36633 27.92 -79.54 -32.26 0
36634 27.70 -80.16 -32.91 0
36635 27.74 -80.78 -32.74 0
36645 32.92 -69.71 -22.38 0
36646 32.76 -69.09 -23.09 0
36647 32.65 -68.44 -23.71 0
36648 29.52 -72.84 -29.62 0
36649 29.36 -73.63 -29.74 0
36650 29.32 -74.24 -29.60 0
36651 27.47 -79.89 -33.64 0
36654 32.37 -69.44 -23.91 0
36655 32.44 -68.74 -24.06 0
36656 29.79 -72.18 -29.18 0
36657 27.07 -78.52 -35.02 0
36658 27.25 -79.44 -34.38 0
36661 32.02 -69.69 -24.68 0
36662 32.20 -69.07 -24.51 0
36663 30.37 -71.04 -28.27 0
36664 30.15 -71.62 -28.54 0
36665 26.82 -78.14 -35.87 0
36666 27.02 -79.19 -35.18 0
36674 31.62 -70.03 -25.53 0
36675 31.47 -70.47 -25.70 0
36676 30.60 -70.86 -27.76 0
36677 30.43 -71.50 -27.88 0
36678 26.42 -75.90 -37.20 0
36679 26.52 -77.20 -36.88 0
36690 31.42 -69.81 -26.13 0
36691 31.30 -70.25 -26.24 0
36692 31.11 -70.60 -26.55 0
36693 30.91 -70.83 -26.97 0
36694 25.98 -72.61 -38.64 0
36695 26.04 -73.82 -38.40 0
36696 26.12 -75.08 -38.14 0
36697 26.22 -76.40 -37.85 0
36711 31.18 -70.08 -26.61 0
36712 31.12 -70.25 -26.70 0
36713 31.03 -70.48 -26.82 0
37690 32.08 -86.31 -19.03 0
37691 32.03 -86.58 -19.03 0
37692 31.98 -86.94 -19.02 0
37712 32.09 -86.07 -19.09 0
37713 31.97 -86.16 -19.39 0
37714 31.82 -86.56 -19.60 0
37715 31.58 -86.57 -20.22 0
37737 31.99 -85.66 -19.51 0
37738 31.78 -85.76 -20.01 0
37739 31.53 -85.92 -20.57 0
37740 31.46 -86.24 -20.64 0
37754 31.82 -85.12 -20.14 0
37755 31.54 -85.15 -20.80 0
37756 31.34 -85.28 -21.24 0
37766 31.32 -84.96 -21.40 0
37767 31.26 -85.04 -21.52 0
37774 35.89 -69.20 -14.91 0
37778 34.20 -69.73 -19.14 0
37779 34.54 -69.32 -18.53 0
37780 35.00 -69.05 -17.53 0
37781 35.43 -68.89 -16.51 0
37782 35.72 -68.76 -15.77 0
37785 33.91 -69.49 -19.98 0
37791 33.62 -69.16 -20.86 0
37792 33.42 -68.71 -21.61 0
37793 33.38 -68.07 -22.10 0
37802 33.13 -68.58 -22.43 0
37803 33.14 -67.96 -22.74 0
37804 29.18 -73.76 -30.16 0
37805 28.97 -73.90 -30.69 0
37806 28.70 -74.67 -31.15 0
37807 28.45 -75.53 -31.56 0
37808 28.19 -76.41 -32.06 0
37809 28.00 -77.42 -32.38 0
37810 27.81 -78.30 -32.77 0
37811 27.66 -79.07 -33.10 0
37812 27.59 -79.42 -33.29 0
37823 32.97 -68.41 -22.93 0
37824 32.85 -68.01 -23.43 0
37825 32.84 -67.55 -23.68 0
37826 29.51 -71.80 -30.07 0
37827 29.17 -72.81 -30.54 0
37828 28.89 -73.11 -31.16 0
37829 27.87 -76.32 -32.95 0
37830 27.62 -76.89 -33.54 0
37831 27.52 -78.08 -33.67 0
37832 27.49 -78.95 -33.65 0
37833 27.52 -79.53 -33.49 0
37836 32.53 -67.93 -24.23 0
37837 32.74 -67.71 -23.85 0
37838 29.86 -71.00 -29.55 0
37839 27.42 -76.41 -34.21 0
37840 27.28 -76.91 -34.53 0
37841 27.28 -78.37 -34.36 0
37842 27.40 -79.23 -33.91 0
37845 32.01 -69.01 -25.01 0
37846 32.16 -68.48 -24.89 0
37847 30.43 -70.59 -28.32 0
37848 30.23 -70.63 -28.79 0
37849 26.94 -76.19 -35.59 0
37850 27.01 -77.47 -35.28 0
37858 31.77 -69.11 -25.59 0
37859 31.94 -68.72 -25.34 0
37860 30.56 -70.11 -28.21 0
37861 30.39 -70.31 -28.54 0
37862 26.54 -72.93 -37.14 0
37863 26.58 -74.16 -36.85 0
37864 26.64 -75.42 -36.55 0
37865 26.72 -76.71 -36.24 0
37879 31.51 -69.38 -26.11 0
37880 31.27 -69.60 -26.62 0
37881 31.12 -69.58 -27.00 0
37882 30.80 -70.24 -27.53 0
37883 26.22 -71.28 -38.20 0
37884 26.24 -72.21 -38.02 0
37885 26.28 -73.38 -37.76 0
37886 26.34 -74.62 -37.49 0
37899 31.21 -69.95 -26.59 0
37900 31.11 -69.89 -26.89 0
37901 30.99 -70.24 -27.04 0
39029 36.07 -67.73 -15.37 0
39030 35.90 -68.43 -15.46 0
39033 34.24 -68.80 -19.53 0
39034 34.78 -67.82 -18.77 0
39035 35.33 -68.02 -17.28 0
39036 35.73 -68.09 -16.15 0
39037 35.79 -68.43 -15.81 0
39041 33.89 -68.61 -20.49 0
39042 34.20 -67.80 -20.21 0
39046 33.66 -68.58 -21.06 0
39047 33.75 -67.84 -21.29 0
39048 33.44 -67.25 -22.40 0
39049 33.40 -66.75 -22.78 0
39059 33.09 -67.47 -23.12 0
39060 33.22 -66.92 -23.10 0
39061 28.66 -73.46 -31.63 0
39062 28.36 -74.24 -32.18 0
39063 28.12 -75.22 -32.54 0
39064 27.99 -75.82 -32.74 0
39076 32.94 -67.55 -23.46 0
39077 32.96 -67.16 -23.60 0
39078 29.54 -70.86 -30.38 0
39079 29.20 -71.14 -31.11 0
39080 28.79 -72.26 -31.72 0
39081 28.30 -72.58 -32.84 0
39082 27.96 -73.98 -33.28 0
39083 27.80 -75.32 -33.38 0
39084 27.68 -76.05 -33.53 0
39090 32.52 -67.13 -24.66 0
39091 32.73 -67.37 -24.03 0
39092 29.72 -69.98 -30.33 0
39093 29.45 -70.38 -30.80 0
39094 28.05 -71.73 -33.69 0
39095 27.70 -72.37 -34.37 0
39096 27.54 -74.17 -34.32 0
39097 27.46 -75.66 -34.22 0
39098 27.33 -76.18 -34.50 0
39103 32.20 -67.62 -25.20 0
39104 30.08 -69.93 -29.47 0
39105 27.16 -71.60 -35.86 0
39106 27.21 -73.12 -35.41 0
39107 27.18 -74.55 -35.18 0
39108 27.17 -75.74 -35.00 0
39111 31.65 -68.78 -26.05 0
39112 31.82 -68.28 -25.85 0
39113 30.56 -69.31 -28.56 0
39114 30.36 -69.92 -28.81 0
39115 26.75 -71.10 -36.98 0
39116 26.83 -72.37 -36.51 0
39117 26.86 -73.67 -36.18 0
39118 26.89 -74.95 -35.90 0
39136 31.59 -69.00 -26.10 0
39137 31.43 -68.74 -26.62 0
39138 31.06 -69.22 -27.34 0
39139 30.79 -69.59 -27.86 0
39140 26.41 -70.82 -37.83 0
39141 26.49 -71.78 -37.46 0
39160 31.06 -69.62 -27.14 0
39161 30.96 -69.80 -27.31 0
40297 36.17 -66.23 -16.01 0
40303 35.61 -65.72 -17.85 0
40304 35.80 -66.48 -16.91 0
40305 35.96 -67.12 -16.10 0
40308 35.08 -66.14 -18.96 0
40309 35.38 -66.92 -17.78 0
40310 35.64 -67.33 -16.86 0
40314 34.45 -66.53 -20.30 0
40315 34.25 -65.98 -21.12 0
40319 34.08 -67.18 -20.84 0
40320 33.94 -66.54 -21.57 0
40321 33.57 -66.42 -22.53 0
40334 33.34 -66.40 -23.10 0
40352 32.97 -66.00 -24.18 0
40353 33.09 -66.53 -23.62 0
40354 29.04 -70.40 -31.78 0
40355 28.79 -71.04 -32.16 0
40356 28.55 -71.69 -32.51 0
40367 32.59 -66.30 -24.90 0
40368 32.81 -66.74 -24.17 0
40369 29.70 -69.33 -30.65 0
40370 29.37 -69.54 -31.34 0
40371 28.82 -69.88 -32.48 0
40372 28.34 -70.85 -33.28 0
40373 27.90 -71.09 -34.23 0
40382 32.29 -66.81 -25.39 0
40383 30.26 -68.18 -29.83 0
40384 30.04 -68.84 -30.07 0
40385 29.70 -68.94 -30.82 0
40386 27.52 -70.64 -35.24 0
40389 31.93 -67.12 -26.13 0
40390 30.88 -67.72 -28.51 0
40391 30.57 -68.15 -29.08 0
40392 30.32 -69.23 -29.21 0
40393 27.02 -70.00 -36.58 0
40394 26.70 -69.19 -37.48 0
40410 31.51 -67.66 -26.94 0
40411 31.07 -68.01 -27.90 0
40412 30.81 -68.86 -28.16 0
40413 26.58 -70.05 -37.58 0
40414 26.38 -69.15 -38.21 0
40436 26.26 -70.05 -38.32 0
41593 35.87 -63.84 -18.27 0
41594 35.92 -64.68 -17.63 0
41595 36.04 -65.51 -16.80 0
41602 35.66 -63.76 -18.89 0
41603 35.44 -64.60 -18.94 0
41612 34.85 -65.23 -20.08 0
41613 34.45 -65.53 -20.87 0
41626 34.14 -65.35 -21.73 0
41627 33.79 -65.82 -22.33 0
41647 33.77 -65.02 -22.80 0
41648 33.50 -65.79 -23.03 0
41664 33.30 -65.16 -23.84 0
41665 33.24 -65.97 -23.55 0
41667 32.79 -65.29 -24.97 0
41668 30.03 -67.33 -30.78 0
41669 29.88 -67.52 -31.04 0
41670 29.51 -68.10 -31.60 0
41671 29.01 -68.51 -32.56 0
41672 28.41 -68.94 -33.71 0
41673 27.93 -69.84 -34.53 0
41683 32.22 -65.88 -26.03 0
41684 30.18 -67.55 -30.32 0
41685 29.82 -68.28 -30.84 0
41686 29.60 -68.72 -31.16 0
41687 27.94 -68.55 -34.86 0
41688 27.47 -68.93 -35.79 0
41698 31.58 -66.47 -27.34 0
41699 31.01 -67.01 -28.52 0
41700 30.59 -66.76 -29.68 0
41701 26.96 -68.50 -37.02 0
41702 26.57 -68.26 -37.94 0
41713 31.25 -67.32 -27.76 0
41714 31.11 -67.45 -28.07 0
42857 35.49 -63.44 -19.50 0
42875 35.05 -63.99 -20.25 0
42876 34.57 -64.59 -21.09 0
42893 34.73 -63.51 -21.31 0
42894 34.21 -63.99 -22.30 0
42908 33.67 -64.04 -23.55 0
42915 33.14 -64.08 -24.76 0
42920 32.54 -64.33 -26.05 0
42921 30.02 -66.92 -30.97 0
42922 29.68 -66.97 -31.68 0
42923 29.23 -67.18 -32.56 0
42924 28.70 -67.42 -33.59 0
42925 28.18 -67.54 -34.62 0
42932 31.88 -64.85 -27.38 0
42933 30.63 -65.41 -30.17 0
42934 30.38 -66.00 -30.50 0
42935 27.72 -67.52 -35.61 0
42936 27.26 -67.43 -36.61 0
42946 31.28 -65.46 -28.56 0
42947 30.79 -65.70 -29.67 0
42948 30.59 -66.15 -29.96 0
42949 26.78 -67.17 -37.68 0
44170 35.24 -62.59 -20.58 0
44188 34.57 -62.40 -22.29 0
44189 34.01 -63.07 -23.26 0
44198 34.02 -61.99 -23.79 0
44199 33.56 -62.97 -24.34 0
44208 33.55 -61.95 -24.89 0
44209 32.99 -62.73 -25.77 0
44219 32.22 -63.17 -27.34 0
44220 29.91 -66.14 -31.48 0
44221 29.50 -65.99 -32.39 0
44222 28.95 -66.08 -33.48 0
44223 28.40 -66.28 -34.54 0
44224 27.96 -66.54 -35.35 0
44231 31.42 -63.82 -28.92 0
44232 30.70 -64.54 -30.32 0
44233 29.95 -64.83 -31.83 0
44234 29.26 -64.76 -33.26 0
44235 28.61 -64.90 -34.50 0
44236 27.99 -65.22 -35.63 0
44237 27.53 -66.15 -36.33 0
44238 27.09 -66.34 -37.19 0
44249 31.01 -64.91 -29.47 0
44250 30.84 -65.05 -29.83 0
44251 27.55 -64.87 -36.57 0
44252 27.14 -65.13 -37.32 0
45529 35.23 -61.03 -21.49 0
45542 34.55 -60.67 -23.26 0
45562 33.29 -61.19 -25.83 0
45563 32.64 -61.50 -27.14 0
45574 31.88 -61.80 -28.72 0
45587 30.97 -62.00 -30.63 0
45588 30.25 -63.11 -31.77 0
45589 29.60 -63.28 -33.03 0
45590 28.91 -63.52 -34.28 0
45591 28.13 -63.55 -35.75 0
45592 27.75 -64.30 -36.30 0
45599 30.64 -61.28 -31.56 0
45600 30.33 -61.71 -32.04 0
45601 29.92 -62.28 -32.71 0
46813 33.07 -60.19 -26.81 0
46814 32.42 -59.91 -28.32 0
46819 31.58 -60.41 -29.90 0
46831 31.07 -60.45 -30.95 0
46833 29.62 -62.23 -33.30 0
46834 29.23 -62.27 -34.02 0
46835 28.63 -62.42 -35.08 0
46848 30.80 -60.88 -31.38 0
46849 30.46 -60.51 -32.16 0
46850 29.72 -61.09 -33.39 0
