# Label from mne_analyze
1289
19715 -36.13 -105.01 -31.13 0
19733 -34.81 -102.85 -29.45 0
19734 -35.15 -103.43 -29.91 0
19735 -35.53 -104.03 -30.40 0
19736 -35.80 -104.33 -31.01 0
19737 -36.49 -105.27 -32.17 0
19738 -36.68 -105.58 -32.47 0
21045 -36.24 -104.98 -31.67 0
21046 -36.32 -105.01 -31.98 0
21056 -34.29 -101.74 -29.35 0
21057 -34.53 -102.14 -29.71 0
21058 -34.84 -102.63 -30.26 0
21059 -35.19 -103.24 -30.61 0
21060 -35.51 -103.70 -31.13 0
21061 -35.94 -104.30 -31.84 0
21062 -36.37 -104.91 -32.49 0
21063 -36.71 -105.36 -33.13 0
21083 -33.39 -99.93 -28.74 0
21084 -33.67 -100.58 -28.68 0
21085 -33.98 -101.11 -29.27 0
21086 -34.23 -101.46 -29.91 0
21087 -34.50 -101.91 -30.33 0
21088 -35.84 -103.92 -32.38 0
21089 -36.05 -104.21 -32.68 0
21090 -36.37 -104.65 -33.24 0
21091 -36.70 -105.09 -33.86 0
21109 -32.92 -98.87 -28.54 0
21110 -33.22 -99.66 -28.33 0
21123 -32.52 -97.96 -28.14 0
21124 -32.78 -98.71 -27.91 0
21136 -32.19 -97.08 -27.79 0
21137 -32.41 -97.80 -27.55 0
21138 -32.61 -98.37 -27.55 0
22257 -34.97 -102.73 -30.79 0
22258 -35.14 -102.95 -31.20 0
22259 -35.44 -103.36 -31.76 0
22260 -35.66 -103.63 -32.22 0
22276 -33.45 -99.98 -29.05 0
22277 -33.59 -100.20 -29.46 0
22278 -33.86 -100.64 -30.13 0
22279 -34.20 -101.23 -30.71 0
22280 -34.68 -102.10 -31.10 0
22281 -35.03 -102.57 -31.85 0
22282 -35.35 -103.02 -32.38 0
22283 -35.70 -103.53 -32.80 0
22284 -36.01 -103.95 -33.37 0
22285 -36.33 -104.37 -33.93 0
22286 -36.63 -104.76 -34.50 0
22304 -32.52 -97.70 -29.23 0
22305 -32.69 -98.14 -29.16 0
22306 -33.15 -99.23 -29.34 0
22307 -33.42 -99.67 -30.31 0
22308 -33.72 -100.19 -31.15 0
22309 -34.19 -101.05 -31.63 0
22310 -34.60 -101.74 -32.09 0
22311 -34.96 -102.28 -32.59 0
22312 -35.30 -102.77 -33.07 0
22313 -35.64 -103.24 -33.56 0
22314 -35.96 -103.68 -34.07 0
22315 -36.27 -104.10 -34.59 0
22324 -32.08 -96.50 -29.26 0
22325 -32.37 -97.34 -29.06 0
22326 -32.66 -98.20 -28.56 0
22327 -33.74 -100.11 -32.23 0
22328 -34.19 -100.91 -32.51 0
22329 -34.56 -101.51 -32.88 0
22330 -34.91 -102.03 -33.32 0
22331 -35.25 -102.51 -33.78 0
22332 -35.59 -102.98 -34.27 0
22333 -35.91 -103.44 -34.76 0
22343 -31.83 -95.78 -28.43 0
22344 -32.04 -96.45 -28.66 0
22345 -32.30 -97.32 -28.23 0
22346 -33.54 -99.63 -32.92 0
22347 -33.84 -100.18 -33.06 0
22348 -34.20 -100.80 -33.21 0
22349 -34.52 -101.29 -33.58 0
22350 -34.86 -101.78 -34.02 0
22351 -35.20 -102.26 -34.50 0
22352 -35.53 -102.74 -34.98 0
22360 -31.23 -93.18 -28.13 0
22361 -31.42 -94.06 -27.82 0
22362 -31.59 -94.86 -27.93 0
22363 -31.79 -95.65 -27.85 0
22364 -31.99 -96.38 -27.85 0
22365 -33.46 -99.41 -33.36 0
22366 -33.63 -99.74 -33.29 0
23569 -32.51 -97.64 -29.50 0
23570 -32.69 -98.03 -29.92 0
23571 -32.96 -98.61 -30.55 0
23572 -33.23 -99.13 -31.25 0
23573 -33.42 -99.49 -31.84 0
23583 -32.09 -96.49 -29.72 0
23584 -32.30 -97.03 -30.13 0
23585 -32.52 -97.52 -30.88 0
23586 -32.76 -98.06 -31.61 0
23587 -33.08 -98.75 -32.07 0
23588 -33.33 -99.26 -32.49 0
23592 -31.10 -92.15 -27.67 0
23593 -31.13 -92.57 -28.00 0
23594 -31.74 -95.48 -29.06 0
23595 -31.83 -95.75 -29.63 0
23596 -32.75 -97.98 -32.45 0
23597 -33.00 -98.53 -32.78 0
23598 -33.25 -99.02 -33.11 0
23599 -33.96 -100.33 -33.47 0
23600 -34.14 -100.57 -33.79 0
23601 -34.46 -101.03 -34.25 0
23602 -34.80 -101.52 -34.72 0
23603 -35.14 -102.02 -35.21 0
23604 -35.47 -102.51 -35.70 0
23613 -31.07 -92.57 -28.61 0
23614 -31.15 -93.09 -28.90 0
23615 -31.38 -94.09 -28.74 0
23616 -31.59 -94.93 -28.73 0
23617 -32.68 -97.78 -33.12 0
23618 -32.95 -98.35 -33.42 0
23619 -33.24 -98.89 -33.70 0
23620 -33.68 -99.71 -33.81 0
23621 -34.05 -100.24 -34.45 0
23622 -34.40 -100.76 -34.95 0
23623 -34.74 -101.27 -35.43 0
23624 -35.07 -101.77 -35.93 0
24944 -31.00 -91.46 -27.75 0
24945 -31.86 -95.83 -30.53 0
24946 -32.07 -96.39 -31.29 0
24947 -32.34 -97.05 -31.82 0
24948 -32.50 -97.40 -32.28 0
24957 -30.93 -91.57 -28.42 0
24958 -30.97 -92.02 -28.70 0
24959 -31.18 -93.60 -30.29 0
24960 -31.43 -94.47 -29.86 0
24961 -31.59 -95.03 -30.37 0
24962 -32.03 -96.29 -32.12 0
24963 -32.17 -96.61 -32.73 0
24964 -32.47 -97.32 -32.82 0
24975 -30.82 -91.41 -29.12 0
24976 -30.89 -91.97 -29.35 0
24977 -30.93 -92.40 -29.85 0
24978 -31.15 -93.38 -29.79 0
24979 -31.39 -94.22 -29.28 0
24980 -32.08 -96.37 -33.29 0
24981 -32.29 -96.85 -33.52 0
24982 -32.65 -97.64 -33.76 0
24983 -32.93 -98.20 -34.03 0
24984 -33.18 -98.62 -34.45 0
24985 -33.62 -99.39 -34.72 0
24986 -33.98 -99.96 -35.18 0
24987 -34.33 -100.50 -35.66 0
24988 -34.67 -101.02 -36.15 0
24989 -35.00 -101.53 -36.65 0
25003 -32.21 -96.62 -34.05 0
25004 -32.40 -97.04 -34.13 0
25005 -32.68 -97.62 -34.36 0
25006 -32.89 -98.05 -34.47 0
26407 -30.88 -90.65 -27.86 0
26408 -31.23 -94.00 -31.31 0
26409 -31.48 -94.77 -31.13 0
26410 -31.68 -95.37 -31.49 0
26421 -30.80 -90.69 -28.51 0
26422 -31.02 -93.06 -30.59 0
26423 -31.11 -93.49 -30.93 0
26424 -31.37 -94.35 -30.72 0
26425 -31.77 -95.63 -32.07 0
26426 -31.82 -95.77 -32.69 0
26439 -30.70 -90.71 -29.19 0
26440 -30.62 -90.82 -29.92 0
26441 -30.69 -91.47 -30.33 0
26442 -30.77 -92.12 -30.88 0
26443 -30.90 -92.75 -31.07 0
26444 -31.86 -95.86 -33.31 0
26445 -32.00 -96.18 -33.61 0
26446 -33.07 -98.33 -34.84 0
26447 -33.23 -98.60 -35.02 0
26448 -33.57 -99.16 -35.42 0
26449 -33.92 -99.71 -35.88 0
26450 -34.26 -100.26 -36.36 0
26451 -34.59 -100.78 -36.85 0
26452 -34.90 -101.27 -37.35 0
26468 -30.46 -90.55 -30.79 0
26469 -30.49 -90.96 -31.20 0
26470 -30.53 -91.29 -31.46 0
26471 -31.82 -95.74 -33.82 0
26472 -31.98 -96.10 -34.13 0
26473 -32.19 -96.53 -34.43 0
26474 -32.43 -97.02 -34.68 0
26475 -32.81 -97.76 -35.06 0
26476 -33.17 -98.37 -35.64 0
26477 -33.50 -98.91 -36.11 0
26478 -33.84 -99.47 -36.59 0
26479 -34.19 -100.04 -37.06 0
26480 -34.51 -100.55 -37.52 0
26481 -34.79 -100.98 -38.10 0
26498 -31.98 -96.05 -34.65 0
26499 -32.14 -96.39 -34.92 0
26500 -32.36 -96.84 -35.21 0
26501 -32.51 -97.12 -35.41 0
27744 -30.77 -89.92 -28.00 0
27745 -31.15 -93.82 -31.70 0
27746 -31.26 -94.19 -31.70 0
27747 -31.41 -94.66 -31.81 0
27752 -30.68 -89.88 -28.58 0
27753 -31.02 -93.38 -31.73 0
27754 -31.50 -94.93 -32.15 0
27755 -31.53 -95.06 -32.67 0
27761 -30.58 -89.89 -29.24 0
27762 -30.47 -89.87 -29.94 0
27763 -30.54 -91.48 -31.75 0
27764 -30.72 -92.33 -31.91 0
27765 -31.57 -95.18 -33.24 0
27772 -30.32 -89.76 -30.76 0
27773 -30.18 -89.76 -31.72 0
27774 -30.32 -90.61 -32.01 0
27775 -30.35 -91.05 -32.51 0
27776 -31.60 -95.24 -33.78 0
27777 -31.66 -95.36 -34.24 0
27778 -32.57 -97.23 -35.65 0
27779 -32.80 -97.63 -35.97 0
27780 -33.11 -98.17 -36.29 0
27781 -33.37 -98.58 -36.86 0
27782 -33.79 -99.29 -37.29 0
27783 -34.15 -99.89 -37.76 0
27784 -34.42 -100.34 -38.02 0
27795 -29.97 -89.20 -32.43 0
27796 -30.03 -89.62 -32.58 0
27797 -30.11 -90.15 -32.82 0
27798 -31.74 -95.53 -34.69 0
27799 -31.86 -95.76 -35.10 0
27800 -32.04 -96.15 -35.44 0
27801 -32.29 -96.65 -35.74 0
27802 -32.48 -97.01 -36.08 0
27803 -33.22 -98.29 -37.28 0
27804 -33.41 -98.61 -37.51 0
27805 -33.75 -99.17 -37.97 0
27806 -34.23 -99.95 -38.69 0
27885 -26.86 -80.49 -44.87 0
27886 -27.10 -81.24 -44.89 0
27887 -27.37 -82.26 -44.56 0
27888 -27.67 -83.32 -44.29 0
27889 -28.00 -84.38 -44.23 0
27890 -28.27 -85.32 -44.11 0
27891 -28.56 -86.31 -43.99 0
27892 -28.90 -87.48 -43.88 0
27893 -29.09 -88.36 -43.38 0
27910 -27.74 -83.76 -43.86 0
27911 -27.95 -84.50 -43.66 0
27912 -28.24 -85.49 -43.58 0
27913 -28.50 -86.44 -43.36 0
27914 -28.77 -87.41 -43.22 0
27915 -28.88 -87.87 -43.02 0
27935 -28.02 -84.86 -43.27 0
27936 -28.18 -85.50 -43.09 0
27937 -28.34 -86.13 -42.89 0
29072 -30.72 -89.24 -27.84 0
29073 -30.73 -89.53 -28.01 0
29097 -30.60 -88.84 -28.33 0
29098 -30.60 -89.12 -28.52 0
29099 -31.09 -93.70 -32.06 0
29100 -31.23 -94.18 -32.18 0
29101 -31.35 -94.53 -32.20 0
29111 -30.44 -89.00 -29.37 0
29112 -30.25 -88.59 -30.11 0
29113 -30.84 -92.98 -32.47 0
29114 -31.04 -93.66 -32.62 0
29115 -31.26 -94.34 -32.68 0
29116 -31.31 -94.53 -33.22 0
29122 -30.39 -89.23 -29.86 0
29123 -30.19 -88.83 -30.64 0
29124 -30.61 -92.24 -32.78 0
29125 -31.33 -94.60 -33.77 0
29132 -30.02 -88.75 -31.57 0
29133 -29.87 -88.64 -32.42 0
29134 -30.38 -91.46 -33.05 0
29135 -30.20 -91.01 -33.69 0
29136 -31.38 -94.72 -34.28 0
29137 -31.45 -94.87 -34.76 0
29138 -32.86 -97.70 -36.42 0
29139 -32.97 -97.87 -36.76 0
29140 -33.08 -98.05 -37.14 0
29150 -29.81 -88.79 -33.01 0
29151 -29.83 -89.23 -33.48 0
29152 -30.05 -90.27 -33.53 0
29153 -30.01 -90.47 -34.23 0
29154 -31.55 -95.08 -35.22 0
29155 -31.71 -95.42 -35.64 0
29156 -31.92 -95.88 -36.03 0
29157 -32.18 -96.40 -36.40 0
29158 -32.58 -97.16 -36.68 0
29159 -32.81 -97.57 -37.21 0
29160 -33.03 -97.94 -37.63 0
29161 -33.32 -98.42 -38.04 0
29162 -33.58 -98.84 -38.56 0
29163 -33.74 -99.07 -39.08 0
29176 -29.76 -89.28 -34.04 0
29177 -29.77 -89.54 -34.42 0
29178 -29.82 -89.96 -34.82 0
29179 -33.03 -97.91 -38.08 0
29180 -33.13 -98.06 -38.50 0
29181 -33.34 -98.37 -39.10 0
29232 -26.72 -80.43 -44.15 0
29233 -26.86 -81.01 -43.88 0
29234 -26.93 -81.33 -43.68 0
29251 -26.56 -79.64 -44.68 0
29252 -26.73 -80.27 -44.55 0
29253 -26.99 -81.22 -44.30 0
29254 -27.22 -82.16 -43.78 0
29255 -27.55 -83.16 -43.81 0
29256 -29.19 -88.86 -43.05 0
29270 -26.55 -79.42 -44.98 0
29271 -26.72 -80.04 -44.85 0
29272 -27.29 -82.54 -43.35 0
29273 -27.57 -83.43 -43.32 0
29274 -27.85 -84.32 -43.26 0
29275 -28.54 -86.82 -42.88 0
29276 -28.73 -87.51 -42.81 0
29277 -28.94 -88.22 -42.71 0
29278 -29.23 -89.13 -42.71 0
29294 -27.61 -83.67 -42.86 0
29295 -27.86 -84.53 -42.80 0
29296 -28.15 -85.59 -42.68 0
29297 -28.34 -86.32 -42.48 0
29298 -28.58 -87.13 -42.52 0
29299 -28.73 -87.65 -42.56 0
29314 -27.90 -84.76 -42.35 0
29315 -28.05 -85.30 -42.39 0
29316 -28.19 -85.80 -42.41 0
30434 -30.71 -88.80 -27.61 0
30455 -30.62 -88.63 -28.03 0
30456 -30.53 -88.30 -28.34 0
30474 -30.59 -88.66 -28.25 0
30475 -30.47 -88.33 -28.69 0
30486 -30.35 -88.25 -29.29 0
30487 -30.20 -88.05 -29.96 0
30488 -30.65 -92.52 -33.10 0
30489 -30.81 -93.07 -33.13 0
30490 -31.01 -93.70 -33.18 0
30491 -31.15 -94.11 -33.21 0
30495 -30.02 -87.83 -30.73 0
30496 -30.46 -91.91 -33.38 0
30497 -30.56 -92.39 -33.72 0
30498 -30.80 -93.16 -33.71 0
30499 -31.05 -93.88 -33.75 0
30503 -29.88 -87.82 -31.52 0
30504 -29.71 -87.71 -32.34 0
30505 -30.32 -91.44 -33.55 0
30506 -30.25 -91.40 -34.08 0
30507 -31.12 -94.08 -34.31 0
30508 -31.17 -94.21 -34.81 0
30516 -29.52 -87.65 -33.47 0
30517 -29.64 -88.44 -33.66 0
30518 -29.99 -90.66 -34.80 0
30519 -31.23 -94.34 -35.30 0
30520 -31.34 -94.60 -35.81 0
30521 -31.55 -95.07 -36.26 0
30522 -31.78 -95.59 -36.69 0
30523 -32.06 -96.16 -37.21 0
30524 -32.49 -96.98 -37.46 0
30525 -32.74 -97.43 -37.61 0
30538 -29.25 -87.04 -34.40 0
30539 -29.42 -88.09 -34.70 0
30540 -29.59 -89.17 -35.21 0
30541 -29.76 -89.97 -35.44 0
30542 -31.93 -95.93 -37.70 0
30543 -32.15 -96.34 -37.87 0
30544 -32.65 -97.24 -38.19 0
30545 -32.87 -97.57 -39.03 0
30546 -33.11 -97.90 -39.83 0
30567 -29.06 -87.35 -36.17 0
30568 -29.33 -88.37 -35.84 0
30569 -29.49 -89.14 -36.03 0
30588 -28.97 -87.33 -36.75 0
30589 -29.14 -87.95 -36.56 0
30590 -29.30 -88.53 -36.37 0
30609 -26.26 -78.90 -44.31 0
30610 -26.44 -79.50 -44.22 0
30611 -26.60 -80.15 -43.83 0
30612 -26.75 -80.77 -43.59 0
30615 -30.51 -92.58 -42.50 0
30616 -30.76 -93.24 -42.07 0
30617 -31.12 -93.94 -42.00 0
30618 -31.46 -94.60 -41.87 0
30619 -31.85 -95.34 -41.78 0
30629 -26.14 -78.31 -44.59 0
30630 -26.31 -78.91 -44.56 0
30631 -26.50 -79.58 -44.50 0
30632 -26.93 -81.37 -43.46 0
30634 -29.79 -90.86 -42.51 0
30635 -30.15 -91.85 -42.27 0
30636 -30.39 -92.49 -41.97 0
30637 -30.54 -92.88 -41.74 0
30649 -26.17 -78.29 -44.77 0
30650 -26.31 -78.70 -44.88 0
30651 -27.09 -81.96 -43.23 0
30652 -27.30 -82.63 -43.10 0
30653 -28.88 -88.21 -42.38 0
30654 -29.01 -88.66 -42.24 0
30655 -29.38 -89.76 -42.34 0
30656 -29.53 -90.30 -42.12 0
30674 -27.17 -82.25 -42.86 0
30675 -27.40 -83.01 -42.74 0
30676 -27.61 -83.74 -42.59 0
30677 -28.33 -86.36 -42.25 0
30678 -28.43 -86.76 -42.18 0
30679 -28.73 -87.76 -42.21 0
30680 -28.85 -88.26 -41.94 0
30695 -27.50 -83.38 -42.38 0
30696 -27.72 -84.15 -42.18 0
30697 -27.97 -85.10 -42.03 0
30698 -28.23 -86.04 -42.08 0
30699 -28.37 -86.61 -41.91 0
31815 -30.68 -88.32 -27.52 0
31825 -30.56 -88.15 -28.09 0
31826 -30.42 -87.77 -28.63 0
31840 -30.22 -87.37 -29.43 0
31841 -30.02 -86.68 -30.04 0
31853 -30.19 -87.67 -29.79 0
31854 -29.97 -87.00 -30.45 0
31863 -29.67 -86.69 -31.71 0
31864 -29.42 -85.99 -32.38 0
31865 -30.61 -92.67 -34.20 0
31866 -30.79 -93.22 -34.29 0
31867 -30.94 -93.65 -34.32 0
31871 -29.65 -87.13 -32.13 0
31872 -29.36 -86.31 -32.96 0
31873 -30.39 -92.01 -34.47 0
31874 -30.55 -92.56 -34.79 0
31875 -30.85 -93.42 -34.93 0
31876 -31.02 -93.86 -35.25 0
31880 -29.12 -86.22 -34.22 0
31881 -30.17 -91.32 -34.80 0
31882 -30.25 -91.72 -35.20 0
31883 -30.43 -92.33 -35.68 0
31884 -30.85 -93.46 -35.93 0
31885 -31.16 -94.22 -36.48 0
31886 -31.39 -94.77 -36.90 0
31887 -31.62 -95.28 -37.30 0
31888 -31.76 -95.60 -37.63 0
31894 -28.96 -86.23 -35.23 0
31895 -28.98 -86.75 -35.77 0
31896 -29.98 -90.83 -35.43 0
31897 -30.06 -91.27 -36.04 0
31898 -30.22 -91.81 -36.11 0
31899 -30.83 -93.47 -36.78 0
31900 -31.03 -93.98 -37.16 0
31901 -31.26 -94.53 -37.53 0
31902 -31.49 -95.05 -37.85 0
31903 -31.77 -95.63 -38.09 0
31904 -32.05 -96.15 -38.58 0
31905 -32.40 -96.77 -39.02 0
31906 -32.61 -97.08 -39.59 0
31907 -32.73 -97.23 -40.06 0
31921 -28.70 -85.72 -36.28 0
31922 -28.81 -86.40 -36.47 0
31923 -29.71 -90.10 -36.31 0
31924 -29.86 -90.73 -36.48 0
31925 -32.05 -96.14 -39.18 0
31926 -32.23 -96.43 -39.56 0
31927 -32.38 -96.62 -40.07 0
31947 -28.56 -85.60 -37.04 0
31948 -28.77 -86.59 -37.06 0
31949 -28.95 -87.46 -37.20 0
31950 -29.27 -88.70 -37.01 0
31951 -31.96 -95.80 -40.65 0
31952 -32.25 -96.29 -40.64 0
31969 -26.00 -77.94 -44.23 0
31970 -26.15 -78.54 -44.13 0
31971 -26.33 -79.22 -43.75 0
31972 -26.53 -80.01 -43.41 0
31973 -26.74 -80.78 -43.33 0
31974 -28.19 -84.71 -38.32 0
31975 -28.41 -85.43 -37.87 0
31976 -28.66 -86.60 -37.88 0
31977 -28.89 -87.60 -37.91 0
31978 -29.07 -88.45 -38.07 0
31979 -30.91 -93.61 -41.73 0
31980 -31.07 -93.98 -41.42 0
31981 -31.52 -94.84 -41.27 0
31982 -31.96 -95.69 -41.10 0
31992 -26.09 -78.21 -44.40 0
31993 -26.19 -78.64 -44.35 0
31994 -26.66 -80.51 -43.00 0
31995 -26.87 -81.23 -43.18 0
31996 -28.20 -84.95 -38.63 0
31997 -28.39 -85.78 -38.56 0
31998 -28.59 -86.75 -38.67 0
31999 -28.82 -87.68 -38.59 0
32000 -28.95 -88.28 -38.67 0
32001 -29.90 -91.34 -41.98 0
32002 -30.10 -91.91 -41.78 0
32003 -30.34 -92.50 -41.48 0
32004 -30.71 -93.29 -41.46 0
32005 -30.86 -93.62 -41.28 0
32023 -26.02 -77.82 -44.64 0
32024 -26.82 -81.06 -42.56 0
32025 -26.95 -81.52 -42.87 0
32026 -28.05 -84.54 -39.08 0
32027 -28.16 -85.08 -39.15 0
32028 -28.34 -85.90 -39.12 0
32029 -29.17 -89.28 -41.95 0
32030 -29.36 -89.89 -41.81 0
32031 -29.64 -90.70 -41.80 0
32032 -29.86 -91.38 -41.56 0
32033 -30.05 -91.89 -41.39 0
32053 -26.08 -77.71 -45.03 0
32055 -26.92 -81.37 -42.29 0
32056 -27.13 -82.13 -42.36 0
32057 -27.36 -82.90 -42.37 0
32058 -28.51 -87.12 -41.82 0
32059 -28.72 -87.89 -41.61 0
32060 -28.97 -88.73 -41.70 0
32061 -29.16 -89.35 -41.64 0
32081 -27.23 -82.46 -41.97 0
32082 -27.42 -83.10 -41.99 0
32083 -27.65 -83.93 -41.66 0
32084 -27.87 -84.73 -41.60 0
32085 -28.11 -85.65 -41.55 0
32086 -28.34 -86.53 -41.56 0
32087 -28.52 -87.22 -41.42 0
33165 -30.64 -87.82 -27.43 0
33166 -30.61 -87.29 -27.37 0
33178 -30.52 -87.65 -28.05 0
33179 -30.48 -87.11 -28.00 0
33188 -30.45 -87.61 -28.40 0
33189 -30.30 -86.91 -28.80 0
33201 -30.04 -86.35 -29.76 0
33202 -29.84 -86.01 -30.50 0
33214 -29.60 -85.73 -31.41 0
33215 -29.35 -85.09 -32.19 0
33226 -29.45 -85.75 -32.09 0
33227 -29.24 -85.24 -32.77 0
33234 -29.06 -85.04 -33.49 0
33238 -28.95 -85.13 -34.13 0
33239 -30.30 -92.03 -36.15 0
33240 -30.43 -92.39 -36.24 0
33244 -28.74 -84.97 -35.13 0
33245 -29.95 -91.03 -36.53 0
33246 -30.14 -91.62 -36.56 0
33247 -30.45 -92.54 -36.89 0
33248 -30.67 -93.16 -37.43 0
33249 -30.90 -93.76 -37.82 0
33250 -31.15 -94.34 -38.15 0
33251 -31.41 -94.92 -38.41 0
33252 -31.66 -95.43 -38.63 0
33262 -28.55 -84.81 -36.09 0
33263 -29.53 -89.69 -37.00 0
33264 -29.76 -90.53 -37.02 0
33265 -30.02 -91.43 -37.46 0
33266 -30.30 -92.27 -37.80 0
33267 -30.56 -92.97 -38.14 0
33268 -30.81 -93.62 -38.46 0
33269 -31.07 -94.21 -38.82 0
33270 -31.40 -94.91 -38.95 0
33271 -31.72 -95.54 -39.13 0
33272 -31.89 -95.83 -39.63 0
33273 -32.09 -96.14 -39.94 0
33289 -25.80 -77.28 -43.93 0
33290 -25.87 -77.56 -43.77 0
33291 -25.96 -77.90 -43.50 0
33292 -28.12 -83.83 -37.58 0
33293 -28.34 -84.54 -37.05 0
33294 -29.39 -89.44 -37.65 0
33295 -29.58 -90.27 -38.17 0
33296 -29.93 -91.36 -38.29 0
33297 -30.21 -92.17 -38.54 0
33298 -30.49 -92.89 -38.80 0
33299 -30.76 -93.54 -39.03 0
33300 -30.91 -93.90 -39.14 0
33301 -31.57 -95.14 -40.26 0
33302 -31.85 -95.66 -40.23 0
33303 -32.13 -96.18 -40.21 0
33319 -25.92 -77.68 -44.03 0
33320 -26.07 -78.29 -43.73 0
33321 -26.22 -78.86 -43.21 0
33322 -26.45 -79.77 -43.14 0
33323 -27.92 -83.57 -38.52 0
33324 -28.16 -84.32 -37.96 0
33325 -28.36 -84.97 -37.49 0
33326 -29.17 -89.05 -38.57 0
33327 -29.32 -89.65 -38.76 0
33328 -31.20 -94.34 -40.81 0
33329 -31.60 -95.13 -40.65 0
33330 -31.83 -95.57 -40.66 0
33346 -25.72 -76.67 -44.52 0
33347 -25.86 -77.35 -44.36 0
33348 -26.34 -79.34 -42.74 0
33349 -26.44 -79.70 -42.94 0
33350 -27.77 -83.29 -39.15 0
33351 -28.01 -84.19 -38.78 0
33352 -28.64 -87.21 -39.07 0
33353 -28.78 -87.82 -39.12 0
33354 -28.94 -88.41 -38.98 0
33355 -30.15 -92.15 -41.03 0
33356 -30.48 -92.86 -41.00 0
33357 -30.83 -93.59 -40.97 0
33374 -25.67 -76.31 -44.73 0
33375 -25.85 -77.09 -44.71 0
33376 -26.40 -79.56 -42.54 0
33377 -26.54 -80.05 -42.57 0
33378 -27.63 -83.04 -39.67 0
33379 -27.84 -83.98 -39.73 0
33380 -28.16 -85.39 -39.71 0
33381 -28.44 -86.54 -39.50 0
33382 -28.61 -87.27 -39.43 0
33383 -29.25 -89.67 -41.46 0
33384 -29.42 -90.21 -41.34 0
33385 -29.67 -90.93 -41.27 0
33386 -29.88 -91.52 -41.13 0
33404 -25.62 -75.90 -44.99 0
33405 -25.82 -76.72 -45.00 0
33406 -26.77 -80.79 -42.19 0
33407 -26.98 -81.53 -42.00 0
33408 -27.42 -82.92 -41.11 0
33409 -27.64 -83.64 -40.70 0
33410 -27.95 -84.78 -40.44 0
33411 -28.27 -86.11 -40.30 0
33412 -28.46 -86.96 -40.64 0
33413 -28.64 -87.68 -40.99 0
33414 -28.88 -88.50 -41.18 0
33415 -29.09 -89.21 -41.30 0
33416 -29.24 -89.71 -41.20 0
33436 -25.57 -75.54 -45.18 0
33439 -27.14 -82.11 -41.92 0
33440 -27.27 -82.53 -41.58 0
33441 -27.52 -83.40 -41.37 0
33442 -27.77 -84.29 -41.13 0
33443 -28.03 -85.29 -41.01 0
33444 -28.27 -86.24 -41.04 0
33445 -28.44 -86.92 -41.13 0
34572 -30.47 -86.67 -27.85 0
34573 -30.38 -85.95 -28.07 0
34585 -30.33 -86.37 -28.43 0
34586 -30.19 -85.58 -28.82 0
34600 -30.18 -86.03 -29.00 0
34601 -30.02 -85.35 -29.47 0
34613 -30.07 -85.96 -29.47 0
34614 -29.82 -85.18 -30.27 0
34615 -29.54 -84.36 -31.17 0
34625 -29.63 -85.15 -31.05 0
34626 -29.36 -84.45 -31.89 0
34636 -29.12 -84.27 -32.77 0
34646 -28.95 -84.24 -33.50 0
34651 -28.83 -84.31 -34.09 0
34655 -28.62 -83.96 -34.92 0
34659 -28.10 -82.95 -36.78 0
34660 -28.30 -83.48 -36.18 0
34661 -30.99 -94.07 -39.19 0
34662 -31.15 -94.39 -39.28 0
34663 -31.43 -94.97 -39.43 0
34664 -31.65 -95.39 -39.58 0
34674 -25.75 -77.04 -43.82 0
34675 -25.79 -77.20 -43.57 0
34676 -25.91 -77.60 -43.21 0
34677 -27.84 -82.75 -38.04 0
34678 -28.04 -83.12 -37.29 0
34679 -28.30 -83.98 -36.65 0
34680 -29.44 -90.08 -38.82 0
34681 -29.64 -90.67 -38.80 0
34682 -29.89 -91.41 -38.96 0
34683 -30.16 -92.13 -39.22 0
34684 -30.47 -92.90 -39.43 0
34685 -30.86 -93.77 -39.52 0
34686 -31.19 -94.46 -39.78 0
34687 -31.52 -95.11 -39.91 0
34688 -31.72 -95.49 -39.83 0
34705 -25.58 -76.25 -44.22 0
34706 -25.71 -76.84 -44.06 0
34707 -26.05 -78.14 -42.91 0
34708 -27.73 -82.69 -38.65 0
34709 -27.96 -83.37 -38.01 0
34710 -29.15 -89.21 -39.09 0
34711 -29.29 -89.69 -39.12 0
34712 -29.44 -90.17 -39.20 0
34713 -29.63 -90.75 -39.34 0
34714 -29.85 -91.38 -39.58 0
34715 -30.10 -92.05 -39.97 0
34716 -30.53 -93.04 -40.05 0
34717 -30.93 -93.86 -40.28 0
34718 -31.33 -94.67 -40.28 0
34731 -25.55 -76.01 -44.45 0
34732 -25.68 -76.62 -44.32 0
34733 -26.19 -78.70 -42.71 0
34734 -27.27 -81.68 -40.08 0
34735 -27.51 -82.34 -39.52 0
34736 -28.85 -88.21 -39.35 0
34737 -29.00 -88.69 -39.17 0
34738 -29.68 -91.06 -40.65 0
34739 -29.92 -91.65 -40.62 0
34740 -30.29 -92.49 -40.54 0
34741 -30.60 -93.17 -40.56 0
34750 -25.47 -75.50 -44.71 0
34751 -26.33 -79.22 -42.42 0
34752 -26.44 -79.66 -42.42 0
34753 -27.10 -81.37 -40.71 0
34754 -27.45 -82.59 -40.25 0
34755 -27.59 -83.27 -40.35 0
34756 -28.53 -87.05 -39.74 0
34757 -28.70 -87.75 -39.71 0
34758 -28.75 -88.04 -39.97 0
34759 -29.03 -89.08 -40.51 0
34760 -29.16 -89.51 -40.69 0
34761 -29.32 -89.97 -40.90 0
34762 -29.53 -90.61 -40.88 0
34763 -29.73 -91.15 -40.91 0
34785 -25.42 -75.05 -44.97 0
34786 -26.36 -79.27 -42.19 0
34787 -26.52 -79.83 -42.13 0
34788 -26.87 -80.92 -41.56 0
34789 -27.23 -82.16 -41.13 0
34790 -27.46 -82.91 -40.71 0
34791 -28.43 -86.68 -39.91 0
34792 -28.51 -87.05 -40.10 0
34793 -28.69 -87.81 -40.30 0
34794 -28.86 -88.47 -40.60 0
34795 -29.02 -89.04 -40.88 0
34796 -29.16 -89.48 -41.00 0
34815 -25.47 -75.06 -45.21 0
34818 -27.11 -81.90 -41.62 0
34819 -27.19 -82.19 -41.45 0
35999 -30.46 -85.11 -27.64 0
36010 -30.38 -85.35 -27.96 0
36011 -30.26 -84.61 -28.37 0
36021 -30.21 -85.07 -28.61 0
36022 -30.06 -84.21 -29.12 0
36037 -30.03 -84.77 -29.31 0
36038 -29.84 -83.88 -29.90 0
36052 -29.86 -84.58 -29.95 0
36053 -29.61 -83.74 -30.77 0
36070 -29.30 -83.31 -31.85 0
36087 -29.04 -83.23 -32.79 0
36105 -28.87 -83.39 -33.49 0
36112 -28.64 -83.19 -34.39 0
36116 -28.08 -82.07 -36.27 0
36117 -28.30 -82.68 -35.59 0
36121 -25.59 -76.22 -43.38 0
36122 -25.65 -76.45 -43.19 0
36123 -25.67 -76.53 -43.08 0
36124 -27.74 -81.63 -37.59 0
36125 -27.98 -82.26 -36.88 0
36126 -28.16 -82.62 -36.23 0
36133 -25.47 -75.80 -43.95 0
36134 -25.60 -76.36 -43.73 0
36135 -25.71 -76.78 -43.37 0
36136 -25.75 -76.88 -43.06 0
36137 -27.38 -81.05 -38.92 0
36138 -27.66 -81.83 -38.20 0
36139 -27.85 -82.20 -37.49 0
36148 -25.44 -75.63 -44.19 0
36149 -25.55 -76.17 -44.04 0
36150 -25.91 -77.49 -42.83 0
36151 -27.22 -80.81 -39.50 0
36152 -27.46 -81.69 -39.09 0
36153 -29.16 -89.34 -39.38 0
36154 -29.26 -89.70 -39.48 0
36155 -29.41 -90.17 -39.64 0
36156 -29.58 -90.72 -39.86 0
36157 -29.77 -91.26 -40.08 0
36158 -29.87 -91.55 -40.27 0
36167 -25.36 -75.17 -44.45 0
36168 -26.06 -78.07 -42.56 0
36169 -27.05 -80.68 -40.21 0
36170 -27.29 -81.44 -39.69 0
36171 -28.90 -88.45 -39.48 0
36172 -29.01 -88.87 -39.52 0
36173 -29.12 -89.27 -39.66 0
36174 -29.21 -89.60 -39.87 0
36175 -29.37 -90.11 -40.10 0
36176 -29.55 -90.66 -40.40 0
36177 -29.75 -91.23 -40.41 0
36191 -25.18 -74.31 -44.67 0
36192 -25.26 -74.60 -44.68 0
36193 -26.19 -78.59 -42.38 0
36194 -26.79 -80.20 -40.99 0
36195 -28.82 -88.18 -39.58 0
36196 -28.84 -88.34 -39.78 0
36197 -28.98 -88.86 -40.07 0
36198 -29.17 -89.52 -40.29 0
36199 -29.32 -90.01 -40.51 0
36200 -29.42 -90.31 -40.68 0
36220 -25.16 -74.14 -44.72 0
36221 -25.24 -74.30 -44.90 0
36222 -26.27 -78.86 -42.18 0
36223 -26.37 -79.20 -41.99 0
36224 -26.53 -79.60 -41.62 0
36225 -28.81 -88.27 -40.08 0
36226 -28.82 -88.35 -40.27 0
36244 -25.34 -74.53 -45.14 0
37387 -30.49 -84.61 -27.59 0
37388 -30.56 -84.14 -27.47 0
37389 -30.74 -83.55 -27.14 0
37399 -30.36 -84.24 -28.07 0
37400 -30.26 -83.30 -28.48 0
37414 -30.13 -83.71 -28.84 0
37415 -30.00 -82.72 -29.34 0
37434 -29.90 -83.23 -29.66 0
37435 -29.74 -82.11 -30.22 0
37451 -29.64 -82.79 -30.56 0
37452 -29.46 -81.69 -31.12 0
37468 -29.31 -82.12 -31.65 0
37469 -29.30 -81.43 -31.62 0
37485 -28.98 -81.97 -32.79 0
37503 -28.65 -82.03 -33.96 0
37518 -28.02 -80.72 -35.99 0
37519 -28.31 -81.77 -35.18 0
37526 -27.60 -80.23 -37.46 0
37527 -27.88 -81.12 -36.68 0
37528 -28.11 -81.67 -35.95 0
37535 -25.45 -75.58 -43.50 0
37536 -25.57 -75.98 -43.09 0
37537 -25.64 -76.35 -43.09 0
37538 -27.25 -79.84 -38.71 0
37539 -27.52 -80.69 -38.02 0
37540 -27.74 -81.18 -37.33 0
37546 -25.35 -75.24 -43.97 0
37547 -25.43 -75.62 -43.79 0
37548 -25.67 -76.24 -42.71 0
37549 -25.67 -76.47 -42.97 0
37550 -27.19 -80.21 -39.17 0
37551 -27.39 -80.72 -38.61 0
37556 -25.27 -74.83 -44.21 0
37557 -25.81 -76.73 -42.40 0
37558 -25.78 -76.86 -42.74 0
37559 -26.96 -79.81 -39.87 0
37569 -25.15 -74.25 -44.54 0
37570 -25.20 -74.46 -44.46 0
37571 -25.94 -77.26 -42.13 0
37572 -25.93 -77.42 -42.45 0
37573 -26.73 -79.51 -40.59 0
37587 -25.16 -74.20 -44.62 0
37588 -25.18 -74.37 -44.58 0
37589 -26.02 -77.52 -41.95 0
37590 -26.14 -78.14 -42.04 0
37591 -26.31 -78.63 -41.58 0
37592 -26.51 -79.15 -41.23 0
37611 -26.27 -78.76 -42.01 0
37612 -26.33 -78.89 -41.80 0
37613 -26.41 -79.06 -41.56 0
37630 -25.19 -73.90 -45.07 0
38721 -30.43 -82.89 -28.09 0
38722 -30.61 -82.47 -27.74 0
38737 -30.12 -82.10 -29.08 0
38738 -30.33 -81.85 -28.58 0
38739 -30.52 -81.53 -28.19 0
38759 -29.90 -81.92 -29.72 0
38775 -29.76 -81.37 -30.21 0
38793 -29.55 -81.06 -30.87 0
38812 -29.21 -81.26 -31.91 0
38813 -29.26 -80.68 -31.78 0
38831 -29.01 -80.81 -32.56 0
38832 -29.01 -79.84 -32.57 0
38833 -29.66 -74.43 -32.27 0
38834 -29.72 -74.32 -32.17 0
38835 -29.85 -74.01 -31.98 0
38836 -30.04 -73.61 -31.72 0
38855 -28.60 -80.31 -33.87 0
38856 -29.61 -74.25 -32.40 0
38857 -29.68 -73.85 -32.38 0
38858 -29.78 -73.27 -32.32 0
38880 -27.91 -79.70 -36.10 0
38881 -28.22 -80.34 -35.15 0
38882 -29.53 -73.87 -32.66 0
38883 -29.57 -73.38 -32.68 0
38896 -27.45 -79.25 -37.64 0
38897 -27.71 -79.75 -36.85 0
38903 -25.18 -74.28 -43.68 0
38904 -25.27 -74.70 -43.53 0
38905 -25.40 -75.09 -43.14 0
38906 -27.12 -79.00 -38.79 0
38907 -27.32 -79.42 -38.21 0
38911 -25.21 -74.48 -43.90 0
38912 -25.34 -75.12 -43.75 0
38913 -25.53 -75.48 -42.72 0
38914 -26.96 -79.04 -39.40 0
38919 -25.02 -73.45 -44.43 0
38920 -25.12 -74.03 -44.24 0
38921 -25.70 -75.98 -42.29 0
38922 -26.39 -77.96 -40.83 0
38923 -26.65 -78.60 -40.29 0
38935 -25.11 -73.97 -44.50 0
38936 -25.85 -76.66 -42.06 0
38937 -26.28 -77.97 -41.20 0
38938 -26.48 -78.61 -40.91 0
38950 -25.96 -77.14 -41.88 0
38951 -26.07 -77.59 -41.75 0
38952 -26.21 -78.06 -41.56 0
38953 -26.35 -78.48 -41.30 0
40112 -30.04 -81.57 -29.36 0
40113 -30.09 -81.33 -29.28 0
40114 -30.21 -80.78 -29.10 0
40115 -30.44 -80.71 -28.57 0
40116 -30.57 -80.30 -28.36 0
40117 -30.67 -79.72 -28.30 0
40118 -30.76 -79.12 -28.26 0
40138 -29.93 -81.31 -29.72 0
40139 -29.96 -80.39 -29.83 0
40140 -30.08 -80.33 -29.53 0
40158 -29.69 -80.50 -30.53 0
40159 -29.74 -79.83 -30.52 0
40176 -29.42 -80.06 -31.36 0
40177 -29.53 -79.50 -31.15 0
40198 -29.17 -79.34 -32.15 0
40199 -29.35 -79.29 -31.65 0
40200 -30.08 -74.88 -31.24 0
40201 -30.29 -74.65 -30.90 0
40229 -28.76 -79.52 -33.32 0
40230 -28.88 -78.90 -33.00 0
40231 -29.46 -74.87 -32.50 0
40232 -29.64 -74.71 -32.19 0
40233 -29.87 -74.68 -31.73 0
40234 -30.07 -74.29 -31.47 0
40235 -30.29 -73.87 -31.16 0
40258 -28.46 -78.74 -34.19 0
40259 -28.64 -78.53 -33.66 0
40260 -29.11 -74.62 -33.26 0
40261 -29.27 -74.56 -32.97 0
40262 -29.47 -74.31 -32.65 0
40287 -27.94 -79.08 -35.83 0
40288 -28.16 -78.76 -35.10 0
40289 -29.01 -74.57 -33.46 0
40290 -29.06 -74.12 -33.47 0
40291 -29.32 -73.55 -33.12 0
40292 -29.52 -72.66 -32.94 0
40305 -27.45 -78.59 -37.42 0
40306 -27.67 -78.63 -36.65 0
40310 -25.15 -74.06 -43.52 0
40311 -25.24 -74.29 -43.21 0
40312 -25.36 -74.55 -42.76 0
40313 -25.41 -74.41 -42.42 0
40314 -27.14 -78.68 -38.57 0
40315 -27.19 -78.28 -38.23 0
40318 -25.11 -73.90 -43.76 0
40319 -25.54 -75.04 -42.29 0
40320 -25.47 -74.52 -42.23 0
40321 -26.93 -78.02 -39.03 0
40322 -26.99 -77.59 -38.67 0
40327 -24.99 -73.24 -44.16 0
40328 -25.08 -73.79 -43.99 0
40329 -25.69 -75.59 -42.02 0
40330 -26.40 -77.47 -40.55 0
40331 -26.65 -77.79 -39.88 0
40343 -25.82 -76.16 -41.85 0
40344 -25.96 -76.56 -41.54 0
40345 -26.16 -77.16 -41.16 0
40359 -25.92 -76.72 -41.79 0
40360 -26.03 -77.12 -41.60 0
40361 -26.14 -77.57 -41.46 0
41530 -30.26 -80.33 -29.09 0
41531 -30.32 -80.02 -29.00 0
41532 -30.42 -79.57 -28.88 0
41533 -30.51 -79.03 -28.83 0
41534 -30.59 -78.45 -28.82 0
41552 -29.96 -79.96 -29.90 0
41553 -30.07 -79.84 -29.66 0
41554 -30.21 -79.43 -29.40 0
41555 -30.29 -78.95 -29.35 0
41556 -30.35 -78.40 -29.34 0
41557 -30.43 -77.76 -29.37 0
41575 -29.87 -79.68 -30.20 0
41576 -29.85 -79.03 -30.39 0
41597 -29.66 -79.08 -30.88 0
41598 -29.66 -78.17 -31.07 0
41599 -29.67 -77.35 -31.25 0
41619 -29.00 -78.33 -32.74 0
41620 -29.32 -78.30 -31.92 0
41621 -29.47 -77.17 -31.80 0
41622 -29.64 -76.55 -31.58 0
41623 -29.79 -75.99 -31.43 0
41624 -29.95 -75.71 -31.18 0
41625 -30.21 -75.56 -30.72 0
41651 -28.72 -77.87 -33.50 0
41652 -28.91 -77.26 -33.11 0
41653 -29.16 -76.64 -32.65 0
41654 -29.38 -76.06 -32.30 0
41655 -29.58 -75.53 -32.05 0
41656 -29.80 -75.31 -31.66 0
41657 -29.98 -75.23 -31.32 0
41678 -28.20 -77.69 -34.86 0
41679 -28.43 -77.64 -34.26 0
41680 -28.50 -76.58 -34.18 0
41681 -28.81 -75.84 -33.60 0
41682 -29.11 -75.23 -33.11 0
41683 -29.36 -75.25 -32.59 0
41706 -27.80 -77.97 -36.11 0
41707 -27.93 -77.18 -35.63 0
41708 -27.98 -76.23 -35.48 0
41709 -28.17 -75.70 -35.06 0
41710 -28.43 -75.01 -34.56 0
41711 -28.78 -74.32 -33.97 0
41712 -28.92 -73.06 -33.97 0
41713 -29.21 -72.45 -33.55 0
41728 -25.20 -73.49 -42.67 0
41729 -25.28 -73.61 -42.43 0
41730 -25.32 -73.66 -42.30 0
41731 -27.43 -77.89 -37.29 0
41732 -27.51 -77.43 -36.93 0
41733 -27.60 -76.72 -36.53 0
41734 -27.70 -75.89 -36.21 0
41735 -27.83 -75.03 -35.92 0
41736 -28.02 -74.06 -35.57 0
41737 -28.36 -73.59 -34.95 0
41738 -28.59 -73.13 -34.58 0
41749 -25.11 -73.70 -43.33 0
41750 -25.16 -73.64 -42.98 0
41751 -25.30 -73.95 -42.58 0
41752 -25.39 -74.01 -42.25 0
41753 -27.27 -77.76 -37.80 0
41754 -27.26 -77.07 -37.64 0
41755 -27.32 -76.33 -37.32 0
41756 -27.40 -75.52 -37.00 0
41757 -27.51 -74.66 -36.71 0
41758 -27.63 -73.64 -36.47 0
41761 -25.05 -73.49 -43.59 0
41762 -25.65 -75.20 -41.93 0
41763 -25.56 -74.63 -41.97 0
41764 -26.84 -77.10 -38.99 0
41765 -27.01 -76.96 -38.41 0
41766 -27.06 -76.05 -38.04 0
41767 -27.11 -75.21 -37.77 0
41768 -27.19 -74.34 -37.47 0
41769 -27.33 -73.54 -37.16 0
41770 -27.41 -72.88 -36.99 0
41776 -25.00 -73.32 -43.86 0
41777 -25.77 -75.62 -41.71 0
41778 -25.86 -75.74 -41.45 0
41779 -26.40 -76.85 -40.28 0
41780 -26.59 -76.74 -39.66 0
41788 -25.87 -76.05 -41.56 0
41789 -25.99 -76.19 -41.26 0
41790 -26.17 -76.48 -40.82 0
41812 -24.93 -72.52 -45.11 0
42994 -30.09 -79.28 -29.72 0
42995 -30.11 -78.90 -29.76 0
42996 -30.15 -78.38 -29.79 0
42997 -30.21 -77.84 -29.83 0
42998 -30.25 -77.36 -29.89 0
43013 -29.99 -78.98 -30.04 0
43014 -29.99 -78.39 -30.18 0
43015 -30.03 -77.82 -30.25 0
43016 -30.09 -77.31 -30.26 0
43017 -30.19 -76.86 -30.21 0
43029 -29.86 -78.47 -30.49 0
43030 -29.84 -77.79 -30.72 0
43031 -29.92 -77.23 -30.68 0
43032 -30.01 -76.75 -30.64 0
43040 -29.78 -77.11 -31.07 0
43041 -29.84 -76.64 -31.07 0
43042 -29.95 -76.22 -30.98 0
43043 -30.05 -75.94 -30.88 0
43082 -28.17 -77.30 -34.93 0
43083 -28.22 -77.19 -34.79 0
43084 -28.32 -76.88 -34.58 0
43105 -25.05 -72.73 -42.87 0
43106 -25.09 -72.75 -42.70 0
43107 -25.17 -72.78 -42.44 0
43108 -28.10 -77.03 -35.11 0
43109 -28.17 -76.58 -34.96 0
43110 -28.28 -76.43 -34.70 0
43111 -28.57 -72.16 -34.78 0
43112 -28.90 -71.69 -34.25 0
43126 -25.10 -73.07 -42.84 0
43127 -25.19 -73.18 -42.55 0
43128 -25.31 -73.38 -42.23 0
43129 -27.79 -72.97 -36.19 0
43130 -28.00 -72.50 -35.82 0
43131 -28.33 -72.54 -35.17 0
43144 -25.01 -73.03 -43.36 0
43145 -25.05 -73.05 -43.09 0
43146 -25.48 -73.94 -41.90 0
43147 -27.55 -72.37 -36.74 0
43148 -27.76 -72.32 -36.33 0
43154 -24.90 -72.65 -43.87 0
43155 -24.95 -72.92 -43.70 0
43156 -25.72 -75.14 -41.65 0
43157 -25.66 -74.56 -41.59 0
43158 -26.70 -76.18 -39.14 0
43159 -26.81 -75.68 -38.69 0
43160 -26.87 -75.03 -38.40 0
43161 -26.84 -74.01 -38.35 0
43162 -27.03 -73.16 -37.85 0
43163 -27.22 -72.57 -37.43 0
43164 -27.36 -72.34 -37.13 0
43170 -24.95 -72.96 -43.85 0
43171 -25.81 -75.47 -41.51 0
43172 -25.90 -75.38 -41.20 0
43173 -26.19 -75.77 -40.49 0
43174 -26.41 -75.49 -39.79 0
43175 -26.56 -75.12 -39.27 0
43176 -26.68 -74.77 -38.87 0
43177 -26.75 -74.48 -38.63 0
43180 -26.02 -75.99 -41.05 0
43181 -26.07 -75.90 -40.89 0
44520 -25.01 -72.41 -42.89 0
44521 -25.07 -72.34 -42.62 0
44522 -25.14 -72.39 -42.41 0
44541 -25.00 -72.68 -43.06 0
44542 -25.25 -72.63 -42.16 0
44543 -25.37 -72.64 -41.79 0
44544 -27.95 -71.76 -36.03 0
44545 -28.17 -71.32 -35.69 0
44561 -25.42 -73.26 -41.85 0
44562 -25.53 -73.11 -41.48 0
44563 -27.51 -71.80 -36.89 0
44564 -27.70 -71.47 -36.55 0
44565 -27.85 -70.36 -36.43 0
44575 -24.86 -72.35 -43.94 0
44576 -24.84 -72.09 -43.68 0
44577 -25.59 -73.85 -41.53 0
44578 -25.73 -73.78 -41.13 0
44579 -25.90 -73.93 -40.71 0
44580 -26.05 -73.76 -40.29 0
44581 -26.22 -73.47 -39.81 0
44582 -26.46 -73.23 -39.18 0
44583 -26.68 -72.56 -38.63 0
44584 -26.93 -71.96 -38.08 0
44585 -27.29 -71.56 -37.35 0
44586 -27.40 -70.63 -37.24 0
44591 -25.76 -74.45 -41.26 0
44592 -25.93 -74.66 -40.86 0
44593 -26.12 -74.67 -40.33 0
44594 -26.30 -74.45 -39.80 0
44595 -26.47 -74.19 -39.31 0
44596 -26.64 -74.13 -38.87 0
44614 -24.78 -71.71 -45.15 0
45918 -24.91 -72.08 -43.20 0
45919 -24.97 -71.87 -42.87 0
45920 -25.09 -71.83 -42.44 0
45921 -25.19 -71.37 -42.04 0
45922 -25.31 -71.04 -41.66 0
45935 -25.26 -72.12 -41.99 0
45936 -25.44 -72.12 -41.51 0
45937 -25.54 -71.31 -41.12 0
45938 -25.68 -70.95 -40.71 0
45939 -25.74 -70.52 -40.53 0
45952 -24.72 -71.30 -43.84 0
45953 -25.66 -73.02 -41.11 0
45954 -25.70 -72.39 -40.88 0
45955 -25.82 -71.84 -40.51 0
45956 -25.96 -71.13 -40.12 0
45957 -26.21 -70.81 -39.54 0
45958 -26.33 -70.58 -39.28 0
45959 -27.57 -70.17 -36.97 0
45976 -24.81 -72.06 -44.13 0
45977 -24.69 -71.25 -44.09 0
45978 -25.77 -73.49 -40.91 0
45979 -25.83 -73.24 -40.71 0
45980 -25.95 -72.85 -40.35 0
45981 -26.11 -72.40 -39.89 0
45982 -26.32 -71.88 -39.38 0
45983 -26.53 -71.15 -38.91 0
45984 -26.85 -70.78 -38.27 0
45985 -27.10 -70.22 -37.83 0
45986 -27.32 -69.74 -37.47 0
45997 -24.88 -72.52 -44.52 0
45998 -24.72 -71.52 -44.43 0
46000 -24.73 -71.59 -44.72 0
46003 -24.70 -71.33 -45.02 0
46004 -24.64 -70.86 -45.31 0
47260 -24.81 -71.58 -43.43 0
47261 -24.85 -71.42 -43.18 0
47262 -24.90 -71.16 -42.88 0
47263 -24.99 -70.81 -42.53 0
47264 -25.09 -70.29 -42.15 0
47265 -25.34 -70.13 -41.49 0
47266 -25.46 -69.35 -41.15 0
47267 -25.61 -68.77 -40.79 0
47268 -25.78 -68.22 -40.42 0
47269 -25.96 -67.70 -40.06 0
47270 -26.07 -67.38 -39.87 0
47288 -24.73 -71.20 -43.65 0
47289 -25.52 -70.66 -41.06 0
47290 -25.57 -70.24 -40.92 0
47291 -25.72 -69.83 -40.57 0
47292 -25.89 -69.28 -40.19 0
47293 -26.09 -68.69 -39.81 0
47294 -26.28 -67.91 -39.46 0
47295 -26.60 -67.69 -38.90 0
47308 -24.64 -70.67 -43.91 0
47309 -25.84 -70.43 -40.32 0
47310 -25.97 -70.24 -40.04 0
47311 -26.22 -69.92 -39.51 0
47312 -26.42 -69.15 -39.17 0
47313 -26.65 -68.58 -38.77 0
47330 -24.57 -70.37 -44.22 0
47331 -24.51 -69.97 -44.34 0
47332 -26.40 -70.46 -39.16 0
47333 -26.52 -70.18 -38.92 0
47334 -26.76 -69.64 -38.51 0
47335 -27.02 -68.96 -38.09 0
47350 -24.61 -70.76 -44.43 0
47351 -24.52 -70.11 -44.48 0
47353 -24.63 -70.98 -44.68 0
47354 -24.54 -70.35 -44.69 0
47360 -24.65 -71.12 -44.85 0
47361 -24.57 -70.57 -44.97 0
47362 -24.51 -70.10 -45.31 0
48587 -24.76 -71.09 -43.43 0
48588 -24.77 -70.73 -43.25 0
48589 -24.80 -70.28 -43.01 0
48590 -24.88 -69.94 -42.69 0
48591 -24.92 -69.45 -42.50 0
48592 -25.05 -69.27 -42.12 0
48593 -25.20 -68.85 -41.72 0
48594 -25.35 -68.27 -41.37 0
48595 -25.51 -67.71 -41.01 0
48596 -25.69 -67.21 -40.62 0
48597 -25.91 -66.82 -40.19 0
48598 -26.11 -66.36 -39.82 0
48619 -24.67 -70.50 -43.60 0
48620 -24.67 -69.95 -43.40 0
48621 -24.70 -69.72 -43.22 0
48622 -26.14 -67.09 -39.74 0
48623 -26.37 -67.00 -39.33 0
48640 -24.57 -70.01 -43.85 0
48641 -24.60 -69.85 -43.67 0
48652 -24.54 -70.03 -44.05 0
48653 -24.50 -69.80 -44.23 0
48669 -24.46 -69.60 -44.43 0
48672 -24.44 -69.60 -44.75 0
48673 -24.37 -69.11 -45.06 0
48680 -24.50 -70.08 -44.86 0
48681 -24.46 -69.80 -45.05 0
49851 -24.74 -69.63 -43.05 0
49852 -24.77 -69.16 -42.90 0
49853 -24.84 -68.60 -42.63 0
49854 -24.98 -68.28 -42.24 0
49855 -25.10 -67.77 -41.92 0
49856 -25.24 -67.16 -41.60 0
49857 -25.41 -66.62 -41.21 0
49858 -25.62 -66.20 -40.78 0
49859 -25.83 -65.78 -40.37 0
49879 -24.59 -69.53 -43.59 0
49880 -24.61 -69.03 -43.41 0
49881 -24.67 -68.34 -43.09 0
49882 -24.72 -67.87 -42.89 0
49894 -24.53 -69.73 -43.97 0
49895 -24.51 -69.27 -43.87 0
49896 -24.50 -68.71 -43.75 0
49903 -24.50 -69.61 -44.08 0
49904 -24.44 -69.20 -44.25 0
49916 -24.38 -68.91 -44.56 0
49917 -24.30 -68.31 -44.79 0
49918 -24.25 -67.84 -44.99 0
49921 -24.35 -68.86 -44.84 0
49922 -24.30 -68.41 -45.06 0
51037 -24.82 -67.84 -42.62 0
51038 -24.89 -67.36 -42.42 0
51039 -25.00 -66.73 -42.15 0
51040 -25.11 -65.88 -41.88 0
51041 -25.35 -65.58 -41.34 0
51065 -24.53 -67.87 -43.47 0
51066 -24.60 -67.49 -43.20 0
51067 -24.70 -67.10 -42.90 0
51068 -24.78 -66.42 -42.65 0
51069 -24.88 -65.82 -42.40 0
51077 -24.43 -68.40 -43.96 0
51078 -24.46 -68.15 -43.75 0
51084 -24.40 -68.60 -44.17 0
51094 -24.37 -68.62 -44.37 0
51095 -24.32 -68.21 -44.54 0
51096 -24.25 -67.64 -44.75 0
52250 -24.48 -67.11 -43.51 0
52251 -24.53 -66.69 -43.32 0
52252 -24.58 -66.03 -43.14 0
52266 -24.38 -67.74 -44.01 0
52267 -24.38 -67.13 -43.86 0
52268 -24.40 -66.40 -43.68 0
52269 -24.45 -66.00 -43.49 0
52279 -24.35 -67.94 -44.20 0
52280 -24.28 -67.10 -44.26 0
52281 -24.21 -66.54 -44.43 0
52293 -24.34 -68.20 -44.35 0
52294 -24.28 -67.63 -44.46 0
52295 -24.19 -66.72 -44.68 0
53486 -24.28 -66.66 -44.13 0
53487 -24.26 -66.02 -44.10 0
53501 -24.23 -66.44 -44.28 0
156027 -25.09 -73.82 -44.64 0
156028 -25.09 -73.63 -44.83 0
156029 -25.04 -73.30 -44.88 0
156030 -25.06 -73.28 -45.03 0
156031 -25.05 -73.64 -44.55 0
156032 -25.01 -73.34 -44.63 0
156033 -24.98 -73.01 -44.82 0
156034 -24.89 -72.49 -44.81 0
156035 -24.82 -72.07 -44.86 0
156036 -24.86 -72.35 -44.73 0
156037 -24.94 -72.96 -43.96 0
156038 -24.89 -72.63 -44.09 0
156039 -24.99 -72.83 -43.20 0
156040 -24.94 -72.54 -43.30 0
